 &plot nbnd=   8, nks=    41 /
            0.500000  0.500000  0.500000
   -6.015   -1.660    4.045    4.045    6.588    9.872    9.872   13.149
            0.475000  0.475000  0.475000
   -6.033   -1.626    4.050    4.050    6.594    9.876    9.876   13.152
            0.450000  0.450000  0.450000
   -6.084   -1.525    4.065    4.065    6.612    9.888    9.888   13.160
            0.425000  0.425000  0.425000
   -6.164   -1.362    4.089    4.089    6.641    9.906    9.906   13.165
            0.400000  0.400000  0.400000
   -6.266   -1.143    4.123    4.123    6.681    9.929    9.929   13.156
            0.375000  0.375000  0.375000
   -6.383   -0.877    4.166    4.166    6.733    9.954    9.954   13.108
            0.350000  0.350000  0.350000
   -6.510   -0.570    4.218    4.218    6.795    9.975    9.975   12.986
            0.325000  0.325000  0.325000
   -6.641   -0.227    4.279    4.279    6.867    9.990    9.990   12.765
            0.300000  0.300000  0.300000
   -6.771    0.147    4.347    4.347    6.948    9.991    9.991   12.452
            0.275000  0.275000  0.275000
   -6.898    0.546    4.422    4.422    7.036    9.973    9.973   12.078
            0.250000  0.250000  0.250000
   -7.019    0.969    4.504    4.504    7.129    9.933    9.933   11.670
            0.225000  0.225000  0.225000
   -7.132    1.410    4.590    4.590    7.224    9.867    9.867   11.248
            0.200000  0.200000  0.200000
   -7.236    1.867    4.680    4.680    7.314    9.778    9.778   10.824
            0.175000  0.175000  0.175000
   -7.330    2.337    4.771    4.771    7.392    9.669    9.669   10.410
            0.150000  0.150000  0.150000
   -7.412    2.816    4.860    4.860    7.443    9.550    9.550   10.021
            0.125000  0.125000  0.125000
   -7.482    3.299    4.946    4.946    7.445    9.427    9.427    9.676
            0.100000  0.100000  0.100000
   -7.541    3.780    5.023    5.023    7.371    9.312    9.312    9.403
            0.075000  0.075000  0.075000
   -7.586    4.248    5.090    5.090    7.206    9.211    9.211    9.219
            0.050000  0.050000  0.050000
   -7.619    4.682    5.140    5.140    6.965    9.120    9.133    9.133
            0.025000  0.025000  0.025000
   -7.639    5.033    5.172    5.172    6.718    9.077    9.083    9.083
            0.000000  0.000000  0.000000
   -7.645    5.183    5.183    5.183    6.600    9.066    9.066    9.066
            0.050000  0.000000  0.000000
   -7.636    5.024    5.148    5.148    6.759    9.029    9.114    9.114
            0.100000  0.000000  0.000000
   -7.610    4.665    5.049    5.049    7.112    8.925    9.253    9.253
            0.150000  0.000000  0.000000
   -7.567    4.236    4.898    4.898    7.524    8.772    9.468    9.468
            0.200000  0.000000  0.000000
   -7.506    3.784    4.712    4.712    7.923    8.601    9.744    9.744
            0.250000  0.000000  0.000000
   -7.428    3.324    4.504    4.504    8.159    8.547   10.066   10.066
            0.300000  0.000000  0.000000
   -7.333    2.864    4.285    4.285    8.041    8.776   10.423   10.423
            0.350000  0.000000  0.000000
   -7.222    2.408    4.064    4.064    7.836    8.986   10.806   10.806
            0.400000  0.000000  0.000000
   -7.096    1.958    3.848    3.848    7.627    9.064   11.208   11.208
            0.450000  0.000000  0.000000
   -6.954    1.517    3.639    3.639    7.426    8.995   11.623   11.623
            0.500000  0.000000  0.000000
   -6.799    1.084    3.443    3.443    7.240    8.813   12.049   12.049
            0.550000  0.000000  0.000000
   -6.632    0.664    3.260    3.260    7.072    8.567   12.481   12.481
            0.600000  0.000000  0.000000
   -6.454    0.258    3.092    3.092    6.925    8.296   12.918   12.918
            0.650000  0.000000  0.000000
   -6.268   -0.131    2.942    2.942    6.800    8.023   13.357   13.357
            0.700000  0.000000  0.000000
   -6.078   -0.498    2.811    2.811    6.699    7.763   13.793   13.793
            0.750000  0.000000  0.000000
   -5.890   -0.837    2.698    2.698    6.622    7.525   14.223   14.223
            0.800000  0.000000  0.000000
   -5.711   -1.142    2.605    2.605    6.570    7.314   14.637   14.637
            0.850000  0.000000  0.000000
   -5.549   -1.401    2.532    2.532    6.542    7.135   15.023   15.023
            0.900000  0.000000  0.000000
   -5.418   -1.601    2.480    2.480    6.536    6.992   15.353   15.353
            0.950000  0.000000  0.000000
   -5.332   -1.730    2.448    2.448    6.543    6.894   15.587   15.587
            1.000000  0.000000  0.000000
   -5.301   -1.774    2.438    2.438    6.550    6.857   15.673   15.673
