Dynamical matrix file
phonons of GaAs                                                            
  2    2  2 10.4749400  0.0000000  0.0000000  0.0000000  0.0000000  0.0000000
           1  'Ga  '    63548.626894188434     
           2  'As  '    68286.860931337273     
    1    1      0.0000000000      0.0000000000      0.0000000000
    2    2     -0.2500000000      0.2500000000      0.2500000000

     Dynamical  Matrix in cartesian axes

     q = (    0.000000000   0.000000000   0.000000000 ) 

    1    1
  0.20816294  0.00000000   -0.00000000  0.00000000    0.00000000  0.00000000
 -0.00000000  0.00000000    0.20816294  0.00000000    0.00000000  0.00000000
  0.00000000  0.00000000    0.00000000  0.00000000    0.20816294  0.00000000
    1    2
 -0.20771388  0.00000000   -0.00000000  0.00000000    0.00000000  0.00000000
 -0.00000000  0.00000000   -0.20771388  0.00000000    0.00000000  0.00000000
  0.00000000  0.00000000   -0.00000000  0.00000000   -0.20771388  0.00000000
    2    1
 -0.20771388  0.00000000   -0.00000000  0.00000000    0.00000000  0.00000000
 -0.00000000  0.00000000   -0.20771388  0.00000000    0.00000000  0.00000000
  0.00000000  0.00000000   -0.00000000  0.00000000   -0.20771388  0.00000000
    2    2
  0.20664424  0.00000000    0.00000000  0.00000000    0.00000000  0.00000000
  0.00000000  0.00000000    0.20664424  0.00000000    0.00000000  0.00000000
  0.00000000  0.00000000    0.00000000  0.00000000    0.20664424  0.00000000

     Dielectric Tensor:

         11.568106239287          0.000000000000          0.000000000000
          0.000000000000         11.568106239287         -0.000000000000
          0.000000000000          0.000000000000         11.568106239287

     Effective Charges E-U: Z_{alpha}{s,beta}

     atom #    1
          2.029692085567          0.000000000000         -0.000000000000
          0.000000000000          2.029692085567          0.000000000000
         -0.000000000000          0.000000000000          2.029692085567
     atom #    2
         -2.045514462132         -0.000000000000         -0.000000000000
         -0.000000000000         -2.045514462132          0.000000000000
         -0.000000000000          0.000000000000         -2.045514462132

     Effective Charges U-E: Z_{s,alpha}{beta}

     atom #    1
      0.203043554588E+01     -0.555111512313E-16     -0.277555756156E-15
     -0.555111512313E-16      0.203043554588E+01      0.277555756156E-15
     -0.388578058619E-15      0.222044604925E-15      0.203043554588E+01
     atom #    2
     -0.204623184969E+01     -0.133226762955E-14     -0.222044604925E-14
     -0.444089209850E-15     -0.204623184969E+01      0.133226762955E-14
     -0.310862446895E-14      0.888178419700E-15     -0.204623184969E+01

     Diagonalizing the dynamical matrix

     q = (    0.000000000   0.000000000   0.000000000 ) 

 **************************************************************************
     freq (    1) =      -0.226205 [THz] =      -7.545402 [cm-1]
 ( -0.047367  0.000000  0.373464  0.000000 -0.597059  0.000000 ) 
 ( -0.047538  0.000000  0.374812  0.000000 -0.599214  0.000000 ) 
     freq (    2) =      -0.226205 [THz] =      -7.545402 [cm-1]
 (  0.689193  0.000000  0.147626  0.000000  0.037665  0.000000 ) 
 (  0.691680  0.000000  0.148159  0.000000  0.037801  0.000000 ) 
     freq (    3) =      -0.226205 [THz] =      -7.545402 [cm-1]
 (  0.144805  0.000000 -0.580457  0.000000 -0.374567  0.000000 ) 
 (  0.145328  0.000000 -0.582551  0.000000 -0.375919  0.000000 ) 
     freq (    4) =       8.261694 [THz] =     275.580441 [cm-1]
 (  0.095590  0.000000 -0.421738  0.000000 -0.592186  0.000000 ) 
 ( -0.088637  0.000000  0.391064  0.000000  0.549115  0.000000 ) 
     freq (    5) =       8.261694 [THz] =     275.580441 [cm-1]
 ( -0.393332  0.000000 -0.532320  0.000000  0.315612  0.000000 ) 
 (  0.364724  0.000000  0.493603  0.000000 -0.292656  0.000000 ) 
     freq (    6) =       8.261694 [THz] =     275.580441 [cm-1]
 ( -0.611423  0.000000  0.276510  0.000000 -0.295618  0.000000 ) 
 (  0.566952  0.000000 -0.256399  0.000000  0.274116  0.000000 ) 
 **************************************************************************
