Dynamical matrix file
phonons of GaAs                                                            
  2    2  2 10.4749400  0.0000000  0.0000000  0.0000000  0.0000000  0.0000000
           1  'Ga  '    63548.626894188434     
           2  'As  '    68286.860931337273     
    1    1      0.0000000000      0.0000000000      0.0000000000
    2    2     -0.2500000000      0.2500000000      0.2500000000

     Dynamical  Matrix in cartesian axes

     q = (    0.500000000  -0.500000000   0.500000000 ) 

    1    1
  0.22231725  0.00000000   -0.02702776  0.00000000    0.02702776  0.00000000
 -0.02702776  0.00000000    0.22231725  0.00000000   -0.02702776  0.00000000
  0.02702776  0.00000000   -0.02702776  0.00000000    0.22231725  0.00000000
    1    2
 -0.11072474  0.00000000   -0.07142967  0.00000000    0.07142967  0.00000000
 -0.07142967  0.00000000   -0.11072474  0.00000000   -0.07142967  0.00000000
  0.07142967  0.00000000   -0.07142967  0.00000000   -0.11072474  0.00000000
    2    1
 -0.11072474  0.00000000   -0.07142967  0.00000000    0.07142967  0.00000000
 -0.07142967  0.00000000   -0.11072474  0.00000000   -0.07142967  0.00000000
  0.07142967  0.00000000   -0.07142967  0.00000000   -0.11072474  0.00000000
    2    2
  0.23646397  0.00000000   -0.02417673  0.00000000    0.02417673  0.00000000
 -0.02417673  0.00000000    0.23646397  0.00000000   -0.02417673  0.00000000
  0.02417673  0.00000000   -0.02417673  0.00000000    0.23646397  0.00000000

     Dynamical  Matrix in cartesian axes

     q = (   -0.500000000   0.500000000   0.500000000 ) 

    1    1
  0.22231725  0.00000000   -0.02702776  0.00000000   -0.02702776  0.00000000
 -0.02702776  0.00000000    0.22231725  0.00000000    0.02702776  0.00000000
 -0.02702776  0.00000000    0.02702776  0.00000000    0.22231725  0.00000000
    1    2
  0.11072474  0.00000000    0.07142967  0.00000000    0.07142967  0.00000000
  0.07142967  0.00000000    0.11072474  0.00000000   -0.07142967 -0.00000000
  0.07142967  0.00000000   -0.07142967 -0.00000000    0.11072474  0.00000000
    2    1
  0.11072474 -0.00000000    0.07142967 -0.00000000    0.07142967 -0.00000000
  0.07142967 -0.00000000    0.11072474 -0.00000000   -0.07142967  0.00000000
  0.07142967 -0.00000000   -0.07142967  0.00000000    0.11072474 -0.00000000
    2    2
  0.23646397  0.00000000   -0.02417673  0.00000000   -0.02417673  0.00000000
 -0.02417673  0.00000000    0.23646397  0.00000000    0.02417673  0.00000000
 -0.02417673  0.00000000    0.02417673  0.00000000    0.23646397  0.00000000

     Dynamical  Matrix in cartesian axes

     q = (    0.500000000   0.500000000  -0.500000000 ) 

    1    1
  0.22231725  0.00000000    0.02702776  0.00000000   -0.02702776  0.00000000
  0.02702776  0.00000000    0.22231725  0.00000000   -0.02702776  0.00000000
 -0.02702776  0.00000000   -0.02702776  0.00000000    0.22231725  0.00000000
    1    2
 -0.11072474  0.00000000    0.07142967  0.00000000   -0.07142967  0.00000000
  0.07142967  0.00000000   -0.11072474  0.00000000   -0.07142967  0.00000000
 -0.07142967  0.00000000   -0.07142967  0.00000000   -0.11072474  0.00000000
    2    1
 -0.11072474  0.00000000    0.07142967  0.00000000   -0.07142967  0.00000000
  0.07142967  0.00000000   -0.11072474  0.00000000   -0.07142967  0.00000000
 -0.07142967  0.00000000   -0.07142967  0.00000000   -0.11072474  0.00000000
    2    2
  0.23646397  0.00000000    0.02417673  0.00000000   -0.02417673  0.00000000
  0.02417673  0.00000000    0.23646397  0.00000000   -0.02417673  0.00000000
 -0.02417673  0.00000000   -0.02417673  0.00000000    0.23646397  0.00000000

     Dynamical  Matrix in cartesian axes

     q = (   -0.500000000  -0.500000000  -0.500000000 ) 

    1    1
  0.22231725  0.00000000    0.02702776  0.00000000    0.02702776  0.00000000
  0.02702776  0.00000000    0.22231725  0.00000000    0.02702776  0.00000000
  0.02702776  0.00000000    0.02702776  0.00000000    0.22231725  0.00000000
    1    2
 -0.11072474  0.00000000    0.07142967  0.00000000    0.07142967  0.00000000
  0.07142967  0.00000000   -0.11072474  0.00000000    0.07142967  0.00000000
  0.07142967  0.00000000    0.07142967  0.00000000   -0.11072474  0.00000000
    2    1
 -0.11072474  0.00000000    0.07142967  0.00000000    0.07142967  0.00000000
  0.07142967  0.00000000   -0.11072474  0.00000000    0.07142967  0.00000000
  0.07142967  0.00000000    0.07142967  0.00000000   -0.11072474  0.00000000
    2    2
  0.23646397  0.00000000    0.02417673  0.00000000    0.02417673  0.00000000
  0.02417673  0.00000000    0.23646397  0.00000000    0.02417673  0.00000000
  0.02417673  0.00000000    0.02417673  0.00000000    0.23646397  0.00000000

     Diagonalizing the dynamical matrix

     q = (    0.500000000  -0.500000000   0.500000000 ) 

 **************************************************************************
     freq (    1) =       1.877549 [THz] =      62.628300 [cm-1]
 (  0.328719  0.000000  0.588097  0.000000  0.259378  0.000000 ) 
 (  0.315070  0.000000  0.563678  0.000000  0.248608  0.000000 ) 
     freq (    2) =       1.877549 [THz] =      62.628300 [cm-1]
 ( -0.489290  0.000000  0.040034  0.000000  0.529324  0.000000 ) 
 ( -0.468974  0.000000  0.038372  0.000000  0.507346  0.000000 ) 
     freq (    3) =       6.382696 [THz] =     212.903815 [cm-1]
 (  0.377585  0.000000 -0.377585  0.000000  0.377585  0.000000 ) 
 ( -0.436764  0.000000  0.436764  0.000000 -0.436764  0.000000 ) 
     freq (    4) =       7.174435 [THz] =     239.313377 [cm-1]
 (  0.449841  0.000000 -0.449841  0.000000  0.449841  0.000000 ) 
 (  0.361907  0.000000 -0.361907  0.000000  0.361907  0.000000 ) 
     freq (    5) =       7.961226 [THz] =     265.557900 [cm-1]
 (  0.576959  0.000000  0.376301  0.000000 -0.200658  0.000000 ) 
 ( -0.560185  0.000000 -0.365361  0.000000  0.194824  0.000000 ) 
     freq (    6) =       7.961226 [THz] =     265.557900 [cm-1]
 (  0.101407  0.000000 -0.448957  0.000000 -0.550365  0.000000 ) 
 ( -0.098459  0.000000  0.435905  0.000000  0.534364  0.000000 ) 
 **************************************************************************
