# energy grid [eV]     ieps_x  ieps_y  ieps_z
#
    0.000000000   10.797880296   10.797879971   10.797879905
    0.060120240   10.789301533   10.789301208   10.789301142
    0.120240481   10.772847155   10.772846831   10.772846765
    0.180360721   10.751271131   10.751270809   10.751270743
    0.240480962   10.724703791   10.724703472   10.724703405
    0.300601202   10.693264190   10.693263874   10.693263806
    0.360721443   10.657090479   10.657090167   10.657090098
    0.420841683   10.616338195   10.616337887   10.616337817
    0.480961924   10.571178271   10.571177967   10.571177896
    0.541082164   10.521794944   10.521794645   10.521794572
    0.601202405   10.468383603   10.468383309   10.468383235
    0.661322645   10.411148631   10.411148342   10.411148267
    0.721442886   10.350301280   10.350300996   10.350300920
    0.781563126   10.286057618   10.286057340   10.286057262
    0.841683367   10.218636581   10.218636309   10.218636230
    0.901803607   10.148258156   10.148257891   10.148257810
    0.961923848   10.075141717   10.075141457   10.075141375
    1.022044088    9.999504516    9.999504263    9.999504179
    1.082164329    9.921560359    9.921560112    9.921560027
    1.142284569    9.841518440    9.841518200    9.841518114
    1.202404810    9.759582364    9.759582130    9.759582042
    1.262525050    9.675949317    9.675949090    9.675949001
    1.322645291    9.590809412    9.590809191    9.590809100
    1.382765531    9.504345165    9.504344950    9.504344859
    1.442885772    9.416731119    9.416730910    9.416730818
    1.503006012    9.328133579    9.328133377    9.328133283
    1.563126253    9.238710462    9.238710266    9.238710172
    1.623246493    9.148611236    9.148611045    9.148610950
    1.683366733    9.057976941    9.057976756    9.057976660
    1.743486974    8.966940284    8.966940105    8.966940009
    1.803607214    8.875625787    8.875625613    8.875625516
    1.863727455    8.784149979    8.784149811    8.784149713
    1.923847695    8.692621634    8.692621471    8.692621373
    1.983967936    8.601142033    8.601141875    8.601141776
    2.044088176    8.509805245    8.509805092    8.509804993
    2.104208417    8.418698430    8.418698282    8.418698182
    2.164328657    8.327902145    8.327902002    8.327901903
    2.224448898    8.237490664    8.237490525    8.237490426
    2.284569138    8.147532285    8.147532151    8.147532051
    2.344689379    8.058089652    8.058089522    8.058089422
    2.404809619    7.969220057    7.969219931    7.969219831
    2.464929860    7.880975746    7.880975624    7.880975524
    2.525050100    7.793404210    7.793404092    7.793403993
    2.585170341    7.706548474    7.706548359    7.706548260
    2.645290581    7.620447362    7.620447251    7.620447152
    2.705410822    7.535135769    7.535135662    7.535135563
    2.765531062    7.450644904    7.450644800    7.450644702
    2.825651303    7.367002536    7.367002436    7.367002337
    2.885771543    7.284233217    7.284233119    7.284233022
    2.945891784    7.202358499    7.202358405    7.202358307
    3.006012024    7.121397142    7.121397051    7.121396954
    3.066132265    7.041365304    7.041365215    7.041365118
    3.126252505    6.962276723    6.962276637    6.962276541
    3.186372745    6.884142896    6.884142813    6.884142717
    3.246492986    6.806973234    6.806973153    6.806973058
    3.306613226    6.730775218    6.730775140    6.730775045
    3.366733467    6.655554545    6.655554469    6.655554375
    3.426853707    6.581315258    6.581315183    6.581315090
    3.486973948    6.508059876    6.508059804    6.508059712
    3.547094188    6.435789514    6.435789444    6.435789352
    3.607214429    6.364503990    6.364503922    6.364503831
    3.667334669    6.294201934    6.294201868    6.294201777
    3.727454910    6.224880881    6.224880817    6.224880727
    3.787575150    6.156537367    6.156537304    6.156537215
    3.847695391    6.089167010    6.089166949    6.089166861
    3.907815631    6.022764593    6.022764534    6.022764446
    3.967935872    5.957324137    5.957324080    5.957323993
    4.028056112    5.892838971    5.892838915    5.892838829
    4.088176353    5.829301796    5.829301742    5.829301657
    4.148296593    5.766704747    5.766704694    5.766704609
    4.208416834    5.705039447    5.705039395    5.705039311
    4.268537074    5.644297062    5.644297012    5.644296929
    4.328657315    5.584468350    5.584468300    5.584468218
    4.388777555    5.525543701    5.525543653    5.525543572
    4.448897796    5.467513189    5.467513142    5.467513062
    4.509018036    5.410366602    5.410366556    5.410366477
    4.569138277    5.354093484    5.354093439    5.354093360
    4.629258517    5.298683164    5.298683120    5.298683042
    4.689378758    5.244124795    5.244124752    5.244124675
    4.749498998    5.190407374    5.190407332    5.190407255
    4.809619238    5.137519775    5.137519734    5.137519658
    4.869739479    5.085450773    5.085450733    5.085450658
    4.929859719    5.034189063    5.034189024    5.034188950
    4.989979960    4.983723288    4.983723249    4.983723176
    5.050100200    4.934042050    4.934042012    4.934041940
    5.110220441    4.885133937    4.885133900    4.885133828
    5.170340681    4.836987531    4.836987495    4.836987424
    5.230460922    4.789591431    4.789591396    4.789591325
    5.290581162    4.742934261    4.742934226    4.742934156
    5.350701403    4.697004683    4.697004649    4.697004580
    5.410821643    4.651791415    4.651791381    4.651791313
    5.470941884    4.607283232    4.607283199    4.607283132
    5.531062124    4.563468985    4.563468952    4.563468885
    5.591182365    4.520337601    4.520337569    4.520337503
    5.651302605    4.477878099    4.477878068    4.477878002
    5.711422846    4.436079591    4.436079560    4.436079495
    5.771543086    4.394931291    4.394931261    4.394931197
    5.831663327    4.354422522    4.354422493    4.354422429
    5.891783567    4.314542718    4.314542689    4.314542626
    5.951903808    4.275281430    4.275281401    4.275281339
    6.012024048    4.236628331    4.236628303    4.236628241
    6.072144289    4.198573218    4.198573190    4.198573129
    6.132264529    4.161106016    4.161105989    4.161105928
    6.192384770    4.124216780    4.124216753    4.124216694
    6.252505010    4.087895698    4.087895671    4.087895612
    6.312625251    4.052133091    4.052133065    4.052133007
    6.372745491    4.016919417    4.016919391    4.016919334
    6.432865731    3.982245271    3.982245246    3.982245188
    6.492985972    3.948101384    3.948101360    3.948101303
    6.553106212    3.914478629    3.914478605    3.914478549
    6.613226453    3.881368015    3.881367991    3.881367935
    6.673346693    3.848760690    3.848760666    3.848760612
    6.733466934    3.816647944    3.816647920    3.816647866
    6.793587174    3.785021202    3.785021179    3.785021125
    6.853707415    3.753872030    3.753872008    3.753871954
    6.913827655    3.723192132    3.723192110    3.723192057
    6.973947896    3.692973348    3.692973326    3.692973273
    7.034068136    3.663207653    3.663207632    3.663207580
    7.094188377    3.633887162    3.633887140    3.633887089
    7.154308617    3.605004119    3.605004097    3.605004047
    7.214428858    3.576550904    3.576550883    3.576550833
    7.274549098    3.548520029    3.548520008    3.548519959
    7.334669339    3.520904136    3.520904116    3.520904067
    7.394789579    3.493695996    3.493695976    3.493695928
    7.454909820    3.466888509    3.466888489    3.466888441
    7.515030060    3.440474699    3.440474680    3.440474632
    7.575150301    3.414447717    3.414447698    3.414447651
    7.635270541    3.388800836    3.388800817    3.388800770
    7.695390782    3.363527451    3.363527432    3.363527385
    7.755511022    3.338621075    3.338621056    3.338621010
    7.815631263    3.314075342    3.314075323    3.314075278
    7.875751503    3.289884000    3.289883982    3.289883937
    7.935871743    3.266040913    3.266040895    3.266040851
    7.995991984    3.242540059    3.242540040    3.242539996
    8.056112224    3.219375523    3.219375505    3.219375462
    8.116232465    3.196541505    3.196541487    3.196541444
    8.176352705    3.174032308    3.174032291    3.174032248
    8.236472946    3.151842344    3.151842327    3.151842284
    8.296593186    3.129966128    3.129966111    3.129966069
    8.356713427    3.108398277    3.108398260    3.108398218
    8.416833667    3.087133509    3.087133493    3.087133451
    8.476953908    3.066166642    3.066166626    3.066166585
    8.537074148    3.045492590    3.045492574    3.045492534
    8.597194389    3.025106363    3.025106347    3.025106307
    8.657314629    3.005003064    3.005003048    3.005003009
    8.717434870    2.985177890    2.985177874    2.985177835
    8.777555110    2.965626126    2.965626110    2.965626071
    8.837675351    2.946343148    2.946343132    2.946343093
    8.897795591    2.927324418    2.927324402    2.927324364
    8.957915832    2.908565483    2.908565467    2.908565430
    9.018036072    2.890061976    2.890061960    2.890061923
    9.078156313    2.871809611    2.871809595    2.871809558
    9.138276553    2.853804182    2.853804167    2.853804130
    9.198396794    2.836041565    2.836041550    2.836041513
    9.258517034    2.818517711    2.818517696    2.818517660
    9.318637275    2.801228648    2.801228633    2.801228598
    9.378757515    2.784170481    2.784170466    2.784170431
    9.438877756    2.767339385    2.767339370    2.767339335
    9.498997996    2.750731610    2.750731595    2.750731560
    9.559118236    2.734343474    2.734343459    2.734343425
    9.619238477    2.718171366    2.718171351    2.718171317
    9.679358717    2.702211742    2.702211728    2.702211694
    9.739478958    2.686461125    2.686461111    2.686461077
    9.799599198    2.670916103    2.670916089    2.670916056
    9.859719439    2.655573328    2.655573314    2.655573281
    9.919839679    2.640429514    2.640429500    2.640429468
    9.979959920    2.625481438    2.625481424    2.625481392
   10.040080160    2.610725935    2.610725921    2.610725889
   10.100200401    2.596159900    2.596159887    2.596159855
   10.160320641    2.581780288    2.581780274    2.581780243
   10.220440882    2.567584106    2.567584093    2.567584062
   10.280561122    2.553568421    2.553568408    2.553568377
   10.340681363    2.539730353    2.539730339    2.539730309
   10.400801603    2.526067073    2.526067060    2.526067029
   10.460921844    2.512575808    2.512575795    2.512575764
   10.521042084    2.499253833    2.499253820    2.499253790
   10.581162325    2.486098476    2.486098463    2.486098434
   10.641282565    2.473107113    2.473107100    2.473107071
   10.701402806    2.460277167    2.460277154    2.460277125
   10.761523046    2.447606110    2.447606098    2.447606069
   10.821643287    2.435091460    2.435091448    2.435091419
   10.881763527    2.422730780    2.422730768    2.422730739
   10.941883768    2.410521677    2.410521665    2.410521636
   11.002004008    2.398461803    2.398461790    2.398461762
   11.062124248    2.386548850    2.386548838    2.386548810
   11.122244489    2.374780556    2.374780544    2.374780516
   11.182364729    2.363154696    2.363154684    2.363154657
   11.242484970    2.351669088    2.351669076    2.351669048
   11.302605210    2.340321587    2.340321575    2.340321548
   11.362725451    2.329110089    2.329110077    2.329110050
   11.422845691    2.318032525    2.318032514    2.318032487
   11.482965932    2.307086867    2.307086855    2.307086829
   11.543086172    2.296271120    2.296271108    2.296271082
   11.603206413    2.285583325    2.285583314    2.285583288
   11.663326653    2.275021560    2.275021548    2.275021523
   11.723446894    2.264583935    2.264583923    2.264583898
   11.783567134    2.254268594    2.254268582    2.254268557
   11.843687375    2.244073714    2.244073702    2.244073677
   11.903807615    2.233997505    2.233997494    2.233997469
   11.963927856    2.224038208    2.224038197    2.224038172
   12.024048096    2.214194095    2.214194084    2.214194059
   12.084168337    2.204463467    2.204463456    2.204463432
   12.144288577    2.194844658    2.194844647    2.194844622
   12.204408818    2.185336027    2.185336016    2.185335992
   12.264529058    2.175935965    2.175935954    2.175935930
   12.324649299    2.166642889    2.166642878    2.166642855
   12.384769539    2.157455245    2.157455234    2.157455210
   12.444889780    2.148371504    2.148371493    2.148371470
   12.505010020    2.139390165    2.139390154    2.139390131
   12.565130261    2.130509752    2.130509741    2.130509718
   12.625250501    2.121728815    2.121728805    2.121728782
   12.685370741    2.113045929    2.113045918    2.113045896
   12.745490982    2.104459693    2.104459682    2.104459659
   12.805611222    2.095968728    2.095968718    2.095968695
   12.865731463    2.087571683    2.087571672    2.087571650
   12.925851703    2.079267226    2.079267215    2.079267193
   12.985971944    2.071054049    2.071054038    2.071054017
   13.046092184    2.062930866    2.062930856    2.062930834
   13.106212425    2.054896413    2.054896403    2.054896381
   13.166332665    2.046949447    2.046949437    2.046949416
   13.226452906    2.039088746    2.039088736    2.039088715
   13.286573146    2.031313109    2.031313098    2.031313077
   13.346693387    2.023621353    2.023621342    2.023621321
   13.406813627    2.016012316    2.016012306    2.016012285
   13.466933868    2.008484857    2.008484847    2.008484827
   13.527054108    2.001037852    2.001037842    2.001037821
   13.587174349    1.993670195    1.993670185    1.993670165
   13.647294589    1.986380801    1.986380791    1.986380771
   13.707414830    1.979168599    1.979168589    1.979168569
   13.767535070    1.972032540    1.972032530    1.972032510
   13.827655311    1.964971588    1.964971578    1.964971558
   13.887775551    1.957984726    1.957984717    1.957984697
   13.947895792    1.951070955    1.951070945    1.951070926
   14.008016032    1.944229290    1.944229280    1.944229260
   14.068136273    1.937458761    1.937458752    1.937458732
   14.128256513    1.930758418    1.930758408    1.930758389
   14.188376754    1.924127322    1.924127312    1.924127293
   14.248496994    1.917564551    1.917564541    1.917564522
   14.308617234    1.911069198    1.911069188    1.911069169
   14.368737475    1.904640370    1.904640360    1.904640342
   14.428857715    1.898277188    1.898277179    1.898277160
   14.488977956    1.891978788    1.891978779    1.891978761
   14.549098196    1.885744320    1.885744310    1.885744292
   14.609218437    1.879572945    1.879572936    1.879572918
   14.669338677    1.873463840    1.873463831    1.873463813
   14.729458918    1.867416194    1.867416185    1.867416167
   14.789579158    1.861429208    1.861429199    1.861429181
   14.849699399    1.855502097    1.855502088    1.855502070
   14.909819639    1.849634087    1.849634078    1.849634060
   14.969939880    1.843824417    1.843824408    1.843824391
   15.030060120    1.838072338    1.838072329    1.838072311
   15.090180361    1.832377111    1.832377102    1.832377085
   15.150300601    1.826738011    1.826738002    1.826737985
   15.210420842    1.821154322    1.821154313    1.821154296
   15.270541082    1.815625340    1.815625331    1.815625314
   15.330661323    1.810150372    1.810150363    1.810150346
   15.390781563    1.804728735    1.804728726    1.804728709
   15.450901804    1.799359757    1.799359748    1.799359732
   15.511022044    1.794042777    1.794042768    1.794042752
   15.571142285    1.788777142    1.788777133    1.788777117
   15.631262525    1.783562211    1.783562202    1.783562186
   15.691382766    1.778397352    1.778397343    1.778397327
   15.751503006    1.773281941    1.773281933    1.773281917
   15.811623246    1.768215367    1.768215358    1.768215342
   15.871743487    1.763197024    1.763197016    1.763197000
   15.931863727    1.758226319    1.758226310    1.758226294
   15.991983968    1.753302664    1.753302656    1.753302640
   16.052104208    1.748425484    1.748425475    1.748425460
   16.112224449    1.743594208    1.743594200    1.743594184
   16.172344689    1.738808278    1.738808270    1.738808255
   16.232464930    1.734067142    1.734067133    1.734067118
   16.292585170    1.729370255    1.729370247    1.729370231
   16.352705411    1.724717082    1.724717074    1.724717059
   16.412825651    1.720107096    1.720107087    1.720107072
   16.472945892    1.715539776    1.715539767    1.715539752
   16.533066132    1.711014609    1.711014601    1.711014586
   16.593186373    1.706531092    1.706531084    1.706531069
   16.653306613    1.702088727    1.702088719    1.702088704
   16.713426854    1.697687023    1.697687014    1.697687000
   16.773547094    1.693325496    1.693325488    1.693325474
   16.833667335    1.689003672    1.689003664    1.689003649
   16.893787575    1.684721080    1.684721072    1.684721058
   16.953907816    1.680477258    1.680477250    1.680477236
   17.014028056    1.676271751    1.676271743    1.676271729
   17.074148297    1.672104108    1.672104100    1.672104086
   17.134268537    1.667973887    1.667973879    1.667973865
   17.194388778    1.663880651    1.663880643    1.663880629
   17.254509018    1.659823969    1.659823961    1.659823948
   17.314629259    1.655803418    1.655803411    1.655803397
   17.374749499    1.651818580    1.651818572    1.651818558
   17.434869739    1.647869040    1.647869032    1.647869019
   17.494989980    1.643954394    1.643954386    1.643954373
   17.555110220    1.640074240    1.640074232    1.640074219
   17.615230461    1.636228183    1.636228176    1.636228162
   17.675350701    1.632415833    1.632415826    1.632415812
   17.735470942    1.628636807    1.628636799    1.628636786
   17.795591182    1.624890724    1.624890716    1.624890703
   17.855711423    1.621177211    1.621177203    1.621177190
   17.915831663    1.617495900    1.617495892    1.617495879
   17.975951904    1.613846427    1.613846420    1.613846407
   18.036072144    1.610228435    1.610228427    1.610228414
   18.096192385    1.606641569    1.606641561    1.606641548
   18.156312625    1.603085480    1.603085473    1.603085460
   18.216432866    1.599559826    1.599559818    1.599559806
   18.276553106    1.596064266    1.596064259    1.596064246
   18.336673347    1.592598467    1.592598460    1.592598447
   18.396793587    1.589162098    1.589162091    1.589162078
   18.456913828    1.585754834    1.585754826    1.585754814
   18.517034068    1.582376353    1.582376346    1.582376333
   18.577154309    1.579026339    1.579026332    1.579026320
   18.637274549    1.575704480    1.575704472    1.575704460
   18.697394790    1.572410466    1.572410459    1.572410446
   18.757515030    1.569143994    1.569143987    1.569143975
   18.817635271    1.565904764    1.565904757    1.565904745
   18.877755511    1.562692479    1.562692472    1.562692460
   18.937875752    1.559506848    1.559506841    1.559506829
   18.997995992    1.556347581    1.556347574    1.556347562
   19.058116232    1.553214395    1.553214388    1.553214376
   19.118236473    1.550107009    1.550107002    1.550106990
   19.178356713    1.547025146    1.547025138    1.547025127
   19.238476954    1.543968531    1.543968524    1.543968513
   19.298597194    1.540936897    1.540936890    1.540936878
   19.358717435    1.537929975    1.537929968    1.537929957
   19.418837675    1.534947504    1.534947497    1.534947485
   19.478957916    1.531989224    1.531989217    1.531989205
   19.539078156    1.529054879    1.529054872    1.529054860
   19.599198397    1.526144216    1.526144209    1.526144197
   19.659318637    1.523256986    1.523256979    1.523256968
   19.719438878    1.520392942    1.520392936    1.520392924
   19.779559118    1.517551843    1.517551836    1.517551825
   19.839679359    1.514733447    1.514733440    1.514733429
   19.899799599    1.511937518    1.511937511    1.511937500
   19.959919840    1.509163821    1.509163815    1.509163804
   20.020040080    1.506412128    1.506412121    1.506412110
   20.080160321    1.503682208    1.503682201    1.503682190
   20.140280561    1.500973838    1.500973831    1.500973820
   20.200400802    1.498286795    1.498286788    1.498286777
   20.260521042    1.495620859    1.495620853    1.495620842
   20.320641283    1.492975816    1.492975809    1.492975798
   20.380761523    1.490351449    1.490351442    1.490351432
   20.440881764    1.487747549    1.487747542    1.487747532
   20.501002004    1.485163906    1.485163900    1.485163889
   20.561122244    1.482600315    1.482600309    1.482600298
   20.621242485    1.480056573    1.480056567    1.480056556
   20.681362725    1.477532479    1.477532472    1.477532462
   20.741482966    1.475027833    1.475027827    1.475027817
   20.801603206    1.472542442    1.472542435    1.472542425
   20.861723447    1.470076110    1.470076103    1.470076093
   20.921843687    1.467628647    1.467628641    1.467628630
   20.981963928    1.465199865    1.465199858    1.465199848
   21.042084168    1.462789576    1.462789570    1.462789560
   21.102204409    1.460397597    1.460397591    1.460397581
   21.162324649    1.458023746    1.458023740    1.458023730
   21.222444890    1.455667844    1.455667837    1.455667827
   21.282565130    1.453329712    1.453329706    1.453329696
   21.342685371    1.451009176    1.451009169    1.451009159
   21.402805611    1.448706062    1.448706055    1.448706046
   21.462925852    1.446420199    1.446420193    1.446420183
   21.523046092    1.444151418    1.444151412    1.444151403
   21.583166333    1.441899553    1.441899547    1.441899537
   21.643286573    1.439664438    1.439664432    1.439664423
   21.703406814    1.437445911    1.437445905    1.437445895
   21.763527054    1.435243809    1.435243803    1.435243794
   21.823647295    1.433057975    1.433057969    1.433057959
   21.883767535    1.430888251    1.430888244    1.430888235
   21.943887776    1.428734481    1.428734475    1.428734465
   22.004008016    1.426596512    1.426596506    1.426596496
   22.064128257    1.424474192    1.424474186    1.424474176
   22.124248497    1.422367371    1.422367365    1.422367356
   22.184368737    1.420275902    1.420275896    1.420275887
   22.244488978    1.418199638    1.418199632    1.418199622
   22.304609218    1.416138433    1.416138427    1.416138418
   22.364729459    1.414092146    1.414092140    1.414092130
   22.424849699    1.412060634    1.412060628    1.412060619
   22.484969940    1.410043758    1.410043752    1.410043743
   22.545090180    1.408041380    1.408041374    1.408041365
   22.605210421    1.406053364    1.406053358    1.406053349
   22.665330661    1.404079574    1.404079568    1.404079559
   22.725450902    1.402119878    1.402119872    1.402119863
   22.785571142    1.400174143    1.400174137    1.400174128
   22.845691383    1.398242239    1.398242233    1.398242224
   22.905811623    1.396324037    1.396324031    1.396324023
   22.965931864    1.394419411    1.394419405    1.394419397
   23.026052104    1.392528234    1.392528228    1.392528220
   23.086172345    1.390650382    1.390650376    1.390650367
   23.146292585    1.388785732    1.388785726    1.388785717
   23.206412826    1.386934161    1.386934156    1.386934147
   23.266533066    1.385095551    1.385095546    1.385095537
   23.326653307    1.383269783    1.383269777    1.383269768
   23.386773547    1.381456737    1.381456732    1.381456723
   23.446893788    1.379656300    1.379656294    1.379656286
   23.507014028    1.377868354    1.377868349    1.377868340
   23.567134269    1.376092788    1.376092783    1.376092774
   23.627254509    1.374329488    1.374329483    1.374329475
   23.687374749    1.372578344    1.372578339    1.372578331
   23.747494990    1.370839246    1.370839240    1.370839232
   23.807615230    1.369112085    1.369112079    1.369112071
   23.867735471    1.367396753    1.367396748    1.367396739
   23.927855711    1.365693145    1.365693139    1.365693131
   23.987975952    1.364001155    1.364001150    1.364001142
   24.048096192    1.362320680    1.362320675    1.362320666
   24.108216433    1.360651617    1.360651611    1.360651603
   24.168336673    1.358993863    1.358993858    1.358993850
   24.228456914    1.357347320    1.357347314    1.357347306
   24.288577154    1.355711886    1.355711881    1.355711873
   24.348697395    1.354087465    1.354087460    1.354087452
   24.408817635    1.352473958    1.352473953    1.352473945
   24.468937876    1.350871270    1.350871265    1.350871257
   24.529058116    1.349279305    1.349279300    1.349279292
   24.589178357    1.347697970    1.347697964    1.347697957
   24.649298597    1.346127170    1.346127165    1.346127157
   24.709418838    1.344566815    1.344566810    1.344566802
   24.769539078    1.343016813    1.343016808    1.343016800
   24.829659319    1.341477073    1.341477068    1.341477060
   24.889779559    1.339947508    1.339947502    1.339947495
   24.949899800    1.338428028    1.338428022    1.338428015
   25.010020040    1.336918546    1.336918540    1.336918533
   25.070140281    1.335418976    1.335418970    1.335418963
   25.130260521    1.333929232    1.333929227    1.333929220
   25.190380762    1.332449231    1.332449226    1.332449218
   25.250501002    1.330978888    1.330978883    1.330978875
   25.310621242    1.329518121    1.329518115    1.329518108
   25.370741483    1.328066847    1.328066842    1.328066835
   25.430861723    1.326624987    1.326624982    1.326624974
   25.490981964    1.325192459    1.325192454    1.325192446
   25.551102204    1.323769184    1.323769179    1.323769172
   25.611222445    1.322355085    1.322355080    1.322355073
   25.671342685    1.320950083    1.320950078    1.320950071
   25.731462926    1.319554102    1.319554097    1.319554089
   25.791583166    1.318167065    1.318167060    1.318167053
   25.851703407    1.316788897    1.316788892    1.316788885
   25.911823647    1.315419524    1.315419519    1.315419512
   25.971943888    1.314058872    1.314058867    1.314058860
   26.032064128    1.312706868    1.312706864    1.312706856
   26.092184369    1.311363441    1.311363436    1.311363429
   26.152304609    1.310028518    1.310028513    1.310028506
   26.212424850    1.308702028    1.308702023    1.308702016
   26.272545090    1.307383903    1.307383898    1.307383891
   26.332665331    1.306074072    1.306074067    1.306074060
   26.392785571    1.304772467    1.304772463    1.304772456
   26.452905812    1.303479021    1.303479016    1.303479009
   26.513026052    1.302193666    1.302193661    1.302193654
   26.573146293    1.300916335    1.300916330    1.300916323
   26.633266533    1.299646963    1.299646958    1.299646951
   26.693386774    1.298385484    1.298385479    1.298385473
   26.753507014    1.297131835    1.297131830    1.297131823
   26.813627255    1.295885951    1.295885946    1.295885939
   26.873747495    1.294647769    1.294647764    1.294647758
   26.933867735    1.293417227    1.293417222    1.293417215
   26.993987976    1.292194262    1.292194257    1.292194251
   27.054108216    1.290978814    1.290978809    1.290978802
   27.114228457    1.289770821    1.289770816    1.289770810
   27.174348697    1.288570224    1.288570219    1.288570213
   27.234468938    1.287376963    1.287376958    1.287376952
   27.294589178    1.286190979    1.286190974    1.286190968
   27.354709419    1.285012214    1.285012209    1.285012202
   27.414829659    1.283840610    1.283840605    1.283840598
   27.474949900    1.282676109    1.282676105    1.282676098
   27.535070140    1.281518656    1.281518652    1.281518645
   27.595190381    1.280368195    1.280368190    1.280368184
   27.655310621    1.279224669    1.279224664    1.279224658
   27.715430862    1.278088023    1.278088019    1.278088013
   27.775551102    1.276958205    1.276958200    1.276958194
   27.835671343    1.275835158    1.275835154    1.275835147
   27.895791583    1.274718831    1.274718826    1.274718820
   27.955911824    1.273609170    1.273609165    1.273609159
   28.016032064    1.272506123    1.272506118    1.272506112
   28.076152305    1.271409637    1.271409633    1.271409627
   28.136272545    1.270319663    1.270319659    1.270319652
   28.196392786    1.269236149    1.269236144    1.269236138
   28.256513026    1.268159044    1.268159039    1.268159033
   28.316633267    1.267088299    1.267088294    1.267088288
   28.376753507    1.266023864    1.266023860    1.266023853
   28.436873747    1.264965691    1.264965686    1.264965680
   28.496993988    1.263913730    1.263913726    1.263913720
   28.557114228    1.262867935    1.262867931    1.262867925
   28.617234469    1.261828257    1.261828253    1.261828247
   28.677354709    1.260794650    1.260794646    1.260794640
   28.737474950    1.259767067    1.259767062    1.259767056
   28.797595190    1.258745461    1.258745457    1.258745451
   28.857715431    1.257729787    1.257729783    1.257729777
   28.917835671    1.256720000    1.256719996    1.256719990
   28.977955912    1.255716055    1.255716051    1.255716045
   29.038076152    1.254717907    1.254717902    1.254717897
   29.098196393    1.253725512    1.253725508    1.253725502
   29.158316633    1.252738827    1.252738823    1.252738817
   29.218436874    1.251757808    1.251757804    1.251757798
   29.278557114    1.250782413    1.250782409    1.250782403
   29.338677355    1.249812599    1.249812595    1.249812589
   29.398797595    1.248848325    1.248848320    1.248848315
   29.458917836    1.247889547    1.247889543    1.247889538
   29.519038076    1.246936227    1.246936223    1.246936217
   29.579158317    1.245988321    1.245988317    1.245988312
   29.639278557    1.245045791    1.245045787    1.245045781
   29.699398798    1.244108596    1.244108592    1.244108586
   29.759519038    1.243176696    1.243176691    1.243176686
   29.819639279    1.242250051    1.242250047    1.242250041
   29.879759519    1.241328624    1.241328619    1.241328614
   29.939879760    1.240412374    1.240412370    1.240412364
   30.000000000    1.239501264    1.239501260    1.239501255
