# energy grid [eV]  eels components [arbitrary units]
#
    0.200000000    0.000000000    0.000000000    0.000000000
    0.207178631    0.000000000    0.000000000    0.000000000
    0.214357262    0.000000000    0.000000000    0.000000000
    0.221535893    0.000000000    0.000000000    0.000000000
    0.228714524    0.000000000    0.000000000    0.000000000
    0.235893155    0.000000000    0.000000000    0.000000000
    0.243071786    0.000000000    0.000000000    0.000000000
    0.250250417    0.000000000    0.000000000    0.000000000
    0.257429048    0.000000000    0.000000000    0.000000000
    0.264607679    0.000000000    0.000000000    0.000000000
    0.271786311    0.000000000    0.000000000    0.000000000
    0.278964942    0.000000000    0.000000000    0.000000000
    0.286143573    0.000000000    0.000000000    0.000000000
    0.293322204    0.000000000    0.000000000    0.000000000
    0.300500835    0.000000000    0.000000000    0.000000000
    0.307679466    0.000000000    0.000000000    0.000000000
    0.314858097    0.000000000    0.000000000    0.000000000
    0.322036728    0.000000000    0.000000000    0.000000000
    0.329215359    0.000000000    0.000000000    0.000000000
    0.336393990    0.000000000    0.000000000    0.000000000
    0.343572621    0.000000000    0.000000000    0.000000000
    0.350751252    0.000000000    0.000000000    0.000000000
    0.357929883    0.000000000    0.000000000    0.000000000
    0.365108514    0.000000000    0.000000000    0.000000000
    0.372287145    0.000000000    0.000000000    0.000000000
    0.379465776    0.000000000    0.000000000    0.000000000
    0.386644407    0.000000000    0.000000000    0.000000000
    0.393823038    0.000000000    0.000000000    0.000000000
    0.401001669    0.000000000    0.000000000    0.000000000
    0.408180301    0.000000000    0.000000000    0.000000000
    0.415358932    0.000000000    0.000000000    0.000000000
    0.422537563    0.000000001    0.000000001    0.000000001
    0.429716194    0.000000005    0.000000004    0.000000003
    0.436894825    0.000000023    0.000000017    0.000000012
    0.444073456    0.000000092    0.000000068    0.000000049
    0.451252087    0.000000328    0.000000242    0.000000175
    0.458430718    0.000001048    0.000000764    0.000000557
    0.465609349    0.000002997    0.000002159    0.000001589
    0.472787980    0.000007692    0.000005456    0.000004056
    0.479966611    0.000017743    0.000012330    0.000009274
    0.487145242    0.000036890    0.000024945    0.000019010
    0.494323873    0.000069434    0.000045231    0.000034993
    0.501502504    0.000119018    0.000073638    0.000057994
    0.508681135    0.000187338    0.000107962    0.000086933
    0.515859766    0.000273709    0.000143267    0.000118861
    0.523038397    0.000376039    0.000173568    0.000150526
    0.530217028    0.000491578    0.000194351    0.000181104
    0.537395659    0.000615785    0.000204505    0.000214586
    0.544574290    0.000742510    0.000207150    0.000260272
    0.551752922    0.000866388    0.000207586    0.000329484
    0.558931553    0.000981791    0.000209720    0.000428582
    0.566110184    0.001074421    0.000213888    0.000551527
    0.573288815    0.001137106    0.000218071    0.000678815
    0.580467446    0.001176673    0.000220602    0.000785124
    0.587646077    0.001193034    0.000222024    0.000848625
    0.594824708    0.001185352    0.000226727    0.000854672
    0.602003339    0.001160999    0.000241774    0.000808592
    0.609181970    0.001127140    0.000273280    0.000739689
    0.616360601    0.001076874    0.000323251    0.000676135
    0.623539232    0.001005591    0.000388573    0.000633965
    0.630717863    0.000921324    0.000461478    0.000616828
    0.637896494    0.000828964    0.000529641    0.000616265
    0.645075125    0.000729779    0.000577900    0.000618780
    0.652253756    0.000627627    0.000594585    0.000612516
    0.659432387    0.000527648    0.000576986    0.000590532
    0.666611018    0.000433752    0.000528171    0.000550712
    0.673789649    0.000353440    0.000461380    0.000500179
    0.680968280    0.000297751    0.000397465    0.000455921
    0.688146912    0.000274702    0.000351452    0.000433136
    0.695325543    0.000284751    0.000327238    0.000437477
    0.702504174    0.000319261    0.000318883    0.000463520
    0.709682805    0.000362536    0.000314774    0.000496727
    0.716861436    0.000397051    0.000304388    0.000519806
    0.724040067    0.000409123    0.000282531    0.000520030
    0.731218698    0.000392488    0.000248756    0.000491910
    0.738397329    0.000350687    0.000206627    0.000436532
    0.745575960    0.000294018    0.000163323    0.000364489
    0.752754591    0.000235193    0.000128012    0.000294273
    0.759933222    0.000184473    0.000108670    0.000243647
    0.767111853    0.000147777    0.000109464    0.000223991
    0.774290484    0.000126264    0.000129017    0.000236780
    0.781469115    0.000116687    0.000160200    0.000272885
    0.788647746    0.000113098    0.000192142    0.000316165
    0.795826377    0.000109243    0.000214234    0.000350397
    0.803005008    0.000100995    0.000220264    0.000365806
    0.810183639    0.000087621    0.000210456    0.000361583
    0.817362270    0.000071578    0.000192000    0.000347068
    0.824540902    0.000056798    0.000174485    0.000333711
    0.831719533    0.000046857    0.000164483    0.000326201
    0.838898164    0.000044302    0.000163635    0.000320979
    0.846076795    0.000051119    0.000169956    0.000310144
    0.853255426    0.000069552    0.000180540    0.000288096
    0.860434057    0.000102263    0.000193274    0.000256748
    0.867612688    0.000151375    0.000206646    0.000224085
    0.874791319    0.000216852    0.000218627    0.000198884
    0.881969950    0.000295112    0.000226204    0.000185957
    0.889148581    0.000378387    0.000226063    0.000184912
    0.896327212    0.000455033    0.000216727    0.000191899
    0.903505843    0.000513984    0.000200325    0.000203039
    0.910684474    0.000547930    0.000181087    0.000216572
    0.917863105    0.000555281    0.000163891    0.000233021
    0.925041736    0.000542158    0.000153013    0.000254104
    0.932220367    0.000519204    0.000151592    0.000281002
    0.939398998    0.000497840    0.000161531    0.000313614
    0.946577629    0.000483097    0.000183056    0.000351101
    0.953756260    0.000472137    0.000214214    0.000393532
    0.960934891    0.000457933    0.000250619    0.000442922
    0.968113523    0.000435412    0.000286260    0.000502671
    0.975292154    0.000404717    0.000315509    0.000575550
    0.982470785    0.000369761    0.000334736    0.000660438
    0.989649416    0.000337924    0.000343540    0.000749718
    0.996828047    0.000317251    0.000346327    0.000828904
    1.004006678    0.000313411    0.000350993    0.000885927
    1.011185309    0.000328796    0.000365507    0.000911940
    1.018363940    0.000363145    0.000395882    0.000900039
    1.025542571    0.000412921    0.000444009    0.000852232
    1.032721202    0.000469634    0.000505587    0.000777293
    1.039899833    0.000520815    0.000570621    0.000692200
    1.047078464    0.000553474    0.000625824    0.000613221
    1.054257095    0.000556968    0.000658033    0.000549894
    1.061435726    0.000527289    0.000657160    0.000507751
    1.068614357    0.000476068    0.000625383    0.000489383
    1.075792988    0.000422935    0.000575527    0.000493181
    1.082971619    0.000384910    0.000520329    0.000513050
    1.090150250    0.000371791    0.000468111    0.000540416
    1.097328881    0.000384682    0.000421575    0.000566335
    1.104507513    0.000418119    0.000381967    0.000585635
    1.111686144    0.000461348    0.000350472    0.000596623
    1.118864775    0.000500958    0.000327077    0.000598219
    1.126043406    0.000525224    0.000310114    0.000588511
    1.133222037    0.000525970    0.000296756    0.000564905
    1.140400668    0.000501380    0.000284052    0.000525706
    1.147579299    0.000459678    0.000271135    0.000475405
    1.154757930    0.000416386    0.000259770    0.000423971
    1.161936561    0.000385962    0.000252625    0.000380986
    1.169115192    0.000376947    0.000252202    0.000353141
    1.176293823    0.000390565    0.000260877    0.000344043
    1.183472454    0.000422185    0.000280664    0.000354870
    1.190651085    0.000463302    0.000312175    0.000384273
    1.197829716    0.000503066    0.000353104    0.000427533
    1.205008347    0.000531305    0.000398117    0.000476547
    1.212186978    0.000540673    0.000439312    0.000520822
    1.219365609    0.000530340    0.000469022    0.000552795
    1.226544240    0.000504581    0.000481838    0.000569621
    1.233722871    0.000471421    0.000476843    0.000571996
    1.240901503    0.000440741    0.000457272    0.000564016
    1.248080134    0.000420997    0.000429169    0.000550841
    1.255258765    0.000417788    0.000400671    0.000536719
    1.262437396    0.000434185    0.000379331    0.000524704
    1.269616027    0.000469138    0.000369099    0.000515447
    1.276794658    0.000517192    0.000371312    0.000509458
    1.283973289    0.000570491    0.000385577    0.000509592
    1.291151920    0.000618822    0.000408467    0.000516260
    1.298330551    0.000651326    0.000433956    0.000525959
    1.305509182    0.000661225    0.000455213    0.000533751
    1.312687813    0.000649042    0.000465845    0.000534780
    1.319866444    0.000623420    0.000462892    0.000527577
    1.327045075    0.000597891    0.000448139    0.000516771
    1.334223706    0.000583566    0.000426584    0.000508543
    1.341402337    0.000584663    0.000404246    0.000505947
    1.348580968    0.000598403    0.000386722    0.000510099
    1.355759599    0.000619600    0.000378413    0.000522967
    1.362938230    0.000644553    0.000381548    0.000546683
    1.370116861    0.000672164    0.000396942    0.000582527
    1.377295492    0.000706522    0.000424520    0.000630996
    1.384474124    0.000751515    0.000463284    0.000689229
    1.391652755    0.000803227    0.000510126    0.000748542
    1.398831386    0.000850424    0.000559024    0.000797379
    1.406010017    0.000880865    0.000602734    0.000827123
    1.413188648    0.000887303    0.000634979    0.000836695
    1.420367279    0.000873528    0.000651838    0.000835856
    1.427545910    0.000851340    0.000652402    0.000840410
    1.434724541    0.000835593    0.000642945    0.000866228
    1.441903172    0.000838660    0.000633904    0.000921577
    1.449081803    0.000863961    0.000633857    0.001005591
    1.456260434    0.000907362    0.000647695    0.001110901
    1.463439065    0.000961218    0.000676234    0.001229748
    1.470617696    0.001013628    0.000717948    0.001354043
    1.477796327    0.001055187    0.000767615    0.001466385
    1.484974958    0.001084363    0.000816666    0.001552811
    1.492153589    0.001102803    0.000856837    0.001605562
    1.499332220    0.001109756    0.000882672    0.001616214
    1.506510851    0.001106721    0.000891521    0.001578798
    1.513689482    0.001096623    0.000883183    0.001494604
    1.520868114    0.001083200    0.000861938    0.001390595
    1.528046745    0.001069171    0.000832310    0.001294317
    1.535225376    0.001054677    0.000796961    0.001227076
    1.542404007    0.001045757    0.000760462    0.001199835
    1.549582638    0.001048151    0.000729018    0.001206805
    1.556761269    0.001063915    0.000709638    0.001231145
    1.563939900    0.001088198    0.000708664    0.001250181
    1.571118531    0.001115151    0.000730527    0.001251645
    1.578297162    0.001141740    0.000772594    0.001232176
    1.585475793    0.001163769    0.000823801    0.001192853
    1.592654424    0.001175161    0.000868684    0.001141818
    1.599833055    0.001172752    0.000893810    0.001089261
    1.607011686    0.001155161    0.000891803    0.001042007
    1.614190317    0.001124012    0.000865532    0.001007647
    1.621368948    0.001087877    0.000827545    0.000992600
    1.628547579    0.001055516    0.000792511    0.000996054
    1.635726210    0.001030320    0.000769021    0.001007966
    1.642904841    0.001012924    0.000758457    0.001017198
    1.650083472    0.001003120    0.000758642    0.001018489
    1.657262104    0.000995873    0.000764157    0.001009160
    1.664440735    0.000987240    0.000769506    0.000994706
    1.671619366    0.000979492    0.000773039    0.000986711
    1.678797997    0.000974706    0.000776060    0.000993457
    1.685976628    0.000973854    0.000781759    0.001017612
    1.693155259    0.000981142    0.000795505    0.001054485
    1.700333890    0.001001869    0.000819780    0.001095313
    1.707512521    0.001043685    0.000854675    0.001137249
    1.714691152    0.001109070    0.000896345    0.001177223
    1.721869783    0.001188597    0.000937007    0.001209011
    1.729048414    0.001267295    0.000972256    0.001230598
    1.736227045    0.001326289    0.001000061    0.001239869
    1.743405676    0.001348587    0.001017696    0.001232014
    1.750584307    0.001324336    0.001024836    0.001204034
    1.757762938    0.001259831    0.001021919    0.001158702
    1.764941569    0.001178726    0.001010670    0.001105445
    1.772120200    0.001105030    0.000994946    0.001056293
    1.779298831    0.001055583    0.000977917    0.001025211
    1.786477462    0.001035285    0.000958813    0.001019767
    1.793656093    0.001039420    0.000939253    0.001037088
    1.800834725    0.001056158    0.000921344    0.001066362
    1.808013356    0.001070677    0.000906405    0.001093436
    1.815191987    0.001073660    0.000897082    0.001106525
    1.822370618    0.001063254    0.000893662    0.001102732
    1.829549249    0.001041306    0.000891887    0.001084558
    1.836727880    0.001012607    0.000886944    0.001060194
    1.843906511    0.000981038    0.000875437    0.001037344
    1.851085142    0.000950285    0.000856945    0.001019488
    1.858263773    0.000920175    0.000831012    0.001004662
    1.865442404    0.000891875    0.000799225    0.000992446
    1.872621035    0.000868047    0.000766724    0.000988320
    1.879799666    0.000847381    0.000737065    0.000994778
    1.886978297    0.000832006    0.000714897    0.001012120
    1.894156928    0.000827190    0.000706174    0.001039174
    1.901335559    0.000834928    0.000713156    0.001069917
    1.908514190    0.000852281    0.000731559    0.001095395
    1.915692821    0.000872565    0.000753230    0.001108517
    1.922871452    0.000888824    0.000770329    0.001106448
    1.930050083    0.000893505    0.000776999    0.001089951
    1.937228715    0.000882099    0.000772351    0.001064901
    1.944407346    0.000860542    0.000763448    0.001045501
    1.951585977    0.000839007    0.000761180    0.001044605
    1.958764608    0.000828121    0.000775526    0.001068165
    1.965943239    0.000833379    0.000810818    0.001112669
    1.973121870    0.000852337    0.000864503    0.001166413
    1.980300501    0.000880067    0.000930450    0.001216088
    1.987479132    0.000910112    0.000997308    0.001244540
    1.994657763    0.000936391    0.001052153    0.001240116
    2.001836394    0.000955955    0.001084419    0.001206805
    2.009015025    0.000969553    0.001089676    0.001158123
    2.016193656    0.000982306    0.001070892    0.001109242
    2.023372287    0.000997197    0.001034538    0.001069128
    2.030550918    0.001013917    0.000988397    0.001043299
    2.037729549    0.001030933    0.000943525    0.001035353
    2.044908180    0.001048014    0.000910347    0.001044321
    2.052086811    0.001067007    0.000893121    0.001063173
    2.059265442    0.001087451    0.000889055    0.001082426
    2.066444073    0.001106242    0.000891275    0.001094801
    2.073622705    0.001119007    0.000891530    0.001096113
    2.080801336    0.001124196    0.000885524    0.001084393
    2.087979967    0.001121149    0.000873195    0.001061155
    2.095158598    0.001107138    0.000859155    0.001035078
    2.102337229    0.001084285    0.000850965    0.001016542
    2.109515860    0.001061570    0.000853589    0.001010929
    2.116694491    0.001048814    0.000866773    0.001018634
    2.123873122    0.001053542    0.000887404    0.001037447
    2.131051753    0.001078161    0.000910921    0.001064261
    2.138230384    0.001120281    0.000929761    0.001092994
    2.145409015    0.001174905    0.000937341    0.001118028
    2.152587646    0.001238857    0.000933838    0.001140326
    2.159766277    0.001305227    0.000922130    0.001159676
    2.166944908    0.001362065    0.000905761    0.001170713
    2.174123539    0.001401827    0.000890402    0.001173997
    2.181302170    0.001418452    0.000881623    0.001173519
    2.188480801    0.001409658    0.000881215    0.001168675
    2.195659432    0.001379353    0.000887685    0.001157155
    2.202838063    0.001338869    0.000897934    0.001141651
    2.210016694    0.001295930    0.000907954    0.001125600
    2.217195326    0.001257192    0.000911034    0.001110103
    2.224373957    0.001229148    0.000905098    0.001094713
    2.231552588    0.001214700    0.000893118    0.001080075
    2.238731219    0.001211305    0.000878371    0.001066270
    2.245909850    0.001213320    0.000864976    0.001052114
    2.253088481    0.001217444    0.000858220    0.001040809
    2.260267112    0.001220485    0.000861251    0.001037907
    2.267445743    0.001222181    0.000871185    0.001046589
    2.274624374    0.001227543    0.000884583    0.001069102
    2.281803005    0.001237062    0.000898507    0.001105119
    2.288981636    0.001255459    0.000910807    0.001154192
    2.296160267    0.001289131    0.000925020    0.001214707
    2.303338898    0.001336636    0.000946550    0.001279263
    2.310517529    0.001391726    0.000975821    0.001338227
    2.317696160    0.001446948    0.001010226    0.001387479
    2.324874791    0.001496946    0.001047242    0.001426669
    2.332053422    0.001532430    0.001084275    0.001453160
    2.339232053    0.001546944    0.001121190    0.001475628
    2.346410684    0.001544097    0.001159685    0.001507933
    2.353589316    0.001528811    0.001201916    0.001556126
    2.360767947    0.001504284    0.001252840    0.001617930
    2.367946578    0.001472737    0.001315223    0.001678000
    2.375125209    0.001442262    0.001386799    0.001720733
    2.382303840    0.001422521    0.001459699    0.001740842
    2.389482471    0.001413146    0.001519628    0.001731795
    2.396661102    0.001414326    0.001562052    0.001700239
    2.403839733    0.001429601    0.001596896    0.001660395
    2.411018364    0.001453235    0.001620142    0.001620809
    2.418196995    0.001480751    0.001626168    0.001591098
    2.425375626    0.001512864    0.001628549    0.001582118
    2.432554257    0.001552891    0.001643457    0.001599396
    2.439732888    0.001595281    0.001667380    0.001638004
    2.446911519    0.001629206    0.001685525    0.001684036
    2.454090150    0.001655661    0.001695147    0.001733557
    2.461268781    0.001674990    0.001690354    0.001779386
    2.468447412    0.001681480    0.001663877    0.001810804
    2.475626043    0.001680630    0.001628716    0.001843683
    2.482804674    0.001685328    0.001603936    0.001898859
    2.489983306    0.001702366    0.001607629    0.001986176
    2.497161937    0.001727909    0.001649342    0.002103324
    2.504340568    0.001762570    0.001721706    0.002236181
    2.511519199    0.001810532    0.001826404    0.002377582
    2.518697830    0.001864731    0.001959802    0.002492925
    2.525876461    0.001911970    0.002100278    0.002522004
    2.533055092    0.001958249    0.002252663    0.002510109
    2.540233723    0.002021761    0.002450203    0.002535487
    2.547412354    0.002117369    0.002663051    0.002627088
    2.554590985    0.002233994    0.002837378    0.002778828
    2.561769616    0.002347643    0.003022774    0.002985420
    2.568948247    0.002475867    0.003280938    0.003275996
    2.576126878    0.002634495    0.003578718    0.003631434
    2.583305509    0.002798815    0.003895484    0.003965442
    2.590484140    0.002921933    0.004244289    0.004260017
    2.597662771    0.003027843    0.004624105    0.004546020
    2.604841402    0.003143266    0.005075514    0.004715993
    2.612020033    0.003211539    0.005525393    0.004704710
    2.619198664    0.003243708    0.005832152    0.004606768
    2.626377295    0.003287971    0.005948207    0.004543462
    2.633555927    0.003389775    0.006099071    0.004602529
    2.640734558    0.003552791    0.006433323    0.004803932
    2.647913189    0.003747189    0.006643030    0.005167776
    2.655091820    0.003962868    0.006570659    0.005626547
    2.662270451    0.004179084    0.006245921    0.005928504
    2.669449082    0.004362887    0.005757369    0.006000750
    2.676627713    0.004505795    0.005361640    0.005935447
    2.683806344    0.004684859    0.005246230    0.005773534
    2.690984975    0.004975422    0.005322025    0.005600188
    2.698163606    0.005385364    0.005330662    0.005576857
    2.705342237    0.005942671    0.005295781    0.005746607
    2.712520868    0.006565066    0.005370667    0.006094790
    2.719699499    0.007110564    0.005587123    0.006554996
    2.726878130    0.007675959    0.005991009    0.007143002
    2.734056761    0.008506797    0.006721711    0.007971919
    2.741235392    0.009323423    0.007550330    0.009021647
    2.748414023    0.009860774    0.008110703    0.010105620
    2.755592654    0.010188771    0.008847214    0.011088942
    2.762771285    0.010515102    0.010264671    0.012470806
    2.769949917    0.010947635    0.011771605    0.014444898
    2.777128548    0.011426492    0.012526797    0.016038874
    2.784307179    0.012021091    0.012344752    0.016064755
    2.791485810    0.013693379    0.012417461    0.015365585
    2.798664441    0.015962866    0.012673187    0.014761178
    2.805843072    0.017060413    0.012464309    0.014277723
    2.813021703    0.017235982    0.012242091    0.014070945
    2.820200334    0.017314992    0.012149776    0.013852973
    2.827378965    0.016946522    0.012247095    0.013713864
    2.834557596    0.016455753    0.013148426    0.013949777
    2.841736227    0.015881639    0.014991631    0.014148018
    2.848914858    0.015817226    0.016986661    0.014216509
    2.856093489    0.016463840    0.017571436    0.014027019
    2.863272120    0.017783316    0.017087460    0.013883510
    2.870450751    0.019770343    0.015876118    0.013942244
    2.877629382    0.020406491    0.014319327    0.013384186
    2.884808013    0.019316774    0.013249337    0.012361877
    2.891986644    0.018105304    0.012894796    0.011922680
    2.899165275    0.017055466    0.013024308    0.012419021
    2.906343907    0.016430376    0.013524477    0.013562695
    2.913522538    0.016202315    0.013879460    0.014476895
    2.920701169    0.015754833    0.013954420    0.014990153
    2.927879800    0.015565027    0.014441509    0.015161006
    2.935058431    0.015956118    0.016177260    0.015322082
    2.942237062    0.015968238    0.018237068    0.015294549
    2.949415693    0.015690417    0.019064178    0.015094235
    2.956594324    0.015720094    0.019275351    0.014910309
    2.963772955    0.015824823    0.019530938    0.015165228
    2.970951586    0.015725397    0.019563219    0.015808620
    2.978130217    0.015673018    0.018999729    0.016631945
    2.985308848    0.015441897    0.018128753    0.017375767
    2.992487479    0.015016815    0.017518124    0.017810860
    2.999666110    0.014965717    0.017124023    0.017916944
    3.006844741    0.015621145    0.016933167    0.017592394
    3.014023372    0.016821709    0.017484715    0.017531591
    3.021202003    0.017688448    0.018053051    0.018582708
    3.028380634    0.018261538    0.017997910    0.020632617
    3.035559265    0.018564150    0.018040683    0.022532578
    3.042737896    0.018638951    0.018032780    0.023485757
    3.049916528    0.019262849    0.017662219    0.023657535
    3.057095159    0.020171530    0.018067016    0.023286069
    3.064273790    0.021504203    0.019450300    0.023125875
    3.071452421    0.022494373    0.020649291    0.022901499
    3.078631052    0.023009385    0.020992239    0.023364948
    3.085809683    0.023912325    0.021290019    0.024327691
    3.092988314    0.025911761    0.022279298    0.024150271
    3.100166945    0.027080768    0.022537059    0.022862199
    3.107345576    0.026529338    0.021989823    0.022136724
    3.114524207    0.025251439    0.022046988    0.022923703
    3.121702838    0.023705579    0.021977770    0.023435093
    3.128881469    0.022433779    0.021085588    0.022785167
    3.136060100    0.021888829    0.020045756    0.022752921
    3.143238731    0.022208883    0.019873309    0.023953185
    3.150417362    0.022938664    0.020798769    0.025353950
    3.157595993    0.022620300    0.021348091    0.025447609
    3.164774624    0.021480606    0.020659304    0.023830413
    3.171953255    0.020895920    0.019264810    0.021825127
    3.179131886    0.021364425    0.018372864    0.021028567
    3.186310518    0.022461295    0.018648714    0.021681888
    3.193489149    0.023541349    0.019546336    0.022010003
    3.200667780    0.024180227    0.019895153    0.021778642
    3.207846411    0.023828020    0.019892774    0.022424921
    3.215025042    0.022890972    0.020830035    0.023932401
    3.222203673    0.021547147    0.021643809    0.024130521
    3.229382304    0.020212605    0.021558898    0.023014750
    3.236560935    0.019781153    0.021352424    0.022667923
    3.243739566    0.020710427    0.021866834    0.022992196
    3.250918197    0.022433893    0.022290566    0.022703520
    3.258096828    0.023349281    0.021208153    0.021226657
    3.265275459    0.023009841    0.019810079    0.019670406
    3.272454090    0.021886541    0.019529168    0.019187555
    3.279632721    0.020711566    0.019646841    0.019879761
    3.286811352    0.019970024    0.018822355    0.020871816
    3.293989983    0.020066299    0.017591958    0.021932604
    3.301168614    0.020851213    0.017089653    0.023414186
    3.308347245    0.021360622    0.017205456    0.024040106
    3.315525876    0.021443212    0.017723317    0.023865340
    3.322704508    0.021209308    0.018701841    0.023976735
    3.329883139    0.020987391    0.018708565    0.023534966
    3.337061770    0.020934552    0.018017484    0.023013102
    3.344240401    0.020082302    0.017018338    0.023499466
    3.351419032    0.018880303    0.016129701    0.024892881
    3.358597663    0.018344865    0.015823228    0.025849975
    3.365776294    0.017882941    0.015938991    0.025076102
    3.372954925    0.016887035    0.016218754    0.023161534
    3.380133556    0.016075114    0.016200129    0.021829757
    3.387312187    0.016168766    0.015854644    0.022159739
    3.394490818    0.016354801    0.015657076    0.023118085
    3.401669449    0.015665317    0.015176423    0.023370388
    3.408848080    0.014400675    0.014325667    0.023369454
    3.416026711    0.013284866    0.013367426    0.022838364
    3.423205342    0.012794104    0.012695303    0.021448181
    3.430383973    0.013152314    0.012537484    0.020224454
    3.437562604    0.014083341    0.012802306    0.019604703
    3.444741235    0.015077312    0.013349092    0.019486292
    3.451919866    0.016087270    0.014007044    0.020110196
    3.459098497    0.017054059    0.014560005    0.020376817
    3.466277129    0.018209479    0.015095106    0.020021822
    3.473455760    0.019110247    0.015433364    0.019624242
    3.480634391    0.019710549    0.015846083    0.019260638
    3.487813022    0.019804171    0.015953318    0.018589417
    3.494991653    0.019128777    0.015433236    0.017893210
    3.502170284    0.018426321    0.014626230    0.017250085
    3.509348915    0.018118562    0.014189377    0.016353344
    3.516527546    0.017881811    0.014120062    0.015708155
    3.523706177    0.017304739    0.013971733    0.015690482
    3.530884808    0.016998405    0.014228577    0.016469601
    3.538063439    0.017299788    0.015014022    0.017315757
    3.545242070    0.018260801    0.015869187    0.017864585
    3.552420701    0.019573943    0.016867742    0.018811450
    3.559599332    0.020769414    0.018182970    0.019944131
    3.566777963    0.022332993    0.019636870    0.020838540
    3.573956594    0.024420126    0.020831842    0.021449547
    3.581135225    0.025452516    0.021278039    0.021909995
    3.588313856    0.025335483    0.021453682    0.022380965
    3.595492487    0.025365114    0.021653249    0.022709328
    3.602671119    0.026712187    0.022145116    0.023333104
    3.609849750    0.028835454    0.023000673    0.024179638
    3.617028381    0.029375508    0.023837130    0.024819363
    3.624207012    0.028556214    0.024132764    0.025310481
    3.631385643    0.027423743    0.023944784    0.025606689
    3.638564274    0.026527090    0.023707848    0.026175803
    3.645742905    0.025773034    0.023167748    0.026688828
    3.652921536    0.025052019    0.022329243    0.026640845
    3.660100167    0.024231910    0.021932747    0.026366567
    3.667278798    0.023561640    0.022178484    0.026765232
    3.674457429    0.023252818    0.022146996    0.027366424
    3.681636060    0.023203148    0.021885047    0.027491189
    3.688814691    0.023013791    0.021728190    0.027140091
    3.695993322    0.022576210    0.021581784    0.026596171
    3.703171953    0.022293152    0.021411521    0.026314901
    3.710350584    0.022205247    0.021130540    0.026029358
    3.717529215    0.022358986    0.020963483    0.025908696
    3.724707846    0.022868184    0.020920425    0.025921605
    3.731886477    0.023228124    0.020768700    0.025769116
    3.739065109    0.023316258    0.020584332    0.025810957
    3.746243740    0.023339512    0.020361234    0.026074075
    3.753422371    0.023260276    0.020101192    0.026285005
    3.760601002    0.023102024    0.019825623    0.026218589
    3.767779633    0.022828914    0.019394960    0.025952410
    3.774958264    0.022389146    0.018839235    0.025777222
    3.782136895    0.021990321    0.018204461    0.025252084
    3.789315526    0.021632230    0.017563426    0.024315548
    3.796494157    0.020980098    0.016811084    0.023356876
    3.803672788    0.020221313    0.016009904    0.022722675
    3.810851419    0.020446622    0.015861998    0.022755449
    3.818030050    0.021481567    0.015826574    0.023290371
    3.825208681    0.022512412    0.015650772    0.024102687
    3.832387312    0.023012072    0.015658484    0.024624289
    3.839565943    0.023149222    0.015825862    0.024422081
    3.846744574    0.023037549    0.015802185    0.024219939
    3.853923205    0.022206706    0.015250437    0.024415999
    3.861101836    0.021360523    0.014724339    0.024879194
    3.868280467    0.021376228    0.014934254    0.025184512
    3.875459098    0.021954945    0.015665331    0.025117059
    3.882637730    0.022319525    0.016065119    0.025386521
    3.889816361    0.021951964    0.015880838    0.025767028
    3.896994992    0.021299638    0.015343450    0.025441879
    3.904173623    0.020792217    0.015144808    0.024746949
    3.911352254    0.020609202    0.015560729    0.025000758
    3.918530885    0.020591326    0.016066330    0.025669730
    3.925709516    0.020823726    0.016358996    0.025699121
    3.932888147    0.020783704    0.015991741    0.025096748
    3.940066778    0.020606999    0.015506077    0.024532347
    3.947245409    0.020567666    0.015852553    0.024945135
    3.954424040    0.020210282    0.016703704    0.025669340
    3.961602671    0.019866057    0.017223530    0.025922170
    3.968781302    0.019781117    0.017240323    0.025600334
    3.975959933    0.019976502    0.017282949    0.025327795
    3.983138564    0.020963529    0.017478462    0.025283804
    3.990317195    0.022373023    0.017390661    0.024865075
    3.997495826    0.023161769    0.017212284    0.024384955
    4.004674457    0.023197972    0.017595409    0.024699809
    4.011853088    0.023070102    0.018185351    0.025970290
    4.019031720    0.023245891    0.018446586    0.027962622
    4.026210351    0.023942431    0.018411257    0.029356318
    4.033388982    0.023955014    0.017605440    0.029096701
    4.040567613    0.023249156    0.016499658    0.027613314
    4.047746244    0.022658083    0.015581343    0.026038950
    4.054924875    0.022198419    0.015134070    0.025535685
    4.062103506    0.021921087    0.015190428    0.026024641
    4.069282137    0.021677807    0.014985015    0.026665525
    4.076460768    0.021616210    0.014330684    0.026585628
    4.083639399    0.021827922    0.014055499    0.026647169
    4.090818030    0.021923933    0.014296629    0.026683776
    4.097996661    0.022313094    0.014957253    0.026668110
    4.105175292    0.022755998    0.015766911    0.026922065
    4.112353923    0.022477295    0.016223962    0.027002705
    4.119532554    0.021996879    0.016144269    0.026785970
    4.126711185    0.021531402    0.015500041    0.025524049
    4.133889816    0.020836797    0.015113861    0.023819054
    4.141068447    0.020536274    0.015290207    0.023080452
    4.148247078    0.020733318    0.015640142    0.023009980
    4.155425710    0.020873205    0.016074658    0.023194407
    4.162604341    0.020538987    0.016372876    0.023361349
    4.169782972    0.019824778    0.016513593    0.023150270
    4.176961603    0.019632014    0.016844100    0.023360688
    4.184140234    0.020455910    0.016780020    0.023855566
    4.191318865    0.021531353    0.016053857    0.024173958
    4.198497496    0.022396314    0.015666283    0.025212258
    4.205676127    0.022654846    0.015784655    0.026709530
    4.212854758    0.022739498    0.015952250    0.027826293
    4.220033389    0.022816127    0.015963736    0.027949888
    4.227212020    0.022669798    0.016081245    0.026920215
    4.234390651    0.022655369    0.016459444    0.026377059
    4.241569282    0.022553097    0.016747555    0.025809931
    4.248747913    0.022768634    0.016835088    0.024378109
    4.255926544    0.023445813    0.017131320    0.024038208
    4.263105175    0.024322886    0.017595885    0.024622340
    4.270283806    0.025080933    0.018236217    0.024824265
    4.277462437    0.025461202    0.018978192    0.024771500
    4.284641068    0.025629796    0.019586212    0.024999656
    4.291819699    0.026055631    0.019566302    0.024922213
    4.298998331    0.026107017    0.018787245    0.024724637
    4.306176962    0.025136293    0.017630908    0.024613943
    4.313355593    0.024069949    0.016967528    0.024112772
    4.320534224    0.022916593    0.017151750    0.023179061
    4.327712855    0.021927461    0.017455965    0.021537875
    4.334891486    0.021730757    0.017829215    0.020286989
    4.342070117    0.021848113    0.018286765    0.020127621
    4.349248748    0.021826390    0.018129837    0.020144757
    4.356427379    0.022034169    0.017873004    0.019974418
    4.363606010    0.022458860    0.017850098    0.019944548
    4.370784641    0.022915060    0.017220677    0.020519238
    4.377963272    0.023116986    0.016041573    0.020900555
    4.385141903    0.023095919    0.015456640    0.020855995
    4.392320534    0.022714351    0.015265486    0.020338471
    4.399499165    0.021811918    0.015017173    0.019607373
    4.406677796    0.021039735    0.014871544    0.019125946
    4.413856427    0.020959004    0.015001291    0.018873332
    4.421035058    0.021477018    0.015308408    0.018477188
    4.428213689    0.022513885    0.015481857    0.018064288
    4.435392321    0.023931894    0.015545088    0.018311376
    4.442570952    0.025072937    0.015457801    0.019207611
    4.449749583    0.025499123    0.015302317    0.020239800
    4.456928214    0.025480449    0.015457213    0.020785901
    4.464106845    0.025744663    0.016042723    0.021282349
    4.471285476    0.026950884    0.017129811    0.021951239
    4.478464107    0.028303650    0.018616506    0.022260818
    4.485642738    0.029302887    0.020048780    0.021944108
    4.492821369    0.029736235    0.021047461    0.021331328
    4.500000000    0.028984402    0.021391632    0.020775604
