# energy grid [eV]     epsi_x  epsi_y  epsi_z
#
    0.200000000    0.000000000    0.000000000    0.000000000
    0.207178631    0.000000000    0.000000000    0.000000000
    0.214357262    0.000000000    0.000000000    0.000000000
    0.221535893    0.000000000    0.000000000    0.000000000
    0.228714524    0.000000000    0.000000000    0.000000000
    0.235893155    0.000000000    0.000000000    0.000000000
    0.243071786    0.000000000    0.000000000    0.000000000
    0.250250417    0.000000000    0.000000000    0.000000000
    0.257429048    0.000000000    0.000000000    0.000000000
    0.264607679    0.000000000    0.000000000    0.000000000
    0.271786311    0.000000000    0.000000000    0.000000000
    0.278964942    0.000000000    0.000000000    0.000000000
    0.286143573    0.000000000    0.000000000    0.000000000
    0.293322204    0.000000000    0.000000000    0.000000000
    0.300500835    0.000000000    0.000000000    0.000000000
    0.307679466    0.000000000    0.000000000    0.000000000
    0.314858097    0.000000000    0.000000000    0.000000000
    0.322036728    0.000000000    0.000000000    0.000000000
    0.329215359    0.000000000    0.000000000    0.000000000
    0.336393990    0.000000000    0.000000000    0.000000000
    0.343572621    0.000000000    0.000000000    0.000000000
    0.350751252    0.000000000    0.000000000    0.000000000
    0.357929883    0.000000000    0.000000000    0.000000000
    0.365108514    0.000000000    0.000000000    0.000000000
    0.372287145    0.000000000    0.000000000    0.000000000
    0.379465776    0.000000000    0.000000000    0.000000000
    0.386644407    0.000000000    0.000000000    0.000000000
    0.393823038    0.000000000    0.000000000    0.000000000
    0.401001669    0.000000001    0.000000001    0.000000000
    0.408180301    0.000000004    0.000000004    0.000000002
    0.415358932    0.000000027    0.000000024    0.000000013
    0.422537563    0.000000150    0.000000134    0.000000074
    0.429716194    0.000000753    0.000000666    0.000000372
    0.436894825    0.000003367    0.000002960    0.000001662
    0.444073456    0.000013458    0.000011749    0.000006638
    0.451252087    0.000048116    0.000041647    0.000023706
    0.458430718    0.000153966    0.000131892    0.000075705
    0.465609349    0.000441375    0.000373293    0.000216278
    0.472787980    0.001135127    0.000944614    0.000553043
    0.479966611    0.002624314    0.002138341    0.001266720
    0.487145242    0.005470247    0.004333773    0.002601554
    0.494323873    0.010324746    0.007872930    0.004798598
    0.501502504    0.017752721    0.012843331    0.007970199
    0.508681135    0.028036549    0.018868759    0.011974979
    0.515859766    0.041091590    0.025082291    0.016408975
    0.523038397    0.056554440    0.030399995    0.020811029
    0.530217028    0.073942228    0.034009608    0.025053778
    0.537395659    0.092693553    0.035780071    0.029714401
    0.544574290    0.112028117    0.036292034    0.036121559
    0.551752922    0.130797232    0.036439584    0.045864127
    0.558931553    0.147570526    0.036871985    0.059833026
    0.566110184    0.161010552    0.037667095    0.077240972
    0.573288815    0.170323268    0.038457464    0.095295591
    0.580467446    0.175487202    0.038904159    0.110008506
    0.587646077    0.177101381    0.039175177    0.117937999
    0.594824708    0.175935361    0.040096508    0.117897152
    0.602003339    0.172471974    0.042876953    0.111510893
    0.609181970    0.166757183    0.048575991    0.102256395
    0.616360601    0.158638642    0.057596146    0.093691628
    0.623539232    0.148150262    0.069397476    0.088023120
    0.630717863    0.135697269    0.082476030    0.085666648
    0.637896494    0.121917271    0.094574553    0.085625131
    0.645075125    0.107402382    0.103135375    0.086152294
    0.652253756    0.092576180    0.106028280    0.085416715
    0.659432387    0.077864188    0.102423893    0.082180466
    0.666611018    0.064023853    0.093387280    0.076412675
    0.673789649    0.052317363    0.081676966    0.069475913
    0.680968280    0.044269409    0.070633887    0.063577897
    0.688146912    0.041037420    0.062716512    0.060680178
    0.695325543    0.042726206    0.058564030    0.061510251
    0.702504174    0.048066409    0.057089480    0.065246480
    0.709682805    0.054689243    0.056359551    0.069933434
    0.716861436    0.059907527    0.054587453    0.073262868
    0.724040067    0.061647698    0.050738016    0.073337765
    0.731218698    0.059104350    0.044690675    0.069244217
    0.738397329    0.052846212    0.037150685    0.061364175
    0.745575960    0.044402016    0.029437465    0.051333521
    0.752754591    0.035603100    0.023151761    0.041581690
    0.759933222    0.027997782    0.019724795    0.034557416
    0.767111853    0.022503204    0.019941226    0.031904172
    0.774290484    0.019295971    0.023587605    0.033873081
    0.781469115    0.017891561    0.029385347    0.039195189
    0.788647746    0.017387202    0.035329114    0.045537740
    0.795826377    0.016828997    0.039413057    0.050473497
    0.803005008    0.015584552    0.040474831    0.052568749
    0.810183639    0.013551732    0.038694407    0.051967691
    0.817362270    0.011104804    0.035401948    0.050045780
    0.824540902    0.008841722    0.032289103    0.048324341
    0.831719533    0.007319379    0.030545496    0.047411000
    0.838898164    0.006943626    0.030470629    0.046722916
    0.846076795    0.008038620    0.031703453    0.045127763
    0.853255426    0.010974704    0.033730664    0.041932315
    0.860434057    0.016195564    0.036197038    0.037451554
    0.867612688    0.024069115    0.038830684    0.032810110
    0.874791319    0.034615917    0.041203567    0.029240515
    0.881969950    0.047252067    0.042680361    0.027438233
    0.889148581    0.060691239    0.042672404    0.027362157
    0.896327212    0.073113014    0.040986968    0.028484918
    0.903505843    0.082633284    0.037980650    0.030233085
    0.910684474    0.087970886    0.034427277    0.032330143
    0.917863105    0.089012185    0.031243304    0.034876177
    0.925041736    0.086897239    0.029257489    0.038162517
    0.932220367    0.083465115    0.029093489    0.042380499
    0.939398998    0.080326189    0.031117730    0.047470101
    0.946577629    0.078123682    0.035380685    0.053259055
    0.953756260    0.076421886    0.041529035    0.059780081
    0.960934891    0.074218362    0.048748294    0.067448931
    0.968113523    0.070697638    0.055860791    0.076873175
    0.975292154    0.065778457    0.061665435    0.088382697
    0.982470785    0.060207059    0.065425866    0.101603010
    0.989649416    0.055228981    0.067232991    0.115321686
    0.996828047    0.052089033    0.068007718    0.127674770
    1.004006678    0.051665352    0.069175237    0.136570138
    1.011185309    0.054378839    0.072243849    0.140275843
    1.018363940    0.060232232    0.078425683    0.138035813
    1.025542571    0.068707770    0.088218340    0.130423011
    1.032721202    0.078489619    0.100915224    0.119166431
    1.039899833    0.087376515    0.114361755    0.106521702
    1.047078464    0.092820177    0.125438510    0.094595970
    1.054257095    0.093040139    0.131313036    0.084990794
    1.061435726    0.088038442    0.130760150    0.078741535
    1.068614357    0.079747911    0.124613292    0.076276539
    1.075792988    0.071166044    0.115048526    0.077285989
    1.082971619    0.065073929    0.104336510    0.080717654
    1.090150250    0.063117653    0.094004836    0.085133060
    1.097328881    0.065567027    0.084798414    0.089292088
    1.104507513    0.071518691    0.077067123    0.092520590
    1.111686144    0.079198788    0.071004196    0.094568454
    1.118864775    0.086308739    0.066565893    0.095167075
    1.126043406    0.090585161    0.063354763    0.093804103
    1.133222037    0.090585681    0.060759253    0.089995773
    1.140400668    0.086344021    0.058298674    0.083800618
    1.147579299    0.079429893    0.055879592    0.076063824
    1.154757930    0.072302065    0.053785963    0.068165489
    1.161936561    0.067332252    0.052506442    0.061521272
    1.169115192    0.066029300    0.052598074    0.057229039
    1.176293823    0.068726429    0.054625847    0.055981062
    1.183472454    0.074656303    0.059051981    0.058057900
    1.190651085    0.082240959    0.065994970    0.063233634
    1.197829716    0.089516006    0.074964961    0.070663391
    1.205008347    0.094655259    0.084780682    0.078957352
    1.212186978    0.096485131    0.093786230    0.086527465
    1.219365609    0.094807918    0.100314502    0.092080677
    1.226544240    0.090407588    0.103220643    0.095022359
    1.233722871    0.084756416    0.102271336    0.095567600
    1.240901503    0.079564995    0.098216767    0.094495087
    1.248080134    0.076355766    0.092504368    0.092682152
    1.255258765    0.076187514    0.086785220    0.090727732
    1.262437396    0.079543516    0.082474329    0.088919963
    1.269616027    0.086288734    0.080529424    0.087495372
    1.276794658    0.095603693    0.081392657    0.086837449
    1.283973289    0.105945889    0.084938206    0.087321234
    1.291151920    0.115238919    0.090396794    0.088915028
    1.298330551    0.121439528    0.096411219    0.090972816
    1.305509182    0.123347477    0.101368698    0.092517216
    1.312687813    0.121229623    0.103939943    0.092844301
    1.319866444    0.116815206    0.103556653    0.091966253
    1.327045075    0.112551107    0.100574953    0.090556500
    1.334223706    0.110472799    0.096072447    0.089498251
    1.341402337    0.111335740    0.091429569    0.089436921
    1.348580968    0.114547670    0.087918517    0.090670127
    1.355759599    0.118947614    0.086462685    0.093386250
    1.362938230    0.123868718    0.087604359    0.097952682
    1.370116861    0.129658489    0.091597396    0.104884016
    1.377295492    0.137211347    0.098478658    0.114372402
    1.384474124    0.146868859    0.108003525    0.125694294
    1.391652755    0.157597048    0.119456714    0.137061244
    1.398831386    0.167157319    0.131509341    0.146254995
    1.406010017    0.173218036    0.142363422    0.151784900
    1.413188648    0.174669730    0.150288121    0.153832042
    1.420367279    0.172315639    0.154343795    0.154337935
    1.427545910    0.168567897    0.154861788    0.156187432
    1.434724541    0.166375869    0.153356981    0.162015924
    1.441903172    0.167978085    0.151938519    0.173296620
    1.449081803    0.174079792    0.152587974    0.190047323
    1.456260434    0.183780709    0.156631533    0.211086804
    1.463439065    0.195172411    0.164479127    0.234540385
    1.470617696    0.206206295    0.175556966    0.258264716
    1.477796327    0.215381454    0.188413983    0.279986503
    1.484974958    0.222013226    0.201053755    0.297229335
    1.492153589    0.226115415    0.211470577    0.307407310
    1.499332220    0.228074958    0.218211245    0.308464393
    1.506510851    0.228321940    0.220713921    0.299966906
    1.513689482    0.227180282    0.219276613    0.283961863
    1.520868114    0.224989639    0.214718960    0.264801423
    1.528046745    0.222366599    0.207984253    0.247717575
    1.535225376    0.220290949    0.199961210    0.236785752
    1.542404007    0.219823525    0.191643531    0.233378348
    1.549582638    0.221635222    0.184458266    0.235935911
    1.556761269    0.225738713    0.180363284    0.241074157
    1.563939900    0.231596954    0.181360504    0.245269812
    1.571118531    0.238394252    0.188472653    0.246161457
    1.578297162    0.245166419    0.200756631    0.242956857
    1.585475793    0.250777183    0.215129822    0.236129443
    1.592654424    0.254009106    0.227385574    0.226939918
    1.599833055    0.253952427    0.233980000    0.217122574
    1.607011686    0.250514666    0.233583843    0.208641060
    1.614190317    0.244637584    0.227502176    0.203239675
    1.621368948    0.237959124    0.218804773    0.201773525
    1.628547579    0.232074662    0.210796644    0.203698590
    1.635726210    0.227870469    0.205713186    0.207195234
    1.642904841    0.225347927    0.204178007    0.210037447
    1.650083472    0.223970813    0.205426569    0.210776928
    1.657262104    0.223179139    0.207991241    0.209523439
    1.664440735    0.222668757    0.210517148    0.207823168
    1.671619366    0.222367406    0.212432713    0.207733432
    1.678797997    0.222387020    0.214223335    0.210719957
    1.685976628    0.223205178    0.217152923    0.217050643
    1.693155259    0.225944403    0.222545365    0.225924478
    1.700333890    0.232308634    0.231037351    0.236060487
    1.707512521    0.243871768    0.242251319    0.246274407
    1.714691152    0.260919549    0.255015141    0.255726291
    1.721869783    0.281514612    0.267855645    0.263803454
    1.729048414    0.301514293    0.279399419    0.269824913
    1.736227045    0.315826384    0.288565521    0.272860363
    1.743405676    0.320456158    0.294683713    0.271913018
    1.750584307    0.314326183    0.297628343    0.266491388
    1.757762938    0.299867377    0.297846104    0.257278129
    1.764941569    0.282036869    0.296123829    0.246411543
    1.772120200    0.266282127    0.293186903    0.237014153
    1.779298831    0.256474002    0.289449175    0.232023083
    1.786477462    0.253730065    0.285137037    0.232861528
    1.793656093    0.256513965    0.280641891    0.238706082
    1.800834725    0.261765439    0.276699226    0.246845798
    1.808013356    0.266383812    0.274135509    0.253998859
    1.815191987    0.268339470    0.273341809    0.257845453
    1.822370618    0.267024800    0.273914571    0.257886997
    1.829549249    0.262941168    0.274773778    0.255200860
    1.836727880    0.257114400    0.274663606    0.251420512
    1.843906511    0.250588705    0.272655442    0.247756299
    1.851085142    0.244126735    0.268356224    0.244701739
    1.858263773    0.238102887    0.261851863    0.242423360
    1.865442404    0.232587546    0.253642696    0.241297225
    1.872621035    0.227625761    0.244733563    0.242060299
    1.879799666    0.223588291    0.236732003    0.245473130
    1.886978297    0.221321344    0.231622457    0.251786881
    1.894156928    0.221860826    0.231065389    0.260378913
    1.901335559    0.225761379    0.235502569    0.269745861
    1.908514190    0.232429202    0.243648054    0.277858842
    1.915692821    0.239971680    0.252818489    0.282797244
    1.922871452    0.245840011    0.260070252    0.283515190
    1.930050083    0.248034824    0.263604924    0.280486851
    1.937228715    0.246200176    0.263718708    0.275890609
    1.944407346    0.241917157    0.262813342    0.273069649
    1.951585977    0.237989001    0.264473879    0.275297468
    1.958764608    0.237129793    0.272038345    0.284272259
    1.965943239    0.240776739    0.287243339    0.299055505
    1.973121870    0.248600227    0.309451036    0.316126727
    1.980300501    0.258877253    0.335737514    0.330721259
    1.987479132    0.269466891    0.361789285    0.338845779
    1.994657763    0.278839193    0.383206296    0.338879105
    2.001836394    0.286598919    0.396668957    0.331933461
    2.009015025    0.293285288    0.400630756    0.321002767
    2.016193656    0.299729147    0.395544281    0.309625772
    2.023372287    0.306502111    0.383752406    0.300806618
    2.030550918    0.313782570    0.369015828    0.296454238
    2.037729549    0.321541456    0.355546987    0.297200449
    2.044908180    0.329742520    0.346670384    0.302414245
    2.052086811    0.338365117    0.343650276    0.310377498
    2.059265442    0.347251642    0.345350338    0.318681343
    2.066444073    0.355878217    0.348997922    0.324874228
    2.073622705    0.363214188    0.351683824    0.327263537
    2.080801336    0.367906812    0.351810247    0.325588874
    2.087979967    0.368914421    0.349771658    0.321194888
    2.095158598    0.366322838    0.347614629    0.316513344
    2.102337229    0.361751243    0.347947454    0.314069360
    2.109515860    0.357939363    0.352669742    0.315534580
    2.116694491    0.357743111    0.362084247    0.321288776
    2.123873122    0.363220061    0.374728569    0.330588013
    2.131051753    0.375283765    0.387946654    0.342085151
    2.138230384    0.393805729    0.398913919    0.354352762
    2.145409015    0.417723435    0.405658082    0.366210651
    2.152587646    0.444966420    0.407676758    0.376856909
    2.159766277    0.472460816    0.405991448    0.385865105
    2.166944908    0.496572067    0.402716040    0.393071873
    2.174123539    0.514003336    0.400332862    0.398400279
    2.181302170    0.522764383    0.400889831    0.401760875
    2.188480801    0.522743583    0.405335830    0.403155571
    2.195659432    0.515667947    0.413199980    0.402895095
    2.202838063    0.504547119    0.422743485    0.401655762
    2.210016694    0.492840157    0.431564644    0.400213277
    2.217195326    0.483578471    0.437482974    0.399027515
    2.224373957    0.478663271    0.439426891    0.398055361
    2.231552588    0.478548080    0.437998452    0.397005381
    2.238731219    0.482409379    0.435396200    0.395859465
    2.245909850    0.488696750    0.434553726    0.395243614
    2.253088481    0.495811665    0.437779379    0.396371728
    2.260267112    0.502711546    0.445644976    0.400672396
    2.267445743    0.509351669    0.456898088    0.409441471
    2.274624374    0.516873316    0.469541097    0.423706147
    2.281803005    0.527363710    0.482349733    0.444137075
    2.288981636    0.543087372    0.495749823    0.470723770
    2.296160267    0.565401009    0.511469592    0.502219396
    2.303338898    0.593873696    0.531298002    0.535819287
    2.310517529    0.626124884    0.555854637    0.567699407
    2.317696160    0.658511640    0.584167948    0.594597292
    2.324874791    0.687300047    0.614302984    0.615729850
    2.332053422    0.709701341    0.644679894    0.633697461
    2.339232053    0.724339040    0.675317036    0.653374374
    2.346410684    0.731190494    0.708176765    0.679137655
    2.353589316    0.731377960    0.746245654    0.712119013
    2.360767947    0.727055736    0.791806432    0.749273429
    2.367946578    0.721242666    0.844943019    0.784785503
    2.375125209    0.717295771    0.903098777    0.812763512
    2.382303840    0.718034877    0.961719432    0.829563077
    2.389482471    0.724976513    1.015522180    0.834729689
    2.396661102    0.738210591    1.060101020    0.830683203
    2.403839733    0.757014029    1.093726132    0.821899550
    2.411018364    0.780704354    1.118667569    0.814118933
    2.418196995    0.809029964    1.140781439    0.813470277
    2.425375626    0.841785655    1.166698509    0.825092482
    2.432554257    0.878000267    1.199794846    0.851242129
    2.439732888    0.915412926    1.237580817    0.889739063
    2.446911519    0.950790424    1.272653372    0.934164638
    2.454090150    0.981125826    1.297079090    0.976735779
    2.461268781    1.005205219    1.307679082    1.013102417
    2.468447412    1.024676551    1.308917310    1.046389065
    2.475626043    1.043826383    1.311594039    1.087247503
    2.482804674    1.067888032    1.328388905    1.148570111
    2.489983306    1.100643040    1.369399914    1.237146287
    2.497161937    1.142752749    1.440428777    1.347499809
    2.504340568    1.192047183    1.544113952    1.462757073
    2.511519199    1.245746235    1.681489133    1.563066100
    2.518697830    1.303044789    1.851656698    1.636649357
    2.525876461    1.366082247    2.050090540    1.686614299
    2.533055092    1.438751162    2.268692755    1.730105525
    2.540233723    1.524815928    2.499872415    1.791963416
    2.547412354    1.627168166    2.742846877    1.897416104
    2.554590985    1.748259293    3.007237103    2.066050185
    2.561769616    1.889985182    3.310334846    2.306184425
    2.568948247    2.051751131    3.668834670    2.608913163
    2.576126878    2.227655128    4.089188170    2.944270779
    2.583305509    2.405396633    4.561278808    3.264485586
    2.590484140    2.569211258    5.059050408    3.517809677
    2.597662771    2.707015686    5.549245046    3.670487697
    2.604841402    2.818854179    6.004256013    3.727075016
    2.612020033    2.921237334    6.409680714    3.736052350
    2.619198664    3.042600892    6.758678482    3.772999963
    2.626377295    3.210161014    7.036861112    3.906246102
    2.633555927    3.435115443    7.213820680    4.162077661
    2.640734558    3.705978402    7.255458756    4.509249056
    2.647913189    3.995775657    7.152391663    4.872583275
    2.655091820    4.280190461    6.940924325    5.168762877
    2.662270451    4.556293432    6.695096441    5.344932066
    2.669449082    4.850251232    6.492311472    5.400648441
    2.676627713    5.208662427    6.379263576    5.385216946
    2.683806344    5.678261386    6.365643296    5.376690565
    2.690984975    6.285632828    6.448812833    5.456425935
    2.698163606    7.026921797    6.645735525    5.690853044
    2.705342237    7.869052585    7.003577340    6.123878113
    2.712520868    8.757041440    7.580584312    6.775842841
    2.719699499    9.623252905    8.413443381    7.642932562
    2.726878130   10.400769971    9.493630892    8.694024165
    2.734056761   11.044291070   10.761254759    9.866023932
    2.741235392   11.553482262   12.109761812   11.060953892
    2.748414023   11.983545985   13.396028889   12.149798287
    2.755592654   12.428376498   14.462135893   12.990203438
    2.762771285   12.976015564   15.175740987   13.462268966
    2.769949917   13.655009039   15.477661776   13.513682312
    2.777128548   14.401228316   15.408769485   13.189896822
    2.784307179   15.069577187   15.097565202   12.625136829
    2.791485810   15.492764049   14.717918561   11.992966953
    2.798664441   15.560058016   14.442098580   11.443306791
    2.805843072   15.273111067   14.402715319   11.060122724
    2.813021703   14.748584404   14.659324703   10.855262510
    2.820200334   14.169786537   15.168260174   10.788913005
    2.827378965   13.715328362   15.774265697   10.797131781
    2.834557596   13.495706168   16.249646326   10.813749422
    2.841736227   13.517237714   16.381929357   10.785159173
    2.848914858   13.682939126   16.071393374   10.682045226
    2.856093489   13.833110152   15.382418943   10.510604105
    2.863272120   13.815057353   14.516865159   10.319799412
    2.870450751   13.552396673   13.725918277   10.194900326
    2.877629382   13.077150060   13.212048277   10.228755388
    2.884808013   12.506560671   13.071586661   10.476488696
    2.891986644   11.981244142   13.296699485   10.918273008
    2.899165275   11.603919727   13.817492973   11.458458001
    2.906343907   11.410619444   14.545185733   11.967609559
    2.913522538   11.378976213   15.387321164   12.343116652
    2.920701169   11.456090726   16.237318523   12.551832661
    2.927879800   11.585573280   16.966976378   12.634104318
    2.935058431   11.723470978   17.447313015   12.674882127
    2.942237062   11.843056717   17.592922196   12.762065780
    2.949415693   11.933487729   17.398642445   12.950499246
    2.956594324   11.998326629   16.941689049   13.242843014
    2.963772955   12.057293844   16.350483994   13.593452886
    2.970951586   12.148326663   15.762630265   13.935455888
    2.978130217   12.321627464   15.291584921   14.220536640
    2.985308848   12.620285011   15.006536567   14.450239620
    2.992487479   13.054216085   14.922868273   14.677200533
    2.999666110   13.585485735   15.004642844   14.970033764
    3.006844741   14.140417697   15.183539533   15.360026603
    3.014023372   14.645463232   15.391683324   15.804724752
    3.021202003   15.063939903   15.593802596   16.197211378
    3.028380634   15.407949824   15.799534691   16.420048653
    3.035559265   15.718139005   16.046466200   16.409908011
    3.042737896   16.028015742   16.363514197   16.189771135
    3.049916528   16.338656122   16.738776035   15.849042635
    3.057095159   16.617360005   17.113914988   15.489186142
    3.064273790   16.813400923   17.408418507   15.174129620
    3.071452421   16.874915688   17.555896676   14.916063641
    3.078631052   16.759534635   17.528583846   14.698104715
    3.085809683   16.444545393   17.339320748   14.509073558
    3.092988314   15.942681517   17.028454781   14.361378885
    3.100166945   15.315961529   16.649655573   14.281597579
    3.107345576   14.670045000   16.261306289   14.286703382
    3.114524207   14.120920142   15.919723359   14.366218330
    3.121702838   13.748667624   15.667631300   14.479594742
    3.128881469   13.567847554   15.518498993   14.566012169
    3.136060100   13.535393607   15.448303876   14.563181096
    3.143238731   13.590115699   15.408847270   14.434368235
    3.150417362   13.693933349   15.362380691   14.195253492
    3.157595993   13.843595594   15.314878824   13.920820247
    3.164774624   14.045728878   15.318672967   13.717705047
    3.171953255   14.279077220   15.437323630   13.672746005
    3.179131886   14.479510739   15.698406269   13.809939970
    3.186310518   14.565204807   16.070376492   14.082315129
    3.193489149   14.486891262   16.477541972   14.398533073
    3.200667780   14.268013448   16.836263865   14.663065582
    3.207846411   14.005650052   17.085090922   14.808429648
    3.215025042   13.827667091   17.194905403   14.809718092
    3.222203673   13.827590931   17.163217223   14.682256720
    3.229382304   14.012810073   17.004096588   14.469862744
    3.236560935   14.297377926   16.742088334   14.234178578
    3.243739566   14.547654765   16.411355714   14.050355641
    3.250918197   14.656986523   16.055316852   14.001754227
    3.258096828   14.604698511   15.721786527   14.160538240
    3.265275459   14.462595221   15.455153157   14.553852468
    3.272454090   14.346386908   15.292133182   15.136135958
    3.279632721   14.345501932   15.262037047   15.793050962
    3.286811352   14.475954258   15.382339905   16.382936365
    3.293989983   14.680946787   15.642609379   16.794857134
    3.301168614   14.870312696   15.987423657   16.991180294
    3.308347245   14.968166959   16.321477568   17.013227551
    3.315525876   14.941206761   16.547841938   16.949734599
    3.322704508   14.800197668   16.620611257   16.886009678
    3.329883139   14.585202767   16.574659239   16.860336313
    3.337061770   14.348565527   16.507590057   16.851493076
    3.344240401   14.141891124   16.523030377   16.805973980
    3.351419032   14.005736765   16.671850492   16.688685488
    3.358597663   13.959768908   16.927482858   16.520882304
    3.365776294   13.995122552   17.206169622   16.373571183
    3.372954925   14.075618130   17.414682993   16.317586186
    3.380133556   14.155949656   17.497313777   16.368632291
    3.387312187   14.217250084   17.463003156   16.472550984
    3.394490818   14.303402945   17.388302603   16.544134467
    3.401669449   14.528863058   17.399073058   16.529950264
    3.408848080   15.039032520   17.634292160   16.448583090
    3.416026711   15.937039157   18.198718235   16.381201484
    3.423205342   17.219728823   19.120076429   16.421493346
    3.430383973   18.763007583   20.331118333   16.619237401
    3.437562604   20.363122348   21.687576283   16.952199166
    3.444741235   21.805386269   23.013669554   17.340375991
    3.451919866   22.923207796   24.152811317   17.689795088
    3.459098497   23.628611520   25.003667778   17.937522387
    3.466277129   23.918148802   25.536459959   18.074712487
    3.473455760   23.865491978   25.796406925   18.144101047
    3.480634391   23.605280206   25.900158322   18.224709983
    3.487813022   23.307096875   26.021638125   18.416797717
    3.494991653   23.142666577   26.359957357   18.827983024
    3.502170284   23.256410392   27.090966731   19.552550553
    3.509348915   23.747347237   28.317165964   20.641157331
    3.516527546   24.659205386   30.034421532   22.072525952
    3.523706177   25.969367242   32.125497620   23.746180052
    3.530884808   27.575661374   34.379272084   25.505631521
    3.538063439   29.294510446   36.529562497   27.182223374
    3.545242070   30.887086010   38.308156010   28.638832798
    3.552420701   32.116378616   39.506372200   29.797869674
    3.559599332   32.818191217   40.033338310   30.649974907
    3.566777963   32.955722864   39.949142116   31.245754532
    3.573956594   32.627065254   39.448202142   31.672621483
    3.581135225   32.012672189   38.785479328   32.021081781
    3.588313856   31.285701532   38.173276914   32.351952962
    3.595492487   30.541015403   37.704008889   32.679857664
    3.602671119   29.792794572   37.345610206   32.981210651
    3.609849750   29.037640895   37.010402292   33.220180367
    3.617028381   28.323976153   36.649069506   33.375829470
    3.624207012   27.766218583   36.307620749   33.456273422
    3.631385643   27.496430620   36.114920742   33.496865521
    3.638564274   27.600130417   36.215174676   33.547185847
    3.645742905   28.086003403   36.690316969   33.651758859
    3.652921536   28.900015339   37.517399699   33.830178546
    3.660100167   29.960305236   38.582216479   34.068871209
    3.667278798   31.187885345   39.737614183   34.337814539
    3.674457429   32.525248169   40.870364781   34.627886675
    3.681636060   33.943676198   41.938566802   34.978868192
    3.688814691   35.435706250   42.963224134   35.464692445
    3.695993322   36.988538685   43.986138171   36.134105900
    3.703171953   38.548286331   45.022284622   36.946117817
    3.710350584   40.002293751   46.033582553   37.752117183
    3.717529215   41.204915452   46.938617140   38.347754388
    3.724707846   42.043671075   47.654360093   38.569569408
    3.731886477   42.507117674   48.146084787   38.378890428
    3.739065109   42.704568172   48.452534771   37.881620038
    3.746243740   42.815198132   48.666123430   37.273210615
    3.753422371   42.991523737   48.876678190   36.743633134
    3.760601002   43.272915965   49.110754047   36.394467402
    3.767779633   43.556360654   49.300365373   36.202817784
    3.774958264   43.635180834   49.297251790   36.037550775
    3.782136895   43.282812297   48.925926768   35.715403292
    3.789315526   42.346937933   48.052796421   35.077545811
    3.796494157   40.822306574   46.643065775   34.059836258
    3.803672788   38.874620177   44.781470071   32.724747466
    3.810851419   36.796615599   42.646858555   31.234791903
    3.818030050   34.903873151   40.450935360   29.778926429
    3.825208681   33.414894011   38.368178844   28.493761215
    3.832387312   32.377101194   36.487445968   27.424169118
    3.839565943   31.677017785   34.805277420   26.538884693
    3.846744574   31.123572912   33.262143195   25.779219354
    3.853923205   30.553229577   31.801239239   25.102594093
    3.861101836   29.898471200   30.413644587   24.496355794
    3.868280467   29.187928922   29.138945714   23.964424040
    3.875459098   28.490159936   28.022788888   23.506158925
    3.882637730   27.847146862   27.069700730   23.105084345
    3.889816361   27.244482243   26.234040335   22.733072301
    3.896994992   26.632086209   25.455049553   22.364086278
    3.904173623   25.969587109   24.699523349   21.985728120
    3.911352254   25.256670517   23.971777830   21.599218261
    3.918530885   24.527974640   23.287955359   21.209123467
    3.925709516   23.822681243   22.648381094   20.814830199
    3.932888147   23.154736774   22.038827438   20.413984602
    3.940066778   22.503546088   21.455709684   20.013539973
    3.947245409   21.828509750   20.923152719   19.633126970
    3.954424040   21.097528110   20.480065442   19.292280500
    3.961602671   20.314066266   20.148367061   18.990622266
    3.968781302   19.527911492   19.912493916   18.698872329
    3.975959933   18.821086381   19.728431925   18.370449131
    3.983138564   18.273281212   19.554279219   17.968514833
    3.990317195   17.925497741   19.378902561   17.494114716
    3.997495826   17.764489041   19.228711204   16.999751246
    4.004674457   17.736863897   19.147075650   16.576798771
    4.011853088   17.779520397   19.157146204   16.315890868
    4.019031720   17.842368341   19.230443133   16.256842673
    4.026210351   17.890361607   19.283660254   16.358228035
    4.033388982   17.892880974   19.210423254   16.510812777
    4.040567613   17.818076838   18.930661719   16.591487721
    4.047746244   17.640417936   18.426104636   16.524724065
    4.054924875   17.354239477   17.740178221   16.312542928
    4.062103506   16.980833018   16.948181103   16.018004697
    4.069282137   16.563706386   16.125065078   15.720833676
    4.076460768   16.155695539   15.333655357   15.478822600
    4.083639399   15.804196202   14.631054770   15.315604402
    4.090818030   15.538239976   14.071618273   15.230021677
    4.097996661   15.359399514   13.691161892   15.207999475
    4.105175292   15.239621902   13.481502123   15.223887630
    4.112353923   15.129559438   13.380802914   15.235004163
    4.119532554   14.976981626   13.296206877   15.183474249
    4.126711185   14.747668615   13.148941235   15.013914758
    4.133889816   14.436992140   12.912659425   14.699440460
    4.141068447   14.064746107   12.620106026   14.257384071
    4.148247078   13.657528361   12.336376389   13.741643764
    4.155425710   13.233161178   12.118748351   13.216578793
    4.162604341   12.800170301   11.987268390   12.731342861
    4.169782972   12.371360781   11.918451630   12.311133606
    4.176961603   11.976127194   11.859867945   11.966687131
    4.184140234   11.656025702   11.755561665   11.709566934
    4.191318865   11.443639525   11.570656711   11.558562347
    4.198497496   11.340890185   11.304798464   11.531147059
    4.205676127   11.314001392   10.988800851   11.625904250
    4.212854758   11.308518669   10.667526270   11.809121471
    4.220033389   11.273420128   10.379665256   12.016859076
    4.227212020   11.180293050   10.145389934   12.174033502
    4.234390651   11.030485121    9.966198803   12.221389490
    4.241569282   10.850950684    9.833988822   12.136908745
    4.248747913   10.682769168    9.742894716   11.941815868
    4.255926544   10.566631871    9.697103604   11.689257529
    4.263105175   10.529891377    9.709315483   11.441723005
    4.270283806   10.579392669    9.788636521   11.248221304
    4.277462437   10.701316745    9.923696802   11.131338555
    4.284641068   10.865208295   10.072869829   11.087209294
    4.291819699   11.028552087   10.172522597   11.093050551
    4.298998331   11.141873631   10.163775877   11.114311735
    4.306176962   11.157667564   10.024001765   11.108641316
    4.313355593   11.044270416    9.782609551   11.030913298
    4.320534224   10.799371652    9.509007261   10.844478241
    4.327712855   10.454328347    9.279011568   10.536818389
    4.334891486   10.064716199    9.139909296   10.129960205
    4.342070117    9.691445145    9.093035021    9.676406497
    4.349248748    9.382280051    9.099059570    9.240851362
    4.356427379    9.161302888    9.097890911    8.877514335
    4.363606010    9.027068932    9.031471185    8.613902910
    4.370784641    8.955827556    8.862000138    8.445510844
    4.377963272    8.907276423    8.582504814    8.340275083
    4.385141903    8.833746850    8.217822646    8.250217669
    4.392320534    8.694283520    7.815199334    8.127371268
    4.399499165    8.471093337    7.427550734    7.939181230
    4.406677796    8.180732287    7.096222861    7.677682755
    4.413856427    7.871645561    6.839780790    7.359796105
    4.421035058    7.605823038    6.651657135    7.020742524
    4.428213689    7.432212491    6.506234743    6.704226111
    4.435392321    7.366154468    6.371474207    6.451419041
    4.442570952    7.386901046    6.224649604    6.289968705
    4.449749583    7.454574673    6.065306086    6.225876540
    4.456928214    7.535347663    5.918592822    6.241867163
    4.464106845    7.618118733    5.825450301    6.303031104
    4.471285476    7.712321380    5.823204841    6.366695009
    4.478464107    7.830709865    5.926637443    6.392917631
    4.485642738    7.972128149    6.120492884    6.354244464
    4.492821369    8.118173605    6.367862398    6.244028486
    4.500000000    8.245162424    6.628500108    6.080323026
