# Direct absorption versus energy
# Photon energy (eV), Imaginary dielectric function along x,y,z,average
            0.020000  0.21495908161977E-01  0.39948463624817E-01  0.14689334949488E-01  0.25377902245427E-01
            0.040000  0.11715084776813E-01  0.22434802867019E-01  0.78362844820127E-02  0.13995390708615E-01
            0.060000  0.86181604467483E-02  0.16649837600280E-01  0.58339461384828E-02  0.10367314728504E-01
            0.080000  0.73177154382163E-02  0.14196186897959E-01  0.48835870394659E-02  0.87991631252138E-02
            0.100000  0.80530857322755E-02  0.15711292628663E-01  0.52900041495391E-02  0.96847941701591E-02
            0.120000  0.77811004689011E-02  0.15180611302880E-01  0.50950323027427E-02  0.93522480248414E-02
            0.140000  0.82701686075513E-02  0.16134804069057E-01  0.53983554783767E-02  0.99344427183283E-02
            0.160000  0.94093698141553E-02  0.18357416406276E-01  0.61265234663651E-02  0.11297769895599E-01
            0.180000  0.10746583571631E-01  0.20966284206747E-01  0.69958894676607E-02  0.12902919082013E-01
            0.200000  0.10726018222626E-01  0.20925859960774E-01  0.70292251359287E-02  0.12893701106443E-01
            0.220000  0.81845836063023E-02  0.15966841086528E-01  0.54864605950805E-02  0.98792950959703E-02
            0.240000  0.59432508878507E-02  0.10016197715956E-01  0.43493684213990E-02  0.67696056750687E-02
            0.260000  0.38001023156469E-02  0.58627016736743E-02  0.29337319453732E-02  0.41988453115648E-02
            0.280000  0.26034619019868E-02  0.35214887753686E-02  0.20779029451841E-02  0.27342845408465E-02
            0.300000  0.19650929022639E-02  0.22341413436488E-02  0.16042016599466E-02  0.19344786352865E-02
            0.320000  0.16355240477357E-02  0.15098205445830E-02  0.13636054847033E-02  0.15029833590073E-02
            0.340000  0.14859869196306E-02  0.10891237078387E-02  0.12642550862519E-02  0.12797885712404E-02
            0.360000  0.14563436593843E-02  0.84039477001873E-03  0.12611545776387E-02  0.11859643356806E-02
            0.380000  0.15245261592581E-02  0.69665955136396E-03  0.13391428815859E-02  0.11867761974026E-02
            0.400000  0.16938003306665E-02  0.62447695751926E-03  0.15039788403088E-02  0.12740853761648E-02
            0.420000  0.19912815447830E-02  0.60978205982767E-03  0.17819717995530E-02  0.14610118013879E-02
            0.440000  0.24743985811079E-02  0.65231805821867E-03  0.22263189323595E-02  0.17843451905620E-02
            0.460000  0.32385518195316E-02  0.76363791860095E-03  0.29243122520792E-02  0.23088339967372E-02
            0.480000  0.43815743266906E-02  0.95833783642183E-03  0.39652192955962E-02  0.31017104862362E-02
            0.500000  0.57376597389294E-02  0.12019332930902E-02  0.52012506778330E-02  0.40469479032842E-02
            0.520000  0.62677719962347E-02  0.12323324743524E-02  0.56945783052365E-02  0.43982275919412E-02
            0.540000  0.51503573579927E-02  0.10157045821433E-02  0.46797733317235E-02  0.36152784239532E-02
            0.560000  0.34292050715838E-02  0.68136603396433E-03  0.31153922333164E-02  0.24086544462882E-02
            0.580000  0.21523178688422E-02  0.43481298451366E-03  0.19562974323975E-02  0.15144760952511E-02
            0.600000  0.13763995305384E-02  0.28581100156755E-03  0.12521656854448E-02  0.97145873918360E-03
            0.620000  0.91685406963626E-03  0.19894472202699E-03  0.83536974233202E-03  0.65038951133176E-03
            0.640000  0.63710624632592E-03  0.14790199398228E-03  0.58196371760486E-03  0.45565731930435E-03
            0.660000  0.46015578192810E-03  0.11810583999430E-03  0.42212009564270E-03  0.33346057252170E-03
            0.680000  0.34423299507017E-03  0.10209303379853E-03  0.31805338687210E-03  0.25479313858027E-03
            0.700000  0.26633655267341E-03  0.96497495160181E-04  0.24911277272081E-03  0.20398227351813E-03
            0.720000  0.21356415902176E-03  0.10067248894969E-03  0.20396112332988E-03  0.17273259043378E-03
            0.740000  0.17872640883995E-03  0.11612551064287E-03  0.17653810035186E-03  0.15713000661156E-03
            0.760000  0.15779669529078E-03  0.14497442606667E-03  0.16295412618716E-03  0.15524174918154E-03
            0.780000  0.14662047717927E-03  0.18191216791864E-03  0.15594848826750E-03  0.16149371112180E-03
            0.800000  0.13529658449634E-03  0.19847333710806E-03  0.14151981359493E-03  0.15842991173311E-03
            0.820000  0.11432246984241E-03  0.16804106878748E-03  0.11527988189497E-03  0.13254780684162E-03
            0.840000  0.32733171316819E-04  0.10790047365267E-03  0.36300404880913E-04  0.58978016616802E-04
            0.860000  0.23219577809864E-04  0.72275745053649E-04  0.24835774326892E-04  0.40110365730135E-04
            0.880000  0.16670858143016E-04  0.49256552669557E-04  0.17374487762965E-04  0.27767299525179E-04
            0.900000  0.20294505397343E-04  0.34187411898416E-04  0.19826637615640E-04  0.24769518303800E-04
            0.920000  0.17525549384322E-04  0.24027409164062E-04  0.16954402234086E-04  0.19502453594157E-04
            0.940000  0.16185194620942E-04  0.17436842588790E-04  0.15484693244124E-04  0.16368910151286E-04
            0.960000  0.15925048705364E-04  0.13102546802856E-04  0.15042704132822E-04  0.14690099880348E-04
            0.980000  0.16488190448476E-04  0.10166232682573E-04  0.15381482444859E-04  0.14011968525303E-04
            1.000000  0.17813950931705E-04  0.81279897529107E-05  0.16434802143865E-04  0.14125580942827E-04
            1.020000  0.19969998963925E-04  0.66912327406348E-05  0.18254424014623E-04  0.14971885239728E-04
            1.040000  0.23167899846049E-04  0.56800202665181E-05  0.21022195133349E-04  0.16623371748639E-04
            1.060000  0.27812387541694E-04  0.49925577333947E-05  0.25093503340065E-04  0.19299482871718E-04
            1.080000  0.34615643038442E-04  0.45786060336838E-05  0.31098644998259E-04  0.23430964690128E-04
            1.100000  0.44816843655473E-04  0.43265810298169E-05  0.39706032369046E-04  0.29616485684779E-04
            1.120000  0.59929076481885E-04  0.23734366550456E-05  0.53321107749963E-04  0.38541206962298E-04
            1.140000  0.84658794377424E-04  0.32670907067880E-05  0.75338595982149E-04  0.54421493688787E-04
            1.160000  0.12148300675639E-03  0.46148677542419E-05  0.10812116990429E-03  0.78073014804976E-04
            1.180000  0.16344088699070E-03  0.60736284954205E-05  0.14548700940434E-03  0.10500050829682E-03
            1.200000  0.17727352427071E-03  0.65965952165960E-05  0.15779825994876E-03  0.11388945981202E-03
            1.220000  0.14326883450435E-03  0.53555529252876E-05  0.12752420491827E-03  0.92049530782637E-04
            1.240000  0.96986542728786E-04  0.36636203811860E-05  0.86320106808000E-04  0.62323423305991E-04
            1.260000  0.63246354645490E-04  0.24242332264943E-05  0.56283218979525E-04  0.40651268950503E-04
            1.280000  0.42221143423262E-04  0.16320626545266E-05  0.37570324307767E-04  0.27141176795185E-04
            1.300000  0.29281733127906E-04  0.11344429807840E-05  0.26060569911293E-04  0.18825582006661E-04
            1.320000  0.21087346948838E-04  0.81495967611315E-06  0.18770060954802E-04  0.13557455859918E-04
            1.340000  0.15698101069717E-04  0.60557157069246E-06  0.13975446651167E-04  0.10093039763859E-04
            1.360000  0.12018569995623E-04  0.46357962241262E-06  0.10702094088855E-04  0.77280812356302E-05
            1.380000  0.94207161486840E-05  0.36411069600950E-06  0.83913376853058E-05  0.60587215099998E-05
            1.400000  0.75324616893184E-05  0.29247794630123E-06  0.67122403760139E-05  0.48457266705445E-05
            1.420000  0.61252789156808E-05  0.23976047651530E-06  0.54615994638085E-05  0.39422129520015E-05
            1.440000  0.50539057367374E-05  0.20039600105593E-06  0.45103474437696E-05  0.32548830605210E-05
            1.460000  0.42231088551734E-05  0.17087572145047E-06  0.37740356352065E-05  0.27226734039435E-05
            1.480000  0.35687623821387E-05  0.14904481849488E-06  0.31960898022272E-05  0.23046323342869E-05
            1.500000  0.22447704213878E-07  0.21883761007619E-07  0.45892208996211E-07  0.30074558072569E-07
            1.520000  0.26841098744593E-07  0.28655479448647E-07  0.60034423062885E-07  0.38510333752042E-07
            1.540000  0.34694956889712E-07  0.39624223110337E-07  0.82891836608751E-07  0.52403672202934E-07
            1.560000  0.42534953531018E-07  0.54544785556382E-07  0.11299841194406E-06  0.70026050343820E-07
            1.580000  0.57271648757744E-07  0.73442315093997E-07  0.14967562520782E-06  0.93463196353188E-07
            1.600000  0.61523478222873E-07  0.78894545643396E-07  0.15808552779134E-06  0.99501183885870E-07
            1.620000  0.49337865428969E-07  0.63311333544199E-07  0.12574552959595E-06  0.79464909523039E-07
            1.640000  0.33444347447577E-07  0.42934788226089E-07  0.85103903344208E-07  0.53827679672625E-07
            1.660000  0.21957854365771E-07  0.28211446370847E-07  0.55917376650229E-07  0.35362225795616E-07
            1.680000  0.14795935170159E-07  0.19035266886935E-07  0.37723622819336E-07  0.23851608292144E-07
            1.700000  0.10371517725754E-07  0.13371636855052E-07  0.26466589091193E-07  0.16736581223999E-07
            1.720000  0.76199327958422E-08  0.97718005489604E-08  0.19334874671503E-07  0.12242202672102E-07
            1.740000  0.57623570999915E-08  0.73966267714833E-08  0.14570235941240E-07  0.92430732709051E-08
            1.760000  0.44921370048261E-08  0.57780870399950E-08  0.11291781709010E-07  0.71873352512772E-08
            1.780000  0.35990211562584E-08  0.46489507003743E-08  0.89628699694528E-08  0.57369472753618E-08
            1.800000  0.29622232177813E-08  0.38594791747844E-08  0.72662255143392E-08  0.46959759689683E-08
            1.820000  0.25023325535314E-08  0.33135067114891E-08  0.60014449309352E-08  0.39390947319852E-08
            1.840000  0.21790104557479E-08  0.29730319116567E-08  0.50467084902980E-08  0.33995836192342E-08
            1.860000  0.19698300649011E-08  0.28283996449705E-08  0.43231680684002E-08  0.30404659260906E-08
            1.880000  0.18619840940980E-08  0.28710939482801E-08  0.35901276376097E-08  0.27744018933293E-08
            1.900000  0.66455978523866E-09  0.14851822319994E-08  0.38772704627404E-09  0.84582302117068E-09
            1.920000  0.77759161360193E-09  0.15028006375809E-08  0.47991066166383E-09  0.92010097094888E-09
            1.940000  0.86302460324765E-09  0.11601011380259E-08  0.58931701023050E-09  0.87081425050134E-09
            1.960000  0.10316379340838E-08  0.79526240755767E-09  0.77035188481110E-09  0.86575074215086E-09
            1.980000  0.13498605982773E-08  0.55157253658136E-09  0.10623657624514E-08  0.98793296577000E-09
            2.000000  0.17281826154984E-08  0.40933407530084E-09  0.13931957932143E-08  0.11769041613378E-08
            2.020000  0.18084974423146E-08  0.32555500809863E-09  0.14698761438749E-08  0.12013095314294E-08
            2.040000  0.14501718994204E-08  0.27509429359287E-09  0.11783455443730E-08  0.96787057912877E-09
            2.060000  0.10175598081538E-08  0.25122320384036E-09  0.82237232140092E-09  0.69705177779835E-09
            2.080000  0.70896934071527E-09  0.23539596973432E-09  0.56833527387260E-09  0.50423352810740E-09
            2.100000  0.50093242631321E-09  0.19929362115897E-09  0.39890886684078E-09  0.36637830477099E-09
            2.120000  0.35637309229120E-09  0.15087278803420E-09  0.28282065609395E-09  0.26335551213978E-09
            2.140000  0.25906528804686E-09  0.11135767593018E-09  0.20521306291762E-09  0.19187867563155E-09
            2.160000  0.19414394624402E-09  0.84170811657227E-10  0.15354685701381E-09  0.14395387163835E-09
            2.180000  0.14979873631952E-09  0.65741363043024E-10  0.11828854829253E-09  0.11127621588502E-09
            2.200000  0.11850443167025E-09  0.52847753217813E-10  0.93430852446385E-10  0.88261012444816E-10
            2.220000  0.89055374804131E-10  0.14317832021327E-10  0.73064847843755E-10  0.58812684889738E-10
            2.240000  0.72543725797280E-10  0.11053600748779E-10  0.59582438999803E-10  0.47726588515287E-10
            2.260000  0.60261555625208E-10  0.87721013934005E-11  0.49556617955860E-10  0.39530091658156E-10
            2.280000  0.50709574055966E-10  0.71065953426987E-11  0.41765829032056E-10  0.33193999476907E-10
            2.300000  0.43151434566030E-10  0.58622047273505E-11  0.35617624853772E-10  0.28210421382384E-10
            2.320000  0.26121077296698E-11  0.41840283557211E-11  0.21236525730911E-11  0.29732628861607E-11
            2.340000  0.22111448166293E-11  0.35551843069740E-11  0.19447607531007E-11  0.25703632922346E-11
            2.360000  0.19010833426656E-11  0.30752193810493E-11  0.18738158822668E-11  0.22833728686606E-11
            2.380000  0.16533216758570E-11  0.26913187848282E-11  0.18210171095239E-11  0.20552191900697E-11
            2.400000  0.69569043393528E-13  0.16063356852889E-12  0.64454467616159E-12  0.29158242936133E-12
            2.420000  0.58006805039471E-13  0.12228602212566E-12  0.47833173870399E-12  0.21954152195637E-12
            2.440000  0.49955690572525E-13  0.88637568056597E-13  0.32737081110957E-12  0.15532135657956E-12
            2.460000  0.50304880904581E-13  0.69992427423196E-13  0.23195130538454E-12  0.11741620457077E-12
            2.480000  0.58102259852551E-13  0.63296259824239E-13  0.17891477205978E-12  0.10010443057886E-12
            2.500000  0.65828619689826E-13  0.60889366598826E-13  0.14782168402862E-12  0.91513223439091E-13
            2.520000  0.60473689241302E-13  0.52657286794140E-13  0.11920370771258E-12  0.77444894582673E-13
            2.540000  0.44704522300053E-13  0.39305259404210E-13  0.90064868014940E-13  0.58024883239734E-13
            2.560000  0.30426763609543E-13  0.27883207932014E-13  0.67029235409249E-13  0.41779735650269E-13
            2.580000  0.20874860599194E-13  0.20116083336144E-13  0.50974561949857E-13  0.30655168628398E-13
            2.600000  0.14848693207793E-13  0.15026861099824E-13  0.39875405467636E-13  0.23250319925084E-13
            2.620000  0.10975774595087E-13  0.11609180191409E-13  0.32015256810195E-13  0.18200070532230E-13
            2.640000  0.83907850086565E-14  0.92255010504287E-14  0.26249384887924E-13  0.14621890315670E-13
            2.660000  0.65969504196965E-14  0.75004885420359E-14  0.21890377640007E-13  0.11995938867246E-13
            2.680000  0.53078526672976E-14  0.62118096884285E-14  0.18511208950874E-13  0.10010290435533E-13
            2.700000  0.31277377294629E-14  0.20050348969820E-14  0.25136640770560E-14  0.25488122345003E-14
            2.720000  0.25579612394459E-14  0.16394868249546E-14  0.20550788625217E-14  0.20841756423074E-14
            2.740000  0.21239905426722E-14  0.13611637277312E-14  0.17060133272490E-14  0.17303891992175E-14
            2.760000  0.17867962964961E-14  0.11449677886156E-14  0.14349296603531E-14  0.14555645818216E-14
            2.780000  0.15202100040669E-14  0.97407235520057E-15  0.12206821092543E-14  0.12383214895073E-14
            2.800000  0.13062255086351E-14  0.83691253039896E-15  0.10487487395515E-14  0.10639622595285E-14
            2.820000  0.14583503763112E-17  0.63761228049683E-18  0.20115074622674E-17  0.13691567063585E-17
            2.840000  0.37218021785478E-19  0.50409967668696E-18  0.67210603599870E-18  0.40447457815705E-18
            2.860000  0.45773938614199E-18  0.22987745500933E-17  0.83398378855688E-18  0.11968325749307E-17
            2.880000  0.49177731171405E-18  0.22782596426380E-17  0.68110924920606E-18  0.11503820678527E-17
            2.900000  0.56116644753092E-18  0.25602011558997E-17  0.67004406449783E-18  0.12638038893095E-17
            2.920000  0.64806584081792E-18  0.29236874017036E-17  0.68278969466180E-18  0.14181809790611E-17
            2.940000  0.76938387445626E-18  0.34450882808322E-17  0.74292707904180E-18  0.16524664114434E-17
            2.960000  0.91435546678003E-18  0.39932845923831E-17  0.62650504512082E-18  0.18447150347613E-17
            2.980000  0.11084829853085E-17  0.48383036278937E-17  0.75860172949427E-18  0.22351294475655E-17
            3.000000  0.13735930810694E-17  0.59898472047849E-17  0.93956896700889E-18  0.27676697509544E-17
