  0.000000000  0.000000000  0.000000000      18
       1       1   -5.849398769   -6.573725007
       1       2    6.237185186    5.643791901
       1       3    6.237185186    5.643791901
       1       4    6.237185186    5.643791901
       1       5    8.785611086    9.141215392
       1       6    8.785611086    9.141215392
       1       7    8.785611086    9.141215392
       1       8    9.617450644    9.931964623
       1       9   13.943720009   14.139310198
       1      10   14.029230840   14.878612207
       1      11   14.029230840   14.878612207
       1      12   17.421215131   17.773795925
       1      13   17.421215131   17.773795925
       1      14   17.421215131   17.773795925
       1      15   21.367216633   21.289485182
       1      16   29.386182238   28.862613926
       1      17   29.386182238   28.862613926
       1      18   29.386182238   28.862613926
  0.000000000  0.000000000  0.250000000      18
       1       1   -5.034389558   -5.819206748
       1       2    2.263956689    1.508416895
       1       3    5.465709150    4.850744039
       1       4    5.465709150    4.850744039
       1       5    8.231186548    8.524421757
       1       6    9.731476053   10.139762659
       1       7    9.731476053   10.139762659
       1       8   13.097967408   13.461377987
       1       9   13.442004013   14.129632795
       1      10   13.442004013   14.129632795
       1      11   15.048098569   15.320033869
       1      12   17.936310282   18.263900902
       1      13   20.916710889   21.362098101
       1      14   20.916710889   21.362098101
       1      15   24.119384777   24.204676236
       1      16   24.140004521   24.416028342
       1      17   24.140004521   24.416028342
       1      18   26.121816674   25.738954504
  0.000000000  0.000000000  0.500000000      18
       1       1   -3.457438525   -4.311586778
       1       2   -0.841053013   -1.708693161
       1       3    5.023760059    4.354634863
       1       4    5.023760059    4.354634863
       1       5    7.736398161    8.008202828
       1       6    9.542891448    9.996926325
       1       7    9.542891448    9.996926325
       1       8   13.781659879   14.041306287
       1       9   16.849932027   17.617698376
       1      10   16.849932027   17.617698376
       1      11   17.455886298   17.854506181
       1      12   17.599612442   18.176209731
       1      13   17.599612442   18.176209731
       1      14   19.097390050   19.399168419
       1      15   25.491143172   25.573422818
       1      16   26.137257955   25.855435510
       1      17   27.934962581   27.563215605
       1      18   27.934962581   27.563215605
  0.000000000  0.000000000  0.750000000      18
       1       1   -5.034389558   -5.815849494
       1       2    2.263956689    1.515507945
       1       3    5.465709150    4.853085044
       1       4    5.465709150    4.853085044
       1       5    8.231186548    8.520940432
       1       6    9.731476053   10.137409821
       1       7    9.731476053   10.137409821
       1       8   13.097967408   13.455614105
       1       9   13.442004013   14.128480872
       1      10   13.442004013   14.128480872
       1      11   15.048098569   15.320963344
       1      12   17.936310282   18.265805340
       1      13   20.916710889   21.363947089
       1      14   20.916710889   21.363947089
       1      15   24.119384777   24.202014286
       1      16   24.140004521   24.413978877
       1      17   24.140004521   24.413978877
       1      18   26.121816674   25.738082921
  0.000000000  0.250000000  0.000000000      18
       1       1   -5.034389558   -5.819079269
       1       2    2.263956689    1.510223213
       1       3    5.465709150    4.848357384
       1       4    5.465709150    4.848357384
       1       5    8.231186548    8.523537994
       1       6    9.731476053   10.139688807
       1       7    9.731476053   10.139688807
       1       8   13.097967408   13.457037777
       1       9   13.442004013   14.129354110
       1      10   13.442004013   14.129354110
       1      11   15.048098569   15.318856533
       1      12   17.936310282   18.262938117
       1      13   20.916710889   21.359979773
       1      14   20.916710889   21.359979773
       1      15   24.119384777   24.201237029
       1      16   24.140004521   24.412465988
       1      17   24.140004521   24.412465988
       1      18   26.121816674   25.735070470
  0.000000000  0.250000000  0.250000000      18
       1       1   -4.748078052   -5.554252198
       1       2    2.722634147    1.969074774
       1       3    4.309576874    3.641448210
       1       4    4.309576874    3.641448210
       1       5    7.277246253    7.530088288
       1       6    9.284086614    9.675458040
       1       7   12.007457456   12.482306696
       1       8   12.007457456   12.482306696
       1       9   14.259996920   14.754759951
       1      10   15.249423658   16.097160210
       1      11   17.489718837   17.743679070
       1      12   19.240303572   19.630629097
       1      13   19.240303572   19.630629097
       1      14   19.888090568   20.266041475
       1      15   23.617512410   23.883348159
       1      16   23.617512410   23.883348159
       1      17   24.747656253   25.061893516
       1      18   26.409917799   26.256084150
  0.000000000  0.250000000  0.500000000      18
       1       1   -3.074057536   -3.952925637
       1       2   -0.196046512   -1.070599251
       1       3    2.620183433    1.915931944
       1       4    3.992130669    3.282812916
       1       5    7.658915145    7.950980235
       1       6   10.623973936   11.017663813
       1       7   11.970981173   12.410943881
       1       8   12.158678144   12.694091494
       1       9   16.398554000   16.848764615
       1      10   16.819439603   17.518595830
       1      11   18.467922075   19.186037386
       1      12   18.878932608   19.366520324
       1      13   19.155010343   19.505035510
       1      14   23.005281524   23.288729028
       1      15   24.052965618   24.328666446
       1      16   24.819349158   25.025313919
       1      17   25.634525596   25.645502052
       1      18   25.789121013   25.773503701
  0.000000000  0.250000000  0.750000000      18
       1       1   -3.763864736   -4.616719866
       1       2    0.724758859   -0.119734590
       1       3    2.386250768    1.679680377
       1       4    4.888912911    4.233060082
       1       5    8.626085994    8.983063489
       1       6   11.029908267   11.500923192
       1       7   11.323718433   11.698371765
       1       8   12.340095291   12.745266120
       1       9   12.668193755   13.298067809
       1      10   15.850248558   16.335137124
       1      11   18.776626210   19.214474999
       1      12   19.453336929   20.090524984
       1      13   19.592634174   19.944445598
       1      14   22.862681499   23.036604744
       1      15   23.409345218   23.900176325
       1      16   23.607192233   23.858822284
       1      17   24.979844307   25.184282134
       1      18   27.394533399   27.191122806
  0.000000000  0.500000000  0.000000000      18
       1       1   -3.457438525   -4.313168365
       1       2   -0.841053013   -1.713278850
       1       3    5.023760059    4.346237063
       1       4    5.023760059    4.346237063
       1       5    7.736398161    8.006601960
       1       6    9.542891448    9.998207864
       1       7    9.542891448    9.998207864
       1       8   13.781659879   14.040926498
       1       9   16.849932027   17.614017596
       1      10   16.849932027   17.614017596
       1      11   17.455886298   17.851656926
       1      12   17.599612442   18.173658333
       1      13   17.599612442   18.173658333
       1      14   19.097390050   19.394878655
       1      15   25.491143172   25.569591286
       1      16   26.137257955   25.850664229
       1      17   27.934962581   27.559456273
       1      18   27.934962581   27.559456273
  0.000000000  0.500000000  0.250000000      18
       1       1   -3.074057536   -3.953813298
       1       2   -0.196046512   -1.069256137
       1       3    2.620183433    1.913801298
       1       4    3.992130669    3.282665420
       1       5    7.658915145    7.951139781
       1       6   10.623973936   11.010989804
       1       7   11.970981173   12.414726800
       1       8   12.158678144   12.696713212
       1       9   16.398554000   16.851089748
       1      10   16.819439603   17.519976466
       1      11   18.467922075   19.185972728
       1      12   18.878932608   19.366894313
       1      13   19.155010343   19.506433255
       1      14   23.005281524   23.286979234
       1      15   24.052965618   24.331562994
       1      16   24.819349158   25.023584203
       1      17   25.634525596   25.644618690
       1      18   25.789121013   25.771626045
  0.000000000  0.500000000  0.500000000      18
       1       1   -1.630637313   -2.518761411
       1       2   -1.630637313   -2.518761411
       1       3    3.332271838    2.569733184
       1       4    3.332271838    2.569733184
       1       5    6.823756138    7.077121279
       1       6    6.823756138    7.077121279
       1       7   16.345290333   16.778191980
       1       8   16.345290333   16.778191980
       1       9   17.260866721   18.048224148
       1      10   17.260866721   18.048224148
       1      11   18.881140154   19.675252772
       1      12   18.881140154   19.675252772
       1      13   19.147264143   19.506864374
       1      14   19.147264143   19.506864374
       1      15   25.078963174   25.289100755
       1      16   25.078963174   25.289100755
       1      17   25.920857748   25.599795350
       1      18   25.920857748   25.599795350
  0.000000000  0.500000000  0.750000000      18
       1       1   -3.074057536   -3.946384467
       1       2   -0.196046512   -1.075178536
       1       3    2.620183433    1.915551620
       1       4    3.992130669    3.283444657
       1       5    7.658915145    7.950084297
       1       6   10.623973936   11.015652906
       1       7   11.970981173   12.410852536
       1       8   12.158678144   12.695174903
       1       9   16.398554000   16.846431364
       1      10   16.819439603   17.513363165
       1      11   18.467922075   19.193447499
       1      12   18.878932608   19.371633872
       1      13   19.155010343   19.506801675
       1      14   23.005281524   23.288954394
       1      15   24.052965618   24.325576584
       1      16   24.819349158   25.023880221
       1      17   25.634525596   25.644007155
       1      18   25.789121013   25.768015257
  0.000000000  0.750000000  0.000000000      18
       1       1   -5.034389558   -5.816260221
       1       2    2.263956689    1.508113137
       1       3    5.465709150    4.850198912
       1       4    5.465709150    4.850198912
       1       5    8.231186548    8.520770542
       1       6    9.731476053   10.139145398
       1       7    9.731476053   10.139145398
       1       8   13.097967408   13.456707261
       1       9   13.442004013   14.129852097
       1      10   13.442004013   14.129852097
       1      11   15.048098569   15.319124202
       1      12   17.936310282   18.265541399
       1      13   20.916710889   21.363177433
       1      14   20.916710889   21.363177433
       1      15   24.119384777   24.201810976
       1      16   24.140004521   24.412545429
       1      17   24.140004521   24.412545429
       1      18   26.121816674   25.740921137
  0.000000000  0.750000000  0.250000000      18
       1       1   -3.763864736   -4.617233759
       1       2    0.724758859   -0.122717778
       1       3    2.386250768    1.677259875
       1       4    4.888912911    4.232738941
       1       5    8.626085994    8.983516440
       1       6   11.029908267   11.502625088
       1       7   11.323718433   11.700828660
       1       8   12.340095291   12.747117942
       1       9   12.668193755   13.299601376
       1      10   15.850248558   16.333090637
       1      11   18.776626210   19.214777316
       1      12   19.453336929   20.091542772
       1      13   19.592634174   19.944883930
       1      14   22.862681499   23.038496711
       1      15   23.409345218   23.898665145
       1      16   23.607192233   23.859504120
       1      17   24.979844307   25.184384813
       1      18   27.394533399   27.195558374
  0.000000000  0.750000000  0.500000000      18
       1       1   -3.074057536   -3.946410957
       1       2   -0.196046512   -1.073399888
       1       3    2.620183433    1.913729304
       1       4    3.992130669    3.283289050
       1       5    7.658915145    7.950291864
       1       6   10.623973936   11.008946361
       1       7   11.970981173   12.414777662
       1       8   12.158678144   12.698177920
       1       9   16.398554000   16.848528592
       1      10   16.819439603   17.514690353
       1      11   18.467922075   19.193543665
       1      12   18.878932608   19.371432188
       1      13   19.155010343   19.508233776
       1      14   23.005281524   23.288671729
       1      15   24.052965618   24.327745311
       1      16   24.819349158   25.021990187
       1      17   25.634525596   25.640918466
       1      18   25.789121013   25.768088065
  0.000000000  0.750000000  0.750000000      18
       1       1   -4.748078052   -5.547677759
       1       2    2.722634147    1.974034966
       1       3    4.309576874    3.643350656
       1       4    4.309576874    3.643350656
       1       5    7.277246253    7.528514813
       1       6    9.284086614    9.671894427
       1       7   12.007457456   12.480701895
       1       8   12.007457456   12.480701895
       1       9   14.259996920   14.755616672
       1      10   15.249423658   16.101129561
       1      11   17.489718837   17.744864312
       1      12   19.240303572   19.631593179
       1      13   19.240303572   19.631593179
       1      14   19.888090568   20.269827618
       1      15   23.617512410   23.879424194
       1      16   23.617512410   23.879424194
       1      17   24.747656253   25.057048543
       1      18   26.409917799   26.251754721
  0.250000000  0.000000000  0.000000000      18
       1       1   -5.034389558   -5.817471517
       1       2    2.263956689    1.506347009
       1       3    5.465709150    4.848384056
       1       4    5.465709150    4.848384056
       1       5    8.231186548    8.521996501
       1       6    9.731476053   10.138769881
       1       7    9.731476053   10.138769881
       1       8   13.097967408   13.458760397
       1       9   13.442004013   14.130466320
       1      10   13.442004013   14.130466320
       1      11   15.048098569   15.317103654
       1      12   17.936310282   18.264754265
       1      13   20.916710889   21.362517704
       1      14   20.916710889   21.362517704
       1      15   24.119384777   24.197370656
       1      16   24.140004521   24.411995581
       1      17   24.140004521   24.411995581
       1      18   26.121816674   25.727040069
  0.250000000  0.000000000  0.250000000      18
       1       1   -4.748078052   -5.548803291
       1       2    2.722634147    1.967350073
       1       3    4.309576874    3.640157907
       1       4    4.309576874    3.640157907
       1       5    7.277246253    7.530373535
       1       6    9.284086614    9.675127521
       1       7   12.007457456   12.483209177
       1       8   12.007457456   12.483209177
       1       9   14.259996920   14.756000940
       1      10   15.249423658   16.096944246
       1      11   17.489718837   17.747128263
       1      12   19.240303572   19.630622944
       1      13   19.240303572   19.630622944
       1      14   19.888090568   20.271844866
       1      15   23.617512410   23.880637618
       1      16   23.617512410   23.880637618
       1      17   24.747656253   25.055666639
       1      18   26.409917799   26.251650212
  0.250000000  0.000000000  0.500000000      18
       1       1   -3.074057536   -3.952287143
       1       2   -0.196046512   -1.070612330
       1       3    2.620183433    1.911403860
       1       4    3.992130669    3.281453131
       1       5    7.658915145    7.949047606
       1       6   10.623973936   11.012051038
       1       7   11.970981173   12.415970571
       1       8   12.158678144   12.700004962
       1       9   16.398554000   16.849053304
       1      10   16.819439603   17.517313919
       1      11   18.467922075   19.188973122
       1      12   18.878932608   19.369870396
       1      13   19.155010343   19.507589065
       1      14   23.005281524   23.287048619
       1      15   24.052965618   24.328251091
       1      16   24.819349158   25.027432288
       1      17   25.634525596   25.642487017
       1      18   25.789121013   25.769064785
  0.250000000  0.000000000  0.750000000      18
       1       1   -3.763864736   -4.612548871
       1       2    0.724758859   -0.120711173
       1       3    2.386250768    1.679050516
       1       4    4.888912911    4.234797057
       1       5    8.626085994    8.983223180
       1       6   11.029908267   11.503535650
       1       7   11.323718433   11.699371045
       1       8   12.340095291   12.746208730
       1       9   12.668193755   13.299727142
       1      10   15.850248558   16.332567195
       1      11   18.776626210   19.214628049
       1      12   19.453336929   20.092851419
       1      13   19.592634174   19.942102361
       1      14   22.862681499   23.039572022
       1      15   23.409345218   23.902756395
       1      16   23.607192233   23.857376800
       1      17   24.979844307   25.187074327
       1      18   27.394533399   27.189137227
  0.250000000  0.250000000  0.000000000      18
       1       1   -4.748078052   -5.550440548
       1       2    2.722634147    1.971146948
       1       3    4.309576874    3.638249135
       1       4    4.309576874    3.638249135
       1       5    7.277246253    7.528953641
       1       6    9.284086614    9.673573397
       1       7   12.007457456   12.479553355
       1       8   12.007457456   12.479553355
       1       9   14.259996920   14.750467482
       1      10   15.249423658   16.101252187
       1      11   17.489718837   17.741156701
       1      12   19.240303572   19.629459436
       1      13   19.240303572   19.629459436
       1      14   19.888090568   20.263651568
       1      15   23.617512410   23.880538751
       1      16   23.617512410   23.880538751
       1      17   24.747656253   25.077769170
       1      18   26.409917799   26.238697634
  0.250000000  0.250000000  0.250000000      18
       1       1   -5.034389558   -5.822663795
       1       2    2.263956689    1.511167994
       1       3    5.465709150    4.850913307
       1       4    5.465709150    4.850913307
       1       5    8.231186548    8.524100030
       1       6    9.731476053   10.140249499
       1       7    9.731476053   10.140249499
       1       8   13.097967408   13.463047561
       1       9   13.442004013   14.128557111
       1      10   13.442004013   14.128557111
       1      11   15.048098569   15.320183888
       1      12   17.936310282   18.264655194
       1      13   20.916710889   21.362957859
       1      14   20.916710889   21.362957859
       1      15   24.119384777   24.209117991
       1      16   24.140004521   24.417477784
       1      17   24.140004521   24.417477784
       1      18   26.121816674   25.731306927
  0.250000000  0.250000000  0.500000000      18
       1       1   -3.763864736   -4.615336723
       1       2    0.724758859   -0.124642863
       1       3    2.386250768    1.676501905
       1       4    4.888912911    4.233521349
       1       5    8.626085994    8.982309482
       1       6   11.029908267   11.503399513
       1       7   11.323718433   11.699949468
       1       8   12.340095291   12.745949196
       1       9   12.668193755   13.301527589
       1      10   15.850248558   16.335492735
       1      11   18.776626210   19.209738514
       1      12   19.453336929   20.087528099
       1      13   19.592634174   19.940238661
       1      14   22.862681499   23.038498260
       1      15   23.409345218   23.905869754
       1      16   23.607192233   23.856397700
       1      17   24.979844307   25.195356106
       1      18   27.394533399   27.184794905
  0.250000000  0.250000000  0.750000000      18
       1       1   -3.074057536   -3.950095602
       1       2   -0.196046512   -1.073735254
       1       3    2.620183433    1.913267775
       1       4    3.992130669    3.281836179
       1       5    7.658915145    7.949111212
       1       6   10.623973936   11.011393917
       1       7   11.970981173   12.415730367
       1       8   12.158678144   12.698259433
       1       9   16.398554000   16.848137514
       1      10   16.819439603   17.520355195
       1      11   18.467922075   19.196338711
       1      12   18.878932608   19.369780423
       1      13   19.155010343   19.506984271
       1      14   23.005281524   23.288717604
       1      15   24.052965618   24.337048572
       1      16   24.819349158   25.018456417
       1      17   25.634525596   25.649630098
       1      18   25.789121013   25.770810982
  0.250000000  0.500000000  0.000000000      18
       1       1   -3.074057536   -3.951313631
       1       2   -0.196046512   -1.071542270
       1       3    2.620183433    1.909462742
       1       4    3.992130669    3.279758826
       1       5    7.658915145    7.947852664
       1       6   10.623973936   11.010270418
       1       7   11.970981173   12.413866409
       1       8   12.158678144   12.699398313
       1       9   16.398554000   16.846903301
       1      10   16.819439603   17.519186877
       1      11   18.467922075   19.190693273
       1      12   18.878932608   19.365862423
       1      13   19.155010343   19.504831814
       1      14   23.005281524   23.284639726
       1      15   24.052965618   24.332418246
       1      16   24.819349158   25.022839382
       1      17   25.634525596   25.647168792
       1      18   25.789121013   25.762155817
  0.250000000  0.500000000  0.250000000      18
       1       1   -3.763864736   -4.619579468
       1       2    0.724758859   -0.125929878
       1       3    2.386250768    1.675516135
       1       4    4.888912911    4.231554343
       1       5    8.626085994    8.982826149
       1       6   11.029908267   11.501741487
       1       7   11.323718433   11.701405588
       1       8   12.340095291   12.746284308
       1       9   12.668193755   13.300148672
       1      10   15.850248558   16.338172709
       1      11   18.776626210   19.211307032
       1      12   19.453336929   20.091291033
       1      13   19.592634174   19.942378872
       1      14   22.862681499   23.037167622
       1      15   23.409345218   23.900427802
       1      16   23.607192233   23.858880507
       1      17   24.979844307   25.191529153
       1      18   27.394533399   27.191283136
  0.250000000  0.500000000  0.500000000      18
       1       1   -3.074057536   -3.954467991
       1       2   -0.196046512   -1.070873645
       1       3    2.620183433    1.915032406
       1       4    3.992130669    3.283782556
       1       5    7.658915145    7.950232590
       1       6   10.623973936   11.017839922
       1       7   11.970981173   12.408225615
       1       8   12.158678144   12.693972531
       1       9   16.398554000   16.848998565
       1      10   16.819439603   17.518862465
       1      11   18.467922075   19.187199000
       1      12   18.878932608   19.367639305
       1      13   19.155010343   19.505748127
       1      14   23.005281524   23.287911642
       1      15   24.052965618   24.330183656
       1      16   24.819349158   25.026014941
       1      17   25.634525596   25.646962121
       1      18   25.789121013   25.769357759
  0.250000000  0.500000000  0.750000000      18
       1       1   -1.453539447   -2.348173448
       1       2   -1.453539447   -2.348173448
       1       3    2.277601763    1.554227250
       1       4    2.277601763    1.554227250
       1       5   10.432853649   10.787494432
       1       6   10.432853649   10.787494432
       1       7   11.226989114   11.685509749
       1       8   11.226989114   11.685509749
       1       9   16.833282579   17.438803105
       1      10   16.833282579   17.438803105
       1      11   19.278354235   19.862967393
       1      12   19.278354235   19.862967393
       1      13   22.650996868   22.946249997
       1      14   22.650996868   22.946249997
       1      15   24.723349938   24.573902865
       1      16   24.723349938   24.573902865
       1      17   25.141192184   25.358073152
       1      18   25.141192184   25.358073152
  0.250000000  0.750000000  0.000000000      18
       1       1   -3.763864736   -4.612192379
       1       2    0.724758859   -0.125036893
       1       3    2.386250768    1.674837501
       1       4    4.888912911    4.229709922
       1       5    8.626085994    8.980956197
       1       6   11.029908267   11.501774250
       1       7   11.323718433   11.697814586
       1       8   12.340095291   12.743314783
       1       9   12.668193755   13.300978878
       1      10   15.850248558   16.331105633
       1      11   18.776626210   19.211944822
       1      12   19.453336929   20.089359598
       1      13   19.592634174   19.939921707
       1      14   22.862681499   23.039422414
       1      15   23.409345218   23.900464781
       1      16   23.607192233   23.850604912
       1      17   24.979844307   25.190179742
       1      18   27.394533399   27.179701310
  0.250000000  0.750000000  0.250000000      18
       1       1   -3.074057536   -3.949550450
       1       2   -0.196046512   -1.074671296
       1       3    2.620183433    1.913288756
       1       4    3.992130669    3.281795019
       1       5    7.658915145    7.950375136
       1       6   10.623973936   11.013057629
       1       7   11.970981173   12.416141792
       1       8   12.158678144   12.697361240
       1       9   16.398554000   16.847289124
       1      10   16.819439603   17.514674013
       1      11   18.467922075   19.192143897
       1      12   18.878932608   19.370382994
       1      13   19.155010343   19.506698003
       1      14   23.005281524   23.291275409
       1      15   24.052965618   24.332092895
       1      16   24.819349158   25.020490981
       1      17   25.634525596   25.649543614
       1      18   25.789121013   25.772467614
  0.250000000  0.750000000  0.500000000      18
       1       1   -1.453539447   -2.352032473
       1       2   -1.453539447   -2.352032473
       1       3    2.277601763    1.552782700
       1       4    2.277601763    1.552782700
       1       5   10.432853649   10.785558675
       1       6   10.432853649   10.785558675
       1       7   11.226989114   11.687859637
       1       8   11.226989114   11.687859637
       1       9   16.833282579   17.440900348
       1      10   16.833282579   17.440900348
       1      11   19.278354235   19.861736928
       1      12   19.278354235   19.861736928
       1      13   22.650996868   22.944558630
       1      14   22.650996868   22.944558630
       1      15   24.723349938   24.571940814
       1      16   24.723349938   24.571940814
       1      17   25.141192184   25.370952895
       1      18   25.141192184   25.370952895
  0.250000000  0.750000000  0.750000000      18
       1       1   -3.074057536   -3.947910459
       1       2   -0.196046512   -1.075575424
       1       3    2.620183433    1.915389965
       1       4    3.992130669    3.282952551
       1       5    7.658915145    7.949257605
       1       6   10.623973936   11.017284437
       1       7   11.970981173   12.411923081
       1       8   12.158678144   12.694408435
       1       9   16.398554000   16.846140848
       1      10   16.819439603   17.513508862
       1      11   18.467922075   19.193396551
       1      12   18.878932608   19.370956980
       1      13   19.155010343   19.506268881
       1      14   23.005281524   23.290826859
       1      15   24.052965618   24.328859496
       1      16   24.819349158   25.023882298
       1      17   25.634525596   25.647639831
       1      18   25.789121013   25.770697384
  0.500000000  0.000000000  0.000000000      18
       1       1   -3.457438525   -4.309226918
       1       2   -0.841053013   -1.718987788
       1       3    5.023760059    4.346465612
       1       4    5.023760059    4.346465612
       1       5    7.736398161    8.006532058
       1       6    9.542891448    9.997824708
       1       7    9.542891448    9.997824708
       1       8   13.781659879   14.038676680
       1       9   16.849932027   17.615140954
       1      10   16.849932027   17.615140954
       1      11   17.455886298   17.850505065
       1      12   17.599612442   18.173141009
       1      13   17.599612442   18.173141009
       1      14   19.097390050   19.395495291
       1      15   25.491143172   25.568570183
       1      16   26.137257955   25.854236625
       1      17   27.934962581   27.556059651
       1      18   27.934962581   27.556059651
  0.500000000  0.000000000  0.250000000      18
       1       1   -3.074057536   -3.950289349
       1       2   -0.196046512   -1.074277201
       1       3    2.620183433    1.911247945
       1       4    3.992130669    3.282641405
       1       5    7.658915145    7.950214826
       1       6   10.623973936   11.014212693
       1       7   11.970981173   12.414780128
       1       8   12.158678144   12.697822328
       1       9   16.398554000   16.847119034
       1      10   16.819439603   17.515441520
       1      11   18.467922075   19.191950979
       1      12   18.878932608   19.371508178
       1      13   19.155010343   19.507027651
       1      14   23.005281524   23.289536458
       1      15   24.052965618   24.330430884
       1      16   24.819349158   25.024044992
       1      17   25.634525596   25.643966572
       1      18   25.789121013   25.767489779
  0.500000000  0.000000000  0.500000000      18
       1       1   -1.630637313   -2.517838777
       1       2   -1.630637313   -2.517838777
       1       3    3.332271838    2.570381548
       1       4    3.332271838    2.570381548
       1       5    6.823756138    7.077665690
       1       6    6.823756138    7.077665690
       1       7   16.345290333   16.778777928
       1       8   16.345290333   16.778777928
       1       9   17.260866721   18.048568174
       1      10   17.260866721   18.048568174
       1      11   18.881140154   19.675450403
       1      12   18.881140154   19.675450403
       1      13   19.147264143   19.507273134
       1      14   19.147264143   19.507273134
       1      15   25.078963174   25.288963451
       1      16   25.078963174   25.288963451
       1      17   25.920857748   25.600781464
       1      18   25.920857748   25.600781464
  0.500000000  0.000000000  0.750000000      18
       1       1   -3.074057536   -3.949987202
       1       2   -0.196046512   -1.072471236
       1       3    2.620183433    1.917690153
       1       4    3.992130669    3.283944329
       1       5    7.658915145    7.950132636
       1       6   10.623973936   11.012007222
       1       7   11.970981173   12.410191742
       1       8   12.158678144   12.694095290
       1       9   16.398554000   16.850238771
       1      10   16.819439603   17.518677241
       1      11   18.467922075   19.189423443
       1      12   18.878932608   19.367597145
       1      13   19.155010343   19.505105114
       1      14   23.005281524   23.288162338
       1      15   24.052965618   24.328851123
       1      16   24.819349158   25.027393107
       1      17   25.634525596   25.644461428
       1      18   25.789121013   25.773477752
  0.500000000  0.250000000  0.000000000      18
       1       1   -3.074057536   -3.949117124
       1       2   -0.196046512   -1.075579591
       1       3    2.620183433    1.909540320
       1       4    3.992130669    3.281031959
       1       5    7.658915145    7.949166923
       1       6   10.623973936   11.013398485
       1       7   11.970981173   12.412038914
       1       8   12.158678144   12.696634776
       1       9   16.398554000   16.844346563
       1      10   16.819439603   17.516672988
       1      11   18.467922075   19.194201514
       1      12   18.878932608   19.367377255
       1      13   19.155010343   19.504606782
       1      14   23.005281524   23.288670895
       1      15   24.052965618   24.335795706
       1      16   24.819349158   25.018241516
       1      17   25.634525596   25.649771130
       1      18   25.789121013   25.762185930
  0.500000000  0.250000000  0.250000000      18
       1       1   -3.763864736   -4.615544581
       1       2    0.724758859   -0.128399117
       1       3    2.386250768    1.673914527
       1       4    4.888912911    4.231865051
       1       5    8.626085994    8.982257306
       1       6   11.029908267   11.502432319
       1       7   11.323718433   11.701868956
       1       8   12.340095291   12.747001358
       1       9   12.668193755   13.299887808
       1      10   15.850248558   16.333738823
       1      11   18.776626210   19.211780019
       1      12   19.453336929   20.094619052
       1      13   19.592634174   19.940465222
       1      14   22.862681499   23.039888649
       1      15   23.409345218   23.898094952
       1      16   23.607192233   23.855680070
       1      17   24.979844307   25.182178401
       1      18   27.394533399   27.183044318
  0.500000000  0.250000000  0.500000000      18
       1       1   -3.074057536   -3.952889033
       1       2   -0.196046512   -1.071639801
       1       3    2.620183433    1.913462748
       1       4    3.992130669    3.282498399
       1       5    7.658915145    7.949573362
       1       6   10.623973936   11.014701266
       1       7   11.970981173   12.414623790
       1       8   12.158678144   12.697744047
       1       9   16.398554000   16.849227397
       1      10   16.819439603   17.517293698
       1      11   18.467922075   19.189276037
       1      12   18.878932608   19.369462061
       1      13   19.155010343   19.507351886
       1      14   23.005281524   23.289790440
       1      15   24.052965618   24.330608608
       1      16   24.819349158   25.025016521
       1      17   25.634525596   25.648646807
       1      18   25.789121013   25.772730978
  0.500000000  0.250000000  0.750000000      18
       1       1   -1.453539447   -2.349840705
       1       2   -1.453539447   -2.349840705
       1       3    2.277601763    1.554280228
       1       4    2.277601763    1.554280228
       1       5   10.432853649   10.787171923
       1       6   10.432853649   10.787171923
       1       7   11.226989114   11.686238249
       1       8   11.226989114   11.686238249
       1       9   16.833282579   17.440221252
       1      10   16.833282579   17.440221252
       1      11   19.278354235   19.864730080
       1      12   19.278354235   19.864730080
       1      13   22.650996868   22.945405636
       1      14   22.650996868   22.945405636
       1      15   24.723349938   24.572603130
       1      16   24.723349938   24.572603130
       1      17   25.141192184   25.364878065
       1      18   25.141192184   25.364878065
  0.500000000  0.500000000  0.000000000      18
       1       1   -1.630637313   -2.519170731
       1       2   -1.630637313   -2.519170731
       1       3    3.332271838    2.569154871
       1       4    3.332271838    2.569154871
       1       5    6.823756138    7.076134817
       1       6    6.823756138    7.076134817
       1       7   16.345290333   16.781581240
       1       8   16.345290333   16.781581240
       1       9   17.260866721   18.050415759
       1      10   17.260866721   18.050415759
       1      11   18.881140154   19.681981329
       1      12   18.881140154   19.681981329
       1      13   19.147264143   19.506528329
       1      14   19.147264143   19.506528329
       1      15   25.078963174   25.288551770
       1      16   25.078963174   25.288551770
       1      17   25.920857748   25.604179002
       1      18   25.920857748   25.604179002
  0.500000000  0.500000000  0.250000000      18
       1       1   -3.074057536   -3.953285429
       1       2   -0.196046512   -1.071061992
       1       3    2.620183433    1.913464447
       1       4    3.992130669    3.282696173
       1       5    7.658915145    7.948449711
       1       6   10.623973936   11.013869110
       1       7   11.970981173   12.413843028
       1       8   12.158678144   12.698087352
       1       9   16.398554000   16.849497416
       1      10   16.819439603   17.522309228
       1      11   18.467922075   19.194035448
       1      12   18.878932608   19.369358398
       1      13   19.155010343   19.507147032
       1      14   23.005281524   23.287519693
       1      15   24.052965618   24.335874148
       1      16   24.819349158   25.020979892
       1      17   25.634525596   25.649217208
       1      18   25.789121013   25.770839232
  0.500000000  0.500000000  0.500000000      18
       1       1   -3.457438525   -4.308720170
       1       2   -0.841053013   -1.722853262
       1       3    5.023760059    4.346557844
       1       4    5.023760059    4.346557844
       1       5    7.736398161    8.007378341
       1       6    9.542891448    9.996780642
       1       7    9.542891448    9.996780642
       1       8   13.781659879   14.036317296
       1       9   16.849932027   17.618133530
       1      10   16.849932027   17.618133530
       1      11   17.455886298   17.852342646
       1      12   17.599612442   18.175723825
       1      13   17.599612442   18.175723825
       1      14   19.097390050   19.399779797
       1      15   25.491143172   25.567599970
       1      16   26.137257955   25.853151874
       1      17   27.934962581   27.558666312
       1      18   27.934962581   27.558666312
  0.500000000  0.500000000  0.750000000      18
       1       1   -3.074057536   -3.950404764
       1       2   -0.196046512   -1.071327811
       1       3    2.620183433    1.916069309
       1       4    3.992130669    3.282386939
       1       5    7.658915145    7.949331408
       1       6   10.623973936   11.010999496
       1       7   11.970981173   12.411186907
       1       8   12.158678144   12.696020392
       1       9   16.398554000   16.848134558
       1      10   16.819439603   17.518908577
       1      11   18.467922075   19.196298262
       1      12   18.878932608   19.369705264
       1      13   19.155010343   19.506059764
       1      14   23.005281524   23.287231930
       1      15   24.052965618   24.335037750
       1      16   24.819349158   25.018701999
       1      17   25.634525596   25.648103344
       1      18   25.789121013   25.767414517
  0.500000000  0.750000000  0.000000000      18
       1       1   -3.074057536   -3.949478018
       1       2   -0.196046512   -1.073262579
       1       3    2.620183433    1.912605917
       1       4    3.992130669    3.282039803
       1       5    7.658915145    7.948672862
       1       6   10.623973936   11.010247556
       1       7   11.970981173   12.410018189
       1       8   12.158678144   12.695730664
       1       9   16.398554000   16.848204193
       1      10   16.819439603   17.521639682
       1      11   18.467922075   19.192212309
       1      12   18.878932608   19.365425237
       1      13   19.155010343   19.504142098
       1      14   23.005281524   23.286809872
       1      15   24.052965618   24.331948180
       1      16   24.819349158   25.023661464
       1      17   25.634525596   25.646790135
       1      18   25.789121013   25.765810198
  0.500000000  0.750000000  0.250000000      18
       1       1   -1.453539447   -2.350018432
       1       2   -1.453539447   -2.350018432
       1       3    2.277601763    1.553043838
       1       4    2.277601763    1.553043838
       1       5   10.432853649   10.786373110
       1       6   10.432853649   10.786373110
       1       7   11.226989114   11.687082417
       1       8   11.226989114   11.687082417
       1       9   16.833282579   17.439951474
       1      10   16.833282579   17.439951474
       1      11   19.278354235   19.864230873
       1      12   19.278354235   19.864230873
       1      13   22.650996868   22.944932331
       1      14   22.650996868   22.944932331
       1      15   24.723349938   24.572744668
       1      16   24.723349938   24.572744668
       1      17   25.141192184   25.366768719
       1      18   25.141192184   25.366768719
  0.500000000  0.750000000  0.500000000      18
       1       1   -3.074057536   -3.951014520
       1       2   -0.196046512   -1.071253740
       1       3    2.620183433    1.916453143
       1       4    3.992130669    3.282404280
       1       5    7.658915145    7.950587230
       1       6   10.623973936   11.012704773
       1       7   11.970981173   12.410387804
       1       8   12.158678144   12.694261011
       1       9   16.398554000   16.848586646
       1      10   16.819439603   17.516226752
       1      11   18.467922075   19.191405095
       1      12   18.878932608   19.369675638
       1      13   19.155010343   19.506409101
       1      14   23.005281524   23.289090304
       1      15   24.052965618   24.330147316
       1      16   24.819349158   25.020964652
       1      17   25.634525596   25.645645346
       1      18   25.789121013   25.769946275
  0.500000000  0.750000000  0.750000000      18
       1       1   -3.763864736   -4.612488202
       1       2    0.724758859   -0.129769328
       1       3    2.386250768    1.675944075
       1       4    4.888912911    4.234194029
       1       5    8.626085994    8.981751770
       1       6   11.029908267   11.500688890
       1       7   11.323718433   11.697209379
       1       8   12.340095291   12.745233682
       1       9   12.668193755   13.297459256
       1      10   15.850248558   16.334593275
       1      11   18.776626210   19.210872013
       1      12   19.453336929   20.094487180
       1      13   19.592634174   19.940435560
       1      14   22.862681499   23.039948713
       1      15   23.409345218   23.899583644
       1      16   23.607192233   23.856020111
       1      17   24.979844307   25.186942254
       1      18   27.394533399   27.186467174
  0.750000000  0.000000000  0.000000000      18
       1       1   -5.034389558   -5.818670263
       1       2    2.263956689    1.510949001
       1       3    5.465709150    4.849522965
       1       4    5.465709150    4.849522965
       1       5    8.231186548    8.521629980
       1       6    9.731476053   10.138839113
       1       7    9.731476053   10.138839113
       1       8   13.097967408   13.455210684
       1       9   13.442004013   14.128685997
       1      10   13.442004013   14.128685997
       1      11   15.048098569   15.316983192
       1      12   17.936310282   18.262333949
       1      13   20.916710889   21.359325443
       1      14   20.916710889   21.359325443
       1      15   24.119384777   24.205410143
       1      16   24.140004521   24.416743828
       1      17   24.140004521   24.416743828
       1      18   26.121816674   25.728622066
  0.750000000  0.000000000  0.250000000      18
       1       1   -3.763864736   -4.615970221
       1       2    0.724758859   -0.121304488
       1       3    2.386250768    1.678638539
       1       4    4.888912911    4.236112861
       1       5    8.626085994    8.985520497
       1       6   11.029908267   11.503160547
       1       7   11.323718433   11.700447293
       1       8   12.340095291   12.746875690
       1       9   12.668193755   13.300243642
       1      10   15.850248558   16.334666033
       1      11   18.776626210   19.212611132
       1      12   19.453336929   20.088438226
       1      13   19.592634174   19.943520618
       1      14   22.862681499   23.037872452
       1      15   23.409345218   23.904531114
       1      16   23.607192233   23.861418293
       1      17   24.979844307   25.191912907
       1      18   27.394533399   27.192225187
  0.750000000  0.000000000  0.500000000      18
       1       1   -3.074057536   -3.949819218
       1       2   -0.196046512   -1.072916752
       1       3    2.620183433    1.917285050
       1       4    3.992130669    3.284785032
       1       5    7.658915145    7.950656993
       1       6   10.623973936   11.014529733
       1       7   11.970981173   12.408738172
       1       8   12.158678144   12.692633735
       1       9   16.398554000   16.847719774
       1      10   16.819439603   17.515045664
       1      11   18.467922075   19.190655936
       1      12   18.878932608   19.368280495
       1      13   19.155010343   19.505263965
       1      14   23.005281524   23.290189215
       1      15   24.052965618   24.332456398
       1      16   24.819349158   25.024371107
       1      17   25.634525596   25.648261762
       1      18   25.789121013   25.773877323
  0.750000000  0.000000000  0.750000000      18
       1       1   -4.748078052   -5.546472954
       1       2    2.722634147    1.976168553
       1       3    4.309576874    3.644374032
       1       4    4.309576874    3.644374032
       1       5    7.277246253    7.530095147
       1       6    9.284086614    9.675155031
       1       7   12.007457456   12.476156750
       1       8   12.007457456   12.476156750
       1       9   14.259996920   14.750962234
       1      10   15.249423658   16.098514604
       1      11   17.489718837   17.743265585
       1      12   19.240303572   19.630224333
       1      13   19.240303572   19.630224333
       1      14   19.888090568   20.267241114
       1      15   23.617512410   23.881006730
       1      16   23.617512410   23.881006730
       1      17   24.747656253   25.057464666
       1      18   26.409917799   26.251879465
  0.750000000  0.250000000  0.000000000      18
       1       1   -3.763864736   -4.616614642
       1       2    0.724758859   -0.124933170
       1       3    2.386250768    1.674806318
       1       4    4.888912911    4.230984610
       1       5    8.626085994    8.983350233
       1       6   11.029908267   11.500604562
       1       7   11.323718433   11.698508025
       1       8   12.340095291   12.743852423
       1       9   12.668193755   13.300782319
       1      10   15.850248558   16.334104838
       1      11   18.776626210   19.209561636
       1      12   19.453336929   20.083669601
       1      13   19.592634174   19.941582893
       1      14   22.862681499   23.036101470
       1      15   23.409345218   23.902114422
       1      16   23.607192233   23.856341813
       1      17   24.979844307   25.194296474
       1      18   27.394533399   27.188400282
  0.750000000  0.250000000  0.250000000      18
       1       1   -3.074057536   -3.953088421
       1       2   -0.196046512   -1.070588695
       1       3    2.620183433    1.914324195
       1       4    3.992130669    3.282193322
       1       5    7.658915145    7.950278221
       1       6   10.623973936   11.009410475
       1       7   11.970981173   12.414035740
       1       8   12.158678144   12.697699856
       1       9   16.398554000   16.850223895
       1      10   16.819439603   17.519599953
       1      11   18.467922075   19.188082488
       1      12   18.878932608   19.367842317
       1      13   19.155010343   19.506634891
       1      14   23.005281524   23.286550371
       1      15   24.052965618   24.329881051
       1      16   24.819349158   25.021958380
       1      17   25.634525596   25.644349944
       1      18   25.789121013   25.767262351
  0.750000000  0.250000000  0.500000000      18
       1       1   -1.453539447   -2.352126037
       1       2   -1.453539447   -2.352126037
       1       3    2.277601763    1.553842105
       1       4    2.277601763    1.553842105
       1       5   10.432853649   10.786240847
       1       6   10.432853649   10.786240847
       1       7   11.226989114   11.686830924
       1       8   11.226989114   11.686830924
       1       9   16.833282579   17.441137051
       1      10   16.833282579   17.441137051
       1      11   19.278354235   19.862411759
       1      12   19.278354235   19.862411759
       1      13   22.650996868   22.945326528
       1      14   22.650996868   22.945326528
       1      15   24.723349938   24.572780696
       1      16   24.723349938   24.572780696
       1      17   25.141192184   25.368505257
       1      18   25.141192184   25.368505257
  0.750000000  0.250000000  0.750000000      18
       1       1   -3.074057536   -3.951261968
       1       2   -0.196046512   -1.071110498
       1       3    2.620183433    1.917263073
       1       4    3.992130669    3.282656598
       1       5    7.658915145    7.949410852
       1       6   10.623973936   11.014284035
       1       7   11.970981173   12.410246879
       1       8   12.158678144   12.694196787
       1       9   16.398554000   16.849995374
       1      10   16.819439603   17.518822090
       1      11   18.467922075   19.189841057
       1      12   18.878932608   19.368501114
       1      13   19.155010343   19.506215678
       1      14   23.005281524   23.286810183
       1      15   24.052965618   24.325747758
       1      16   24.819349158   25.023291376
       1      17   25.634525596   25.643007963
       1      18   25.789121013   25.768970634
  0.750000000  0.500000000  0.000000000      18
       1       1   -3.074057536   -3.949072870
       1       2   -0.196046512   -1.074071338
       1       3    2.620183433    1.912325828
       1       4    3.992130669    3.283083223
       1       5    7.658915145    7.949387322
       1       6   10.623973936   11.013803457
       1       7   11.970981173   12.408100398
       1       8   12.158678144   12.693630332
       1       9   16.398554000   16.845052267
       1      10   16.819439603   17.517312072
       1      11   18.467922075   19.194200841
       1      12   18.878932608   19.366622630
       1      13   19.155010343   19.503919855
       1      14   23.005281524   23.289287099
       1      15   24.052965618   24.336181322
       1      16   24.819349158   25.018550652
       1      17   25.634525596   25.651029920
       1      18   25.789121013   25.765907656
  0.750000000  0.500000000  0.250000000      18
       1       1   -1.453539447   -2.348726348
       1       2   -1.453539447   -2.348726348
       1       3    2.277601763    1.553453137
       1       4    2.277601763    1.553453137
       1       5   10.432853649   10.787036125
       1       6   10.432853649   10.787036125
       1       7   11.226989114   11.686282068
       1       8   11.226989114   11.686282068
       1       9   16.833282579   17.439164645
       1      10   16.833282579   17.439164645
       1      11   19.278354235   19.862505998
       1      12   19.278354235   19.862505998
       1      13   22.650996868   22.946628168
       1      14   22.650996868   22.946628168
       1      15   24.723349938   24.573061274
       1      16   24.723349938   24.573061274
       1      17   25.141192184   25.361659404
       1      18   25.141192184   25.361659404
  0.750000000  0.500000000  0.500000000      18
       1       1   -3.074057536   -3.948511726
       1       2   -0.196046512   -1.072808202
       1       3    2.620183433    1.913963038
       1       4    3.992130669    3.281017854
       1       5    7.658915145    7.949322641
       1       6   10.623973936   11.008792975
       1       7   11.970981173   12.415834951
       1       8   12.158678144   12.697510661
       1       9   16.398554000   16.848704024
       1      10   16.819439603   17.514445035
       1      11   18.467922075   19.192874677
       1      12   18.878932608   19.371117629
       1      13   19.155010343   19.507231660
       1      14   23.005281524   23.291484678
       1      15   24.052965618   24.331825966
       1      16   24.819349158   25.023996911
       1      17   25.634525596   25.646625680
       1      18   25.789121013   25.772343758
  0.750000000  0.500000000  0.750000000      18
       1       1   -3.763864736   -4.614396507
       1       2    0.724758859   -0.126507742
       1       3    2.386250768    1.676973232
       1       4    4.888912911    4.234136320
       1       5    8.626085994    8.980957829
       1       6   11.029908267   11.501535110
       1       7   11.323718433   11.698132790
       1       8   12.340095291   12.745486615
       1       9   12.668193755   13.298497807
       1      10   15.850248558   16.335124399
       1      11   18.776626210   19.213626951
       1      12   19.453336929   20.096103106
       1      13   19.592634174   19.941800577
       1      14   22.862681499   23.040339215
       1      15   23.409345218   23.897707163
       1      16   23.607192233   23.854441152
       1      17   24.979844307   25.185836686
       1      18   27.394533399   27.186296173
  0.750000000  0.750000000  0.000000000      18
       1       1   -4.748078052   -5.550713596
       1       2    2.722634147    1.968094388
       1       3    4.309576874    3.638691371
       1       4    4.309576874    3.638691371
       1       5    7.277246253    7.530007042
       1       6    9.284086614    9.674295111
       1       7   12.007457456   12.479377273
       1       8   12.007457456   12.479377273
       1       9   14.259996920   14.751204164
       1      10   15.249423658   16.100440053
       1      11   17.489718837   17.742623814
       1      12   19.240303572   19.629867990
       1      13   19.240303572   19.629867990
       1      14   19.888090568   20.263974423
       1      15   23.617512410   23.881118365
       1      16   23.617512410   23.881118365
       1      17   24.747656253   25.078690631
       1      18   26.409917799   26.242906429
  0.750000000  0.750000000  0.250000000      18
       1       1   -3.074057536   -3.950506299
       1       2   -0.196046512   -1.071587698
       1       3    2.620183433    1.917012649
       1       4    3.992130669    3.282669841
       1       5    7.658915145    7.948242430
       1       6   10.623973936   11.013338272
       1       7   11.970981173   12.410521419
       1       8   12.158678144   12.695479168
       1       9   16.398554000   16.848847513
       1      10   16.819439603   17.520948612
       1      11   18.467922075   19.195418652
       1      12   18.878932608   19.368547558
       1      13   19.155010343   19.506148885
       1      14   23.005281524   23.286149406
       1      15   24.052965618   24.331859620
       1      16   24.819349158   25.019685934
       1      17   25.634525596   25.647255713
       1      18   25.789121013   25.768144967
  0.750000000  0.750000000  0.500000000      18
       1       1   -3.763864736   -4.609252353
       1       2    0.724758859   -0.128522110
       1       3    2.386250768    1.677290521
       1       4    4.888912911    4.235506299
       1       5    8.626085994    8.980630194
       1       6   11.029908267   11.503086188
       1       7   11.323718433   11.697825799
       1       8   12.340095291   12.745453827
       1       9   12.668193755   13.299949132
       1      10   15.850248558   16.331504400
       1      11   18.776626210   19.211739544
       1      12   19.453336929   20.091973947
       1      13   19.592634174   19.940634184
       1      14   22.862681499   23.038346353
       1      15   23.409345218   23.905262632
       1      16   23.607192233   23.853585583
       1      17   24.979844307   25.194998932
       1      18   27.394533399   27.182390986
  0.750000000  0.750000000  0.750000000      18
       1       1   -5.034389558   -5.819515410
       1       2    2.263956689    1.515239308
       1       3    5.465709150    4.853377151
       1       4    5.465709150    4.853377151
       1       5    8.231186548    8.521779495
       1       6    9.731476053   10.138100110
       1       7    9.731476053   10.138100110
       1       8   13.097967408   13.458086105
       1       9   13.442004013   14.128912336
       1      10   13.442004013   14.128912336
       1      11   15.048098569   15.321484620
       1      12   17.936310282   18.263898373
       1      13   20.916710889   21.363973544
       1      14   20.916710889   21.363973544
       1      15   24.119384777   24.201921746
       1      16   24.140004521   24.412819917
       1      17   24.140004521   24.412819917
       1      18   26.121816674   25.728983261
