  0.000000000  0.000000000  0.000000000      18
       1       1   -5.849398769   -6.340583942
       1       2    6.237185186    5.766809333
       1       3    6.237185186    5.766809333
       1       4    6.237185186    5.766809333
       1       5    8.785611086    9.064590199
       1       6    8.785611086    9.064590199
       1       7    8.785611086    9.064590199
       1       8    9.617450644    9.862388929
       1       9   13.943720009   14.094427179
       1      10   14.029230840   14.688187105
       1      11   14.029230840   14.688187105
       1      12   17.421215131   17.682788834
       1      13   17.421215131   17.682788834
       1      14   17.421215131   17.682788834
       1      15   21.367216633   21.312438866
       1      16   29.386182238   29.115490890
       1      17   29.386182238   29.115490890
       1      18   29.386182238   29.115490890
  0.000000000  0.000000000  0.250000000      18
       1       1   -5.034389558   -5.574913324
       1       2    2.263956689    1.680047762
       1       3    5.465709150    4.979924583
       1       4    5.465709150    4.979924583
       1       5    8.231186548    8.462153420
       1       6    9.731476053   10.050953779
       1       7    9.731476053   10.050953779
       1       8   13.097967408   13.375730393
       1       9   13.442004013   13.973903799
       1      10   13.442004013   13.973903799
       1      11   15.048098569   15.255580349
       1      12   17.936310282   18.178011626
       1      13   20.916710889   21.225193895
       1      14   20.916710889   21.225193895
       1      15   24.119384777   24.173858171
       1      16   24.140004521   24.316189523
       1      17   24.140004521   24.316189523
       1      18   26.121816674   25.911548123
  0.000000000  0.000000000  0.500000000      18
       1       1   -3.457438525   -4.063359719
       1       2   -0.841053013   -1.487451489
       1       3    5.023760059    4.496765412
       1       4    5.023760059    4.496765412
       1       5    7.736398161    7.951016985
       1       6    9.542891448    9.900040482
       1       7    9.542891448    9.900040482
       1       8   13.781659879   13.980455523
       1       9   16.849932027   17.417407958
       1      10   16.849932027   17.417407958
       1      11   17.455886298   17.749611283
       1      12   17.599612442   18.021931049
       1      13   17.599612442   18.021931049
       1      14   19.097390050   19.309728055
       1      15   25.491143172   25.541202614
       1      16   26.137257955   25.962589839
       1      17   27.934962581   27.757000782
       1      18   27.934962581   27.757000782
  0.000000000  0.000000000  0.750000000      18
       1       1   -5.034389558   -5.572574513
       1       2    2.263956689    1.685569670
       1       3    5.465709150    4.981773681
       1       4    5.465709150    4.981773681
       1       5    8.231186548    8.459412510
       1       6    9.731476053   10.049109761
       1       7    9.731476053   10.049109761
       1       8   13.097967408   13.371295564
       1       9   13.442004013   13.973076701
       1      10   13.442004013   13.973076701
       1      11   15.048098569   15.256206857
       1      12   17.936310282   18.179377150
       1      13   20.916710889   21.226586395
       1      14   20.916710889   21.226586395
       1      15   24.119384777   24.172173605
       1      16   24.140004521   24.314978430
       1      17   24.140004521   24.314978430
       1      18   26.121816674   25.911711274
  0.000000000  0.250000000  0.000000000      18
       1       1   -5.034389558   -5.574752230
       1       2    2.263956689    1.681439163
       1       3    5.465709150    4.978057335
       1       4    5.465709150    4.978057335
       1       5    8.231186548    8.461451417
       1       6    9.731476053   10.050882691
       1       7    9.731476053   10.050882691
       1       8   13.097967408   13.372393849
       1       9   13.442004013   13.973768115
       1      10   13.442004013   13.973768115
       1      11   15.048098569   15.254656941
       1      12   17.936310282   18.177352137
       1      13   20.916710889   21.223601518
       1      14   20.916710889   21.223601518
       1      15   24.119384777   24.171583268
       1      16   24.140004521   24.313618399
       1      17   24.140004521   24.313618399
       1      18   26.121816674   25.909609356
  0.000000000  0.250000000  0.250000000      18
       1       1   -4.748078052   -5.305947730
       1       2    2.722634147    2.138936557
       1       3    4.309576874    3.784774555
       1       4    4.309576874    3.784774555
       1       5    7.277246253    7.477663165
       1       6    9.284086614    9.593362279
       1       7   12.007457456   12.373110200
       1       8   12.007457456   12.373110200
       1       9   14.259996920   14.637687357
       1      10   15.249423658   15.896205979
       1      11   17.489718837   17.678315906
       1      12   19.240303572   19.519460843
       1      13   19.240303572   19.519460843
       1      14   19.888090568   20.162880475
       1      15   23.617512410   23.789862548
       1      16   23.617512410   23.789862548
       1      17   24.747656253   24.944723529
       1      18   26.409917799   26.325693715
  0.000000000  0.250000000  0.500000000      18
       1       1   -3.074057536   -3.702326241
       1       2   -0.196046512   -0.851719769
       1       3    2.620183433    2.072210145
       1       4    3.992130669    3.436364566
       1       5    7.658915145    7.890728896
       1       6   10.623973936   10.932413261
       1       7   11.970981173   12.310262085
       1       8   12.158678144   12.572298293
       1       9   16.398554000   16.731358999
       1      10   16.819439603   17.336330219
       1      11   18.467922075   18.988787051
       1      12   18.878932608   19.231980223
       1      13   19.155010343   19.408874737
       1      14   23.005281524   23.192749848
       1      15   24.052965618   24.233254837
       1      16   24.819349158   24.946823553
       1      17   25.634525596   25.641048986
       1      18   25.789121013   25.779430011
  0.000000000  0.250000000  0.750000000      18
       1       1   -3.763864736   -4.366499691
       1       2    0.724758859    0.084643307
       1       3    2.386250768    1.837345357
       1       4    4.888912911    4.372264437
       1       5    8.626085994    8.907911907
       1       6   11.029908267   11.394454218
       1       7   11.323718433   11.615971794
       1       8   12.340095291   12.651685222
       1       9   12.668193755   13.159811552
       1      10   15.850248558   16.210267429
       1      11   18.776626210   19.097835938
       1      12   19.453336929   19.909495986
       1      13   19.592634174   19.848700999
       1      14   22.862681499   22.978084024
       1      15   23.409345218   23.726786457
       1      16   23.607192233   23.770525626
       1      17   24.979844307   25.108088636
       1      18   27.394533399   27.290217519
  0.000000000  0.500000000  0.000000000      18
       1       1   -3.457438525   -4.064522888
       1       2   -0.841053013   -1.490872178
       1       3    5.023760059    4.490211528
       1       4    5.023760059    4.490211528
       1       5    7.736398161    7.949732157
       1       6    9.542891448    9.901037483
       1       7    9.542891448    9.901037483
       1       8   13.781659879   13.980156643
       1       9   16.849932027   17.414659120
       1      10   16.849932027   17.414659120
       1      11   17.455886298   17.747547802
       1      12   17.599612442   18.020092121
       1      13   17.599612442   18.020092121
       1      14   19.097390050   19.306596587
       1      15   25.491143172   25.539199548
       1      16   26.137257955   25.959152278
       1      17   27.934962581   27.755365855
       1      18   27.934962581   27.755365855
  0.000000000  0.500000000  0.250000000      18
       1       1   -3.074057536   -3.703047238
       1       2   -0.196046512   -0.850700029
       1       3    2.620183433    2.070545958
       1       4    3.992130669    3.436247974
       1       5    7.658915145    7.890851557
       1       6   10.623973936   10.927177824
       1       7   11.970981173   12.313184172
       1       8   12.158678144   12.574328224
       1       9   16.398554000   16.733023162
       1      10   16.819439603   17.337259082
       1      11   18.467922075   18.988622944
       1      12   18.878932608   19.232394536
       1      13   19.155010343   19.409899068
       1      14   23.005281524   23.191569856
       1      15   24.052965618   24.235422462
       1      16   24.819349158   24.945711952
       1      17   25.634525596   25.640516415
       1      18   25.789121013   25.778267670
  0.000000000  0.500000000  0.500000000      18
       1       1   -1.630637313   -2.280714073
       1       2   -1.630637313   -2.280714073
       1       3    3.332271838    2.737899508
       1       4    3.332271838    2.737899508
       1       5    6.823756138    7.025552429
       1       6    6.823756138    7.025552429
       1       7   16.345290333   16.658458756
       1       8   16.345290333   16.658458756
       1       9   17.260866721   17.844047149
       1      10   17.260866721   17.844047149
       1      11   18.881140154   19.455851509
       1      12   18.881140154   19.455851509
       1      13   19.147264143   19.404585848
       1      14   19.147264143   19.404585848
       1      15   25.078963174   25.211762710
       1      16   25.078963174   25.211762710
       1      17   25.920857748   25.744479306
       1      18   25.920857748   25.744479306
  0.000000000  0.500000000  0.750000000      18
       1       1   -3.074057536   -3.697687001
       1       2   -0.196046512   -0.855165179
       1       3    2.620183433    2.071924813
       1       4    3.992130669    3.436863862
       1       5    7.658915145    7.890019389
       1       6   10.623973936   10.930840178
       1       7   11.970981173   12.310187663
       1       8   12.158678144   12.573148998
       1       9   16.398554000   16.729451028
       1      10   16.819439603   17.332329434
       1      11   18.467922075   18.993993537
       1      12   18.878932608   19.235722048
       1      13   19.155010343   19.410257495
       1      14   23.005281524   23.192871662
       1      15   24.052965618   24.231249397
       1      16   24.819349158   24.946431551
       1      17   25.634525596   25.640157227
       1      18   25.789121013   25.776001073
  0.000000000  0.750000000  0.000000000      18
       1       1   -5.034389558   -5.572804437
       1       2    2.263956689    1.679822078
       1       3    5.465709150    4.979511969
       1       4    5.465709150    4.979511969
       1       5    8.231186548    8.459269585
       1       6    9.731476053   10.050455366
       1       7    9.731476053   10.050455366
       1       8   13.097967408   13.372137286
       1       9   13.442004013   13.974156900
       1      10   13.442004013   13.974156900
       1      11   15.048098569   15.254819687
       1      12   17.936310282   18.179275706
       1      13   20.916710889   21.226021127
       1      14   20.916710889   21.226021127
       1      15   24.119384777   24.171914664
       1      16   24.140004521   24.313797975
       1      17   24.140004521   24.313797975
       1      18   26.121816674   25.912977920
  0.000000000  0.750000000  0.250000000      18
       1       1   -3.763864736   -4.366722529
       1       2    0.724758859    0.082363682
       1       3    2.386250768    1.835456862
       1       4    4.888912911    4.372012099
       1       5    8.626085994    8.908268329
       1       6   11.029908267   11.395772708
       1       7   11.323718433   11.617886214
       1       8   12.340095291   12.653115032
       1       9   12.668193755   13.160999655
       1      10   15.850248558   16.208758425
       1      11   18.776626210   19.098106875
       1      12   19.453336929   19.910362468
       1      13   19.592634174   19.849137534
       1      14   22.862681499   22.979340627
       1      15   23.409345218   23.725807159
       1      16   23.607192233   23.770998664
       1      17   24.979844307   25.107858359
       1      18   27.394533399   27.292248738
  0.000000000  0.750000000  0.500000000      18
       1       1   -3.074057536   -3.697758220
       1       2   -0.196046512   -0.853825714
       1       3    2.620183433    2.070504223
       1       4    3.992130669    3.436737445
       1       5    7.658915145    7.890181257
       1       6   10.623973936   10.925579139
       1       7   11.970981173   12.313215752
       1       8   12.158678144   12.575474985
       1       9   16.398554000   16.731054699
       1      10   16.819439603   17.333199199
       1      11   18.467922075   18.994078129
       1      12   18.878932608   19.235562439
       1      13   19.155010343   19.411207117
       1      14   23.005281524   23.192661258
       1      15   24.052965618   24.232541193
       1      16   24.819349158   24.944890874
       1      17   25.634525596   25.638321990
       1      18   25.789121013   25.776051336
  0.000000000  0.750000000  0.750000000      18
       1       1   -4.748078052   -5.301487208
       1       2    2.722634147    2.142814859
       1       3    4.309576874    3.786278408
       1       4    4.309576874    3.786278408
       1       5    7.277246253    7.476418138
       1       6    9.284086614    9.590556720
       1       7   12.007457456   12.371867752
       1       8   12.007457456   12.371867752
       1       9   14.259996920   14.638295917
       1      10   15.249423658   15.899336350
       1      11   17.489718837   17.679151108
       1      12   19.240303572   19.520308719
       1      13   19.240303572   19.520308719
       1      14   19.888090568   20.165830567
       1      15   23.617512410   23.787323198
       1      16   23.617512410   23.787323198
       1      17   24.747656253   24.942006637
       1      18   26.409917799   26.322357092
  0.250000000  0.000000000  0.000000000      18
       1       1   -5.034389558   -5.573641201
       1       2    2.263956689    1.678486695
       1       3    5.465709150    4.978061216
       1       4    5.465709150    4.978061216
       1       5    8.231186548    8.460239771
       1       6    9.731476053   10.050172772
       1       7    9.731476053   10.050172772
       1       8   13.097967408   13.373721646
       1       9   13.442004013   13.974554303
       1      10   13.442004013   13.974554303
       1      11   15.048098569   15.253257028
       1      12   17.936310282   18.178481159
       1      13   20.916710889   21.225658245
       1      14   20.916710889   21.225658245
       1      15   24.119384777   24.169200782
       1      16   24.140004521   24.313539605
       1      17   24.140004521   24.313539605
       1      18   26.121816674   25.903963801
  0.250000000  0.000000000  0.250000000      18
       1       1   -4.748078052   -5.302167810
       1       2    2.722634147    2.137657967
       1       3    4.309576874    3.783787917
       1       4    4.309576874    3.783787917
       1       5    7.277246253    7.477887789
       1       6    9.284086614    9.593100789
       1       7   12.007457456   12.373785203
       1       8   12.007457456   12.373785203
       1       9   14.259996920   14.638619513
       1      10   15.249423658   15.896028633
       1      11   17.489718837   17.680896034
       1      12   19.240303572   19.519526211
       1      13   19.240303572   19.519526211
       1      14   19.888090568   20.167154236
       1      15   23.617512410   23.788126024
       1      16   23.617512410   23.788126024
       1      17   24.747656253   24.940701812
       1      18   26.409917799   26.323215010
  0.250000000  0.000000000  0.500000000      18
       1       1   -3.074057536   -3.701921498
       1       2   -0.196046512   -0.851749068
       1       3    2.620183433    2.068687753
       1       4    3.992130669    3.435281966
       1       5    7.658915145    7.889189763
       1       6   10.623973936   10.928011332
       1       7   11.970981173   12.314135847
       1       8   12.158678144   12.576877499
       1       9   16.398554000   16.731568731
       1      10   16.819439603   17.335365149
       1      11   18.467922075   18.990698771
       1      12   18.878932608   19.234542268
       1      13   19.155010343   19.410714809
       1      14   23.005281524   23.191568748
       1      15   24.052965618   24.232927386
       1      16   24.819349158   24.948493649
       1      17   25.634525596   25.639174803
       1      18   25.789121013   25.776664603
  0.250000000  0.000000000  0.750000000      18
       1       1   -3.763864736   -4.363558265
       1       2    0.724758859    0.083874972
       1       3    2.386250768    1.836849058
       1       4    4.888912911    4.373585635
       1       5    8.626085994    8.908044149
       1       6   11.029908267   11.396500327
       1       7   11.323718433   11.616761593
       1       8   12.340095291   12.652421447
       1       9   12.668193755   13.161131407
       1      10   15.850248558   16.208337857
       1      11   18.776626210   19.098155870
       1      12   19.453336929   19.911127375
       1      13   19.592634174   19.847150818
       1      14   22.862681499   22.980064143
       1      15   23.409345218   23.728870999
       1      16   23.607192233   23.769678057
       1      17   24.979844307   25.109381289
       1      18   27.394533399   27.288850773
  0.250000000  0.250000000  0.000000000      18
       1       1   -4.748078052   -5.303171248
       1       2    2.722634147    2.140612679
       1       3    4.309576874    3.782294375
       1       4    4.309576874    3.782294375
       1       5    7.277246253    7.476754668
       1       6    9.284086614    9.591867397
       1       7   12.007457456   12.370964495
       1       8   12.007457456   12.370964495
       1       9   14.259996920   14.634336716
       1      10   15.249423658   15.899408795
       1      11   17.489718837   17.676412761
       1      12   19.240303572   19.518769011
       1      13   19.240303572   19.518769011
       1      14   19.888090568   20.161294255
       1      15   23.617512410   23.788202300
       1      16   23.617512410   23.788202300
       1      17   24.747656253   24.955096248
       1      18   26.409917799   26.316038122
  0.250000000  0.250000000  0.250000000      18
       1       1   -5.034389558   -5.577306141
       1       2    2.263956689    1.682175338
       1       3    5.465709150    4.980017625
       1       4    5.465709150    4.980017625
       1       5    8.231186548    8.461909563
       1       6    9.731476053   10.051355118
       1       7    9.731476053   10.051355118
       1       8   13.097967408   13.377020988
       1       9   13.442004013   13.973039119
       1      10   13.442004013   13.973039119
       1      11   15.048098569   15.255681530
       1      12   17.936310282   18.178675567
       1      13   20.916710889   21.225959650
       1      14   20.916710889   21.225959650
       1      15   24.119384777   24.176539624
       1      16   24.140004521   24.316812084
       1      17   24.140004521   24.316812084
       1      18   26.121816674   25.906164777
  0.250000000  0.250000000  0.500000000      18
       1       1   -3.763864736   -4.365385677
       1       2    0.724758859    0.080893708
       1       3    2.386250768    1.834877059
       1       4    4.888912911    4.372649750
       1       5    8.626085994    8.907272294
       1       6   11.029908267   11.396383573
       1       7   11.323718433   11.617205760
       1       8   12.340095291   12.652207542
       1       9   12.668193755   13.162529576
       1      10   15.850248558   16.210546730
       1      11   18.776626210   19.094409477
       1      12   19.453336929   19.907152413
       1      13   19.592634174   19.845584386
       1      14   22.862681499   22.979349695
       1      15   23.409345218   23.730526510
       1      16   23.607192233   23.769109522
       1      17   24.979844307   25.114440181
       1      18   27.394533399   27.286475314
  0.250000000  0.250000000  0.750000000      18
       1       1   -3.074057536   -3.700376171
       1       2   -0.196046512   -0.854095253
       1       3    2.620183433    2.070152488
       1       4    3.992130669    3.435576680
       1       5    7.658915145    7.889245006
       1       6   10.623973936   10.927484485
       1       7   11.970981173   12.313950067
       1       8   12.158678144   12.575530329
       1       9   16.398554000   16.730977861
       1      10   16.819439603   17.337615131
       1      11   18.467922075   18.996254124
       1      12   18.878932608   19.234341360
       1      13   19.155010343   19.410334429
       1      14   23.005281524   23.192632141
       1      15   24.052965618   24.238726533
       1      16   24.819349158   24.942733631
       1      17   25.634525596   25.643466783
       1      18   25.789121013   25.777770426
  0.250000000  0.500000000  0.000000000      18
       1       1   -3.074057536   -3.701183675
       1       2   -0.196046512   -0.852432475
       1       3    2.620183433    2.067183381
       1       4    3.992130669    3.433989692
       1       5    7.658915145    7.888223986
       1       6   10.623973936   10.926614296
       1       7   11.970981173   12.312504155
       1       8   12.158678144   12.576403510
       1       9   16.398554000   16.729939346
       1      10   16.819439603   17.336791266
       1      11   18.467922075   18.991979570
       1      12   18.878932608   19.231617482
       1      13   19.155010343   19.408716555
       1      14   23.005281524   23.189929867
       1      15   24.052965618   24.235418030
       1      16   24.819349158   24.945637529
       1      17   25.634525596   25.642031033
       1      18   25.789121013   25.772361415
  0.250000000  0.500000000  0.250000000      18
       1       1   -3.763864736   -4.368497367
       1       2    0.724758859    0.079891537
       1       3    2.386250768    1.834093571
       1       4    4.888912911    4.371080461
       1       5    8.626085994    8.907698514
       1       6   11.029908267   11.395102818
       1       7   11.323718433   11.618340026
       1       8   12.340095291   12.652471578
       1       9   12.668193755   13.161439270
       1      10   15.850248558   16.212568803
       1      11   18.776626210   19.095336243
       1      12   19.453336929   19.909933840
       1      13   19.592634174   19.847188562
       1      14   22.862681499   22.978530833
       1      15   23.409345218   23.726842081
       1      16   23.607192233   23.770757975
       1      17   24.979844307   25.112326852
       1      18   27.394533399   27.289881854
  0.250000000  0.500000000  0.500000000      18
       1       1   -3.074057536   -3.703494735
       1       2   -0.196046512   -0.851892746
       1       3    2.620183433    2.071501789
       1       4    3.992130669    3.437107996
       1       5    7.658915145    7.890138528
       1       6   10.623973936   10.932543905
       1       7   11.970981173   12.308158727
       1       8   12.158678144   12.572227527
       1       9   16.398554000   16.731450713
       1      10   16.819439603   17.336446642
       1      11   18.467922075   18.989428794
       1      12   18.878932608   19.232861103
       1      13   19.155010343   19.409405238
       1      14   23.005281524   23.192047007
       1      15   24.052965618   24.233980596
       1      16   24.819349158   24.947563418
       1      17   25.634525596   25.641769817
       1      18   25.789121013   25.776839347
  0.250000000  0.500000000  0.750000000      18
       1       1   -1.453539447   -2.110571185
       1       2   -1.453539447   -2.110571185
       1       3    2.277601763    1.715864988
       1       4    2.277601763    1.715864988
       1       5   10.432853649   10.711525217
       1       6   10.432853649   10.711525217
       1       7   11.226989114   11.582066728
       1       8   11.226989114   11.582066728
       1       9   16.833282579   17.276986369
       1      10   16.833282579   17.276986369
       1      11   19.278354235   19.697492090
       1      12   19.278354235   19.697492090
       1      13   22.650996868   22.850069146
       1      14   22.650996868   22.850069146
       1      15   24.723349938   24.631616926
       1      16   24.723349938   24.631616926
       1      17   25.141192184   25.277405554
       1      18   25.141192184   25.277405554
  0.250000000  0.750000000  0.000000000      18
       1       1   -3.763864736   -4.363263723
       1       2    0.724758859    0.080638872
       1       3    2.386250768    1.833601417
       1       4    4.888912911    4.369655144
       1       5    8.626085994    8.906218918
       1       6   11.029908267   11.395112502
       1       7   11.323718433   11.615532723
       1       8   12.340095291   12.650167588
       1       9   12.668193755   13.162116496
       1      10   15.850248558   16.207214771
       1      11   18.776626210   19.096075688
       1      12   19.453336929   19.908677908
       1      13   19.592634174   19.845534799
       1      14   22.862681499   22.979988122
       1      15   23.409345218   23.726820831
       1      16   23.607192233   23.765192884
       1      17   24.979844307   25.111617708
       1      18   27.394533399   27.284019409
  0.250000000  0.750000000  0.250000000      18
       1       1   -3.074057536   -3.699985086
       1       2   -0.196046512   -0.854801416
       1       3    2.620183433    2.070167201
       1       4    3.992130669    3.435545510
       1       5    7.658915145    7.890252667
       1       6   10.623973936   10.928794033
       1       7   11.970981173   12.314269565
       1       8   12.158678144   12.574830830
       1       9   16.398554000   16.730353748
       1      10   16.819439603   17.333373627
       1      11   18.467922075   18.993146637
       1      12   18.878932608   19.234874691
       1      13   19.155010343   19.410122176
       1      14   23.005281524   23.194339060
       1      15   24.052965618   24.235236376
       1      16   24.819349158   24.944067144
       1      17   25.634525596   25.643263707
       1      18   25.789121013   25.778786138
  0.250000000  0.750000000  0.500000000      18
       1       1   -1.453539447   -2.113478540
       1       2   -1.453539447   -2.113478540
       1       3    2.277601763    1.714730820
       1       4    2.277601763    1.714730820
       1       5   10.432853649   10.709996512
       1       6   10.432853649   10.709996512
       1       7   11.226989114   11.583904744
       1       8   11.226989114   11.583904744
       1       9   16.833282579   17.278477928
       1      10   16.833282579   17.278477928
       1      11   19.278354235   19.696833116
       1      12   19.278354235   19.696833116
       1      13   22.650996868   22.848944348
       1      14   22.650996868   22.848944348
       1      15   24.723349938   24.630403934
       1      16   24.723349938   24.630403934
       1      17   25.141192184   25.285591526
       1      18   25.141192184   25.285591526
  0.250000000  0.750000000  0.750000000      18
       1       1   -3.074057536   -3.698784378
       1       2   -0.196046512   -0.855483439
       1       3    2.620183433    2.071815473
       1       4    3.992130669    3.436458829
       1       5    7.658915145    7.889367240
       1       6   10.623973936   10.932116605
       1       7   11.970981173   12.311018951
       1       8   12.158678144   12.572541761
       1       9   16.398554000   16.729282706
       1      10   16.819439603   17.332446824
       1      11   18.467922075   18.993857607
       1      12   18.878932608   19.235225718
       1      13   19.155010343   19.409851689
       1      14   23.005281524   23.193952243
       1      15   24.052965618   24.233324641
       1      16   24.819349158   24.946054494
       1      17   25.634525596   25.642302256
       1      18   25.789121013   25.777685885
  0.500000000  0.000000000  0.000000000      18
       1       1   -3.457438525   -4.061723798
       1       2   -0.841053013   -1.495084625
       1       3    5.023760059    4.490373668
       1       4    5.023760059    4.490373668
       1       5    7.736398161    7.949682148
       1       6    9.542891448    9.900737312
       1       7    9.542891448    9.900737312
       1       8   13.781659879   13.978425254
       1       9   16.849932027   17.415506410
       1      10   16.849932027   17.415506410
       1      11   17.455886298   17.746851207
       1      12   17.599612442   18.019651367
       1      13   17.599612442   18.019651367
       1      14   19.097390050   19.307040139
       1      15   25.491143172   25.538561424
       1      16   26.137257955   25.960959846
       1      17   27.934962581   27.753693501
       1      18   27.934962581   27.753693501
  0.500000000  0.000000000  0.250000000      18
       1       1   -3.074057536   -3.700494155
       1       2   -0.196046512   -0.854461256
       1       3    2.620183433    2.068544916
       1       4    3.992130669    3.436210527
       1       5    7.658915145    7.890115691
       1       6   10.623973936   10.929703341
       1       7   11.970981173   12.313228167
       1       8   12.158678144   12.575199678
       1       9   16.398554000   16.730150819
       1      10   16.819439603   17.333899396
       1      11   18.467922075   18.992989968
       1      12   18.878932608   19.235661366
       1      13   19.155010343   19.410319936
       1      14   23.005281524   23.193305594
       1      15   24.052965618   24.234378421
       1      16   24.819349158   24.946502367
       1      17   25.634525596   25.640017555
       1      18   25.789121013   25.775661703
  0.500000000  0.000000000  0.500000000      18
       1       1   -1.630637313   -2.280049472
       1       2   -1.630637313   -2.280049472
       1       3    3.332271838    2.738401360
       1       4    3.332271838    2.738401360
       1       5    6.823756138    7.025987261
       1       6    6.823756138    7.025987261
       1       7   16.345290333   16.658907184
       1       8   16.345290333   16.658907184
       1       9   17.260866721   17.844287018
       1      10   17.260866721   17.844287018
       1      11   18.881140154   19.456071042
       1      12   18.881140154   19.456071042
       1      13   19.147264143   19.404867051
       1      14   19.147264143   19.404867051
       1      15   25.078963174   25.211508334
       1      16   25.078963174   25.211508334
       1      17   25.920857748   25.745088628
       1      18   25.920857748   25.745088628
  0.500000000  0.000000000  0.750000000      18
       1       1   -3.074057536   -3.700309225
       1       2   -0.196046512   -0.853127421
       1       3    2.620183433    2.073570852
       1       4    3.992130669    3.437240152
       1       5    7.658915145    7.890056163
       1       6   10.623973936   10.927983855
       1       7   11.970981173   12.309695268
       1       8   12.158678144   12.572319705
       1       9   16.398554000   16.732280149
       1      10   16.819439603   17.336216701
       1      11   18.467922075   18.991026259
       1      12   18.878932608   19.232791729
       1      13   19.155010343   19.408992520
       1      14   23.005281524   23.192310398
       1      15   24.052965618   24.233669689
       1      16   24.819349158   24.949116026
       1      17   25.634525596   25.640424453
       1      18   25.789121013   25.779423882
  0.500000000  0.250000000  0.000000000      18
       1       1   -3.074057536   -3.699589294
       1       2   -0.196046512   -0.855419733
       1       3    2.620183433    2.067222387
       1       4    3.992130669    3.434984505
       1       5    7.658915145    7.889266577
       1       6   10.623973936   10.929064543
       1       7   11.970981173   12.311103736
       1       8   12.158678144   12.574275480
       1       9   16.398554000   16.728079909
       1      10   16.819439603   17.334841718
       1      11   18.467922075   18.994738211
       1      12   18.878932608   19.232585391
       1      13   19.155010343   19.408574464
       1      14   23.005281524   23.192635059
       1      15   24.052965618   24.237562483
       1      16   24.819349158   24.942899894
       1      17   25.634525596   25.643568274
       1      18   25.789121013   25.772361906
  0.500000000  0.250000000  0.250000000      18
       1       1   -3.763864736   -4.365543438
       1       2    0.724758859    0.078060423
       1       3    2.386250768    1.832873456
       1       4    4.888912911    4.371340884
       1       5    8.626085994    8.907240757
       1       6   11.029908267   11.395631222
       1       7   11.323718433   11.618707637
       1       8   12.340095291   12.653021767
       1       9   12.668193755   13.161230184
       1      10   15.850248558   16.209225749
       1      11   18.776626210   19.096183242
       1      12   19.453336929   19.912277951
       1      13   19.592634174   19.845928629
       1      14   22.862681499   22.980364303
       1      15   23.409345218   23.725108172
       1      16   23.607192233   23.768485707
       1      17   24.979844307   25.106205583
       1      18   27.394533399   27.285542738
  0.500000000  0.250000000  0.500000000      18
       1       1   -3.074057536   -3.702401650
       1       2   -0.196046512   -0.852467615
       1       3    2.620183433    2.070286818
       1       4    3.992130669    3.436105983
       1       5    7.658915145    7.889617901
       1       6   10.623973936   10.930084159
       1       7   11.970981173   12.313103858
       1       8   12.158678144   12.575139006
       1       9   16.398554000   16.731665298
       1      10   16.819439603   17.335295733
       1      11   18.467922075   18.990718800
       1      12   18.878932608   19.234209205
       1      13   19.155010343   19.410618776
       1      14   23.005281524   23.193264067
       1      15   24.052965618   24.234687674
       1      16   24.819349158   24.947467582
       1      17   25.634525596   25.642764582
       1      18   25.789121013   25.778962100
  0.500000000  0.250000000  0.750000000      18
       1       1   -1.453539447   -2.111858117
       1       2   -1.453539447   -2.111858117
       1       3    2.277601763    1.715888667
       1       4    2.277601763    1.715888667
       1       5   10.432853649   10.711274742
       1       6   10.432853649   10.711274742
       1       7   11.226989114   11.582644216
       1       8   11.226989114   11.582644216
       1       9   16.833282579   17.278030623
       1      10   16.833282579   17.278030623
       1      11   19.278354235   19.698712292
       1      12   19.278354235   19.698712292
       1      13   22.650996868   22.849513656
       1      14   22.650996868   22.849513656
       1      15   24.723349938   24.630821026
       1      16   24.723349938   24.630821026
       1      17   25.141192184   25.281778129
       1      18   25.141192184   25.281778129
  0.500000000  0.500000000  0.000000000      18
       1       1   -1.630637313   -2.281054893
       1       2   -1.630637313   -2.281054893
       1       3    3.332271838    2.737425609
       1       4    3.332271838    2.737425609
       1       5    6.823756138    7.024764633
       1       6    6.823756138    7.024764633
       1       7   16.345290333   16.660938771
       1       8   16.345290333   16.660938771
       1       9   17.260866721   17.846031453
       1      10   17.260866721   17.846031453
       1      11   18.881140154   19.461061862
       1      12   18.881140154   19.461061862
       1      13   19.147264143   19.404247457
       1      14   19.147264143   19.404247457
       1      15   25.078963174   25.211115569
       1      16   25.078963174   25.211115569
       1      17   25.920857748   25.747276521
       1      18   25.920857748   25.747276521
  0.500000000  0.500000000  0.250000000      18
       1       1   -3.074057536   -3.702690714
       1       2   -0.196046512   -0.852033134
       1       3    2.620183433    2.070289209
       1       4    3.992130669    3.436259581
       1       5    7.658915145    7.888721665
       1       6   10.623973936   10.929427302
       1       7   11.970981173   12.312499961
       1       8   12.158678144   12.575408382
       1       9   16.398554000   16.731848564
       1      10   16.819439603   17.339036277
       1      11   18.467922075   18.994246689
       1      12   18.878932608   19.234061983
       1      13   19.155010343   19.410438286
       1      14   23.005281524   23.191846218
       1      15   24.052965618   24.238302325
       1      16   24.819349158   24.944934219
       1      17   25.634525596   25.643253185
       1      18   25.789121013   25.777786742
  0.500000000  0.500000000  0.500000000      18
       1       1   -3.457438525   -4.061346140
       1       2   -0.841053013   -1.498013833
       1       3    5.023760059    4.490435752
       1       4    5.023760059    4.490435752
       1       5    7.736398161    7.950353862
       1       6    9.542891448    9.899908343
       1       7    9.542891448    9.899908343
       1       8   13.781659879   13.976607507
       1       9   16.849932027   17.417819124
       1      10   16.849932027   17.417819124
       1      11   17.455886298   17.748182270
       1      12   17.599612442   18.021606268
       1      13   17.599612442   18.021606268
       1      14   19.097390050   19.310208983
       1      15   25.491143172   25.537874829
       1      16   26.137257955   25.960160301
       1      17   27.934962581   27.754896449
       1      18   27.934962581   27.754896449
  0.500000000  0.500000000  0.750000000      18
       1       1   -3.074057536   -3.700658943
       1       2   -0.196046512   -0.852250740
       1       3    2.620183433    2.072320680
       1       4    3.992130669    3.436010150
       1       5    7.658915145    7.889421903
       1       6   10.623973936   10.927177157
       1       7   11.970981173   12.310455138
       1       8   12.158678144   12.573822410
       1       9   16.398554000   16.730783463
       1      10   16.819439603   17.336351793
       1      11   18.467922075   18.996126667
       1      12   18.878932608   19.234306530
       1      13   19.155010343   19.409674321
       1      14   23.005281524   23.191689423
       1      15   24.052965618   24.237385103
       1      16   24.819349158   24.943099041
       1      17   25.634525596   25.642424328
       1      18   25.789121013   25.775630528
  0.500000000  0.750000000  0.000000000      18
       1       1   -3.074057536   -3.699865071
       1       2   -0.196046512   -0.853698123
       1       3    2.620183433    2.069619722
       1       4    3.992130669    3.435781136
       1       5    7.658915145    7.888878278
       1       6   10.623973936   10.926601805
       1       7   11.970981173   12.309549337
       1       8   12.158678144   12.573582501
       1       9   16.398554000   16.730837504
       1      10   16.819439603   17.338526390
       1      11   18.467922075   18.993105939
       1      12   18.878932608   19.231229250
       1      13   19.155010343   19.408289034
       1      14   23.005281524   23.191301109
       1      15   24.052965618   24.235525864
       1      16   24.819349158   24.946787028
       1      17   25.634525596   25.641820669
       1      18   25.789121013   25.774653813
  0.500000000  0.750000000  0.250000000      18
       1       1   -1.453539447   -2.111999107
       1       2   -1.453539447   -2.111999107
       1       3    2.277601763    1.714929615
       1       4    2.277601763    1.714929615
       1       5   10.432853649   10.710641941
       1       6   10.432853649   10.710641941
       1       7   11.226989114   11.583304341
       1       8   11.226989114   11.583304341
       1       9   16.833282579   17.277974062
       1      10   16.833282579   17.277974062
       1      11   19.278354235   19.698551123
       1      12   19.278354235   19.698551123
       1      13   22.650996868   22.849143546
       1      14   22.650996868   22.849143546
       1      15   24.723349938   24.630954115
       1      16   24.723349938   24.630954115
       1      17   25.141192184   25.283032908
       1      18   25.141192184   25.283032908
  0.500000000  0.750000000  0.500000000      18
       1       1   -3.074057536   -3.701058728
       1       2   -0.196046512   -0.852198154
       1       3    2.620183433    2.072618723
       1       4    3.992130669    3.436024687
       1       5    7.658915145    7.890422706
       1       6   10.623973936   10.928519112
       1       7   11.970981173   12.309838333
       1       8   12.158678144   12.572454889
       1       9   16.398554000   16.731128905
       1      10   16.819439603   17.334350872
       1      11   18.467922075   18.992581001
       1      12   18.878932608   19.234294042
       1      13   19.155010343   19.409931791
       1      14   23.005281524   23.192827899
       1      15   24.052965618   24.233855915
       1      16   24.819349158   24.944549127
       1      17   25.634525596   25.641123122
       1      18   25.789121013   25.777204148
  0.500000000  0.750000000  0.750000000      18
       1       1   -3.763864736   -4.363460420
       1       2    0.724758859    0.076983389
       1       3    2.386250768    1.834453764
       1       4    4.888912911    4.373174311
       1       5    8.626085994    8.906847467
       1       6   11.029908267   11.394276203
       1       7   11.323718433   11.615068127
       1       8   12.340095291   12.651656203
       1       9   12.668193755   13.159331127
       1      10   15.850248558   16.209859705
       1      11   18.776626210   19.095394666
       1      12   19.453336929   19.912291897
       1      13   19.592634174   19.845949259
       1      14   22.862681499   22.980309348
       1      15   23.409345218   23.726554314
       1      16   23.607192233   23.768813145
       1      17   24.979844307   25.109421229
       1      18   27.394533399   27.287538028
  0.750000000  0.000000000  0.000000000      18
       1       1   -5.034389558   -5.574444983
       1       2    2.263956689    1.682029549
       1       3    5.465709150    4.978952104
       1       4    5.465709150    4.978952104
       1       5    8.231186548    8.459954103
       1       6    9.731476053   10.050224247
       1       7    9.731476053   10.050224247
       1       8   13.097967408   13.371003667
       1       9   13.442004013   13.973163691
       1      10   13.442004013   13.973163691
       1      11   15.048098569   15.253176099
       1      12   17.936310282   18.176872905
       1      13   20.916710889   21.223475082
       1      14   20.916710889   21.223475082
       1      15   24.119384777   24.174320970
       1      16   24.140004521   24.316348511
       1      17   24.140004521   24.316348511
       1      18   26.121816674   25.904502697
  0.750000000  0.000000000  0.250000000      18
       1       1   -3.763864736   -4.365906769
       1       2    0.724758859    0.083412178
       1       3    2.386250768    1.836517813
       1       4    4.888912911    4.374615644
       1       5    8.626085994    8.909853180
       1       6   11.029908267   11.396209969
       1       7   11.323718433   11.617594634
       1       8   12.340095291   12.652935657
       1       9   12.668193755   13.161517296
       1      10   15.850248558   16.209933014
       1      11   18.776626210   19.096716356
       1      12   19.453336929   19.907721934
       1      13   19.592634174   19.848140866
       1      14   22.862681499   22.978939999
       1      15   23.409345218   23.729852147
       1      16   23.607192233   23.772364310
       1      17   24.979844307   25.112330261
       1      18   27.394533399   27.290570101
  0.750000000  0.000000000  0.500000000      18
       1       1   -3.074057536   -3.700157994
       1       2   -0.196046512   -0.853507528
       1       3    2.620183433    2.073274555
       1       4    3.992130669    3.437895957
       1       5    7.658915145    7.890471438
       1       6   10.623973936   10.929964020
       1       7   11.970981173   12.308560687
       1       8   12.158678144   12.571178494
       1       9   16.398554000   16.730483949
       1      10   16.819439603   17.333515703
       1      11   18.467922075   18.992283336
       1      12   18.878932608   19.233281586
       1      13   19.155010343   19.409065173
       1      14   23.005281524   23.193573347
       1      15   24.052965618   24.235883675
       1      16   24.819349158   24.946480633
       1      17   25.634525596   25.642664744
       1      18   25.789121013   25.779669331
  0.750000000  0.000000000  0.750000000      18
       1       1   -4.748078052   -5.300427225
       1       2    2.722634147    2.144496763
       1       3    4.309576874    3.787101227
       1       4    4.309576874    3.787101227
       1       5    7.277246253    7.477669357
       1       6    9.284086614    9.593136052
       1       7   12.007457456   12.368345930
       1       8   12.007457456   12.368345930
       1       9   14.259996920   14.634712222
       1      10   15.249423658   15.897300025
       1      11   17.489718837   17.678011194
       1      12   19.240303572   19.519303410
       1      13   19.240303572   19.519303410
       1      14   19.888090568   20.163922486
       1      15   23.617512410   23.788294579
       1      16   23.617512410   23.788294579
       1      17   24.747656253   24.942225515
       1      18   26.409917799   26.323574242
  0.750000000  0.250000000  0.000000000      18
       1       1   -3.763864736   -4.366261982
       1       2    0.724758859    0.080695784
       1       3    2.386250768    1.833561854
       1       4    4.888912911    4.370653230
       1       5    8.626085994    8.908105915
       1       6   11.029908267   11.394205772
       1       7   11.323718433   11.616066934
       1       8   12.340095291   12.650585332
       1       9   12.668193755   13.161947495
       1      10   15.850248558   16.209471896
       1      11   18.776626210   19.094147745
       1      12   19.453336929   19.904599055
       1      13   19.592634174   19.846673015
       1      14   22.862681499   22.977862634
       1      15   23.409345218   23.727856979
       1      16   23.607192233   23.768829251
       1      17   24.979844307   25.114118916
       1      18   27.394533399   27.288400741
  0.750000000  0.250000000  0.250000000      18
       1       1   -3.074057536   -3.702516063
       1       2   -0.196046512   -0.851735137
       1       3    2.620183433    2.070968683
       1       4    3.992130669    3.435856121
       1       5    7.658915145    7.890170804
       1       6   10.623973936   10.925936378
       1       7   11.970981173   12.312640699
       1       8   12.158678144   12.575097324
       1       9   16.398554000   16.732470632
       1      10   16.819439603   17.336999663
       1      11   18.467922075   18.990163586
       1      12   18.878932608   19.233065802
       1      13   19.155010343   19.410044933
       1      14   23.005281524   23.191189826
       1      15   24.052965618   24.233881597
       1      16   24.819349158   24.944998230
       1      17   25.634525596   25.640241044
       1      18   25.789121013   25.775522765
  0.750000000  0.250000000  0.500000000      18
       1       1   -1.453539447   -2.113549112
       1       2   -1.453539447   -2.113549112
       1       3    2.277601763    1.715552753
       1       4    2.277601763    1.715552753
       1       5   10.432853649   10.710537857
       1       6   10.432853649   10.710537857
       1       7   11.226989114   11.583109993
       1       8   11.226989114   11.583109993
       1       9   16.833282579   17.278679144
       1      10   16.833282579   17.278679144
       1      11   19.278354235   19.697162679
       1      12   19.278354235   19.697162679
       1      13   22.650996868   22.849483492
       1      14   22.650996868   22.849483492
       1      15   24.723349938   24.630835096
       1      16   24.723349938   24.630835096
       1      17   25.141192184   25.284035502
       1      18   25.141192184   25.284035502
  0.750000000  0.250000000  0.750000000      18
       1       1   -3.074057536   -3.701180995
       1       2   -0.196046512   -0.852135754
       1       3    2.620183433    2.073265517
       1       4    3.992130669    3.436221651
       1       5    7.658915145    7.889492275
       1       6   10.623973936   10.929762632
       1       7   11.970981173   12.309720648
       1       8   12.158678144   12.572383589
       1       9   16.398554000   16.732166707
       1      10   16.819439603   17.336375538
       1      11   18.467922075   18.991244838
       1      12   18.878932608   19.233525002
       1      13   19.155010343   19.409786089
       1      14   23.005281524   23.191325074
       1      15   24.052965618   24.231051921
       1      16   24.819349158   24.945687549
       1      17   25.634525596   25.639568719
       1      18   25.789121013   25.776608374
  0.750000000  0.500000000  0.000000000      18
       1       1   -3.074057536   -3.699539960
       1       2   -0.196046512   -0.854350346
       1       3    2.620183433    2.069420356
       1       4    3.992130669    3.436595385
       1       5    7.658915145    7.889444504
       1       6   10.623973936   10.929392763
       1       7   11.970981173   12.308057676
       1       8   12.158678144   12.571946992
       1       9   16.398554000   16.728569776
       1      10   16.819439603   17.335295434
       1      11   18.467922075   18.994735512
       1      12   18.878932608   19.232078098
       1      13   19.155010343   19.408056428
       1      14   23.005281524   23.192908854
       1      15   24.052965618   24.238043170
       1      16   24.819349158   24.942925429
       1      17   25.634525596   25.644320915
       1      18   25.789121013   25.774696467
  0.750000000  0.500000000  0.250000000      18
       1       1   -1.453539447   -2.110990060
       1       2   -1.453539447   -2.110990060
       1       3    2.277601763    1.715265070
       1       4    2.277601763    1.715265070
       1       5   10.432853649   10.711159763
       1       6   10.432853649   10.711159763
       1       7   11.226989114   11.582665585
       1       8   11.226989114   11.582665585
       1       9   16.833282579   17.277328349
       1      10   16.833282579   17.277328349
       1      11   19.278354235   19.697277685
       1      12   19.278354235   19.697277685
       1      13   22.650996868   22.850291988
       1      14   22.650996868   22.850291988
       1      15   24.723349938   24.631257767
       1      16   24.723349938   24.631257767
       1      17   25.141192184   25.279903805
       1      18   25.141192184   25.279903805
  0.750000000  0.500000000  0.500000000      18
       1       1   -3.074057536   -3.699289688
       1       2   -0.196046512   -0.853355857
       1       3    2.620183433    2.070684730
       1       4    3.992130669    3.434940626
       1       5    7.658915145    7.889413991
       1       6   10.623973936   10.925452701
       1       7   11.970981173   12.314043748
       1       8   12.158678144   12.574959753
       1       9   16.398554000   16.731190257
       1      10   16.819439603   17.333041313
       1      11   18.467922075   18.993661543
       1      12   18.878932608   19.235331873
       1      13   19.155010343   19.410561122
       1      14   23.005281524   23.194451527
       1      15   24.052965618   24.235435848
       1      16   24.819349158   24.946981696
       1      17   25.634525596   25.641695359
       1      18   25.789121013   25.778723055
  0.750000000  0.500000000  0.750000000      18
       1       1   -3.763864736   -4.364919895
       1       2    0.724758859    0.079446149
       1       3    2.386250768    1.835234412
       1       4    4.888912911    4.373124912
       1       5    8.626085994    8.906229225
       1       6   11.029908267   11.394946870
       1       7   11.323718433   11.615793288
       1       8   12.340095291   12.651856613
       1       9   12.668193755   13.160175587
       1      10   15.850248558   16.210246923
       1      11   18.776626210   19.097319094
       1      12   19.453336929   19.913455563
       1      13   19.592634174   19.846818024
       1      14   22.862681499   22.980570564
       1      15   23.409345218   23.725207611
       1      16   23.607192233   23.767762775
       1      17   24.979844307   25.108862232
       1      18   27.394533399   27.287308212
  0.750000000  0.750000000  0.000000000      18
       1       1   -4.748078052   -5.303427456
       1       2    2.722634147    2.138241212
       1       3    4.309576874    3.782642074
       1       4    4.309576874    3.782642074
       1       5    7.277246253    7.477589980
       1       6    9.284086614    9.592438547
       1       7   12.007457456   12.370835372
       1       8   12.007457456   12.370835372
       1       9   14.259996920   14.634943422
       1      10   15.249423658   15.898699876
       1      11   17.489718837   17.677460895
       1      12   19.240303572   19.518915814
       1      13   19.240303572   19.518915814
       1      14   19.888090568   20.161458484
       1      15   23.617512410   23.788657385
       1      16   23.617512410   23.788657385
       1      17   24.747656253   24.955376510
       1      18   26.409917799   26.318376837
  0.750000000  0.750000000  0.250000000      18
       1       1   -3.074057536   -3.700640188
       1       2   -0.196046512   -0.852491296
       1       3    2.620183433    2.073071557
       1       4    3.992130669    3.436230932
       1       5    7.658915145    7.888560848
       1       6   10.623973936   10.929016950
       1       7   11.970981173   12.309931737
       1       8   12.158678144   12.573380972
       1       9   16.398554000   16.731324203
       1      10   16.819439603   17.337950538
       1      11   18.467922075   18.995346092
       1      12   18.878932608   19.233494372
       1      13   19.155010343   19.409739369
       1      14   23.005281524   23.190981047
       1      15   24.052965618   24.235240569
       1      16   24.819349158   24.943447625
       1      17   25.634525596   25.641958649
       1      18   25.789121013   25.776104396
  0.750000000  0.750000000  0.500000000      18
       1       1   -3.763864736   -4.361152580
       1       2    0.724758859    0.077915228
       1       3    2.386250768    1.835497504
       1       4    4.888912911    4.374219208
       1       5    8.626085994    8.905950506
       1       6   11.029908267   11.396138421
       1       7   11.323718433   11.615552063
       1       8   12.340095291   12.651823859
       1       9   12.668193755   13.161315042
       1      10   15.850248558   16.207525182
       1      11   18.776626210   19.095871204
       1      12   19.453336929   19.910428133
       1      13   19.592634174   19.845981347
       1      14   22.862681499   22.979240899
       1      15   23.409345218   23.730560803
       1      16   23.607192233   23.767176306
       1      17   24.979844307   25.114347510
       1      18   27.394533399   27.285335625
  0.750000000  0.750000000  0.750000000      18
       1       1   -5.034389558   -5.575154134
       1       2    2.263956689    1.685333141
       1       3    5.465709150    4.981974002
       1       4    5.465709150    4.981974002
       1       5    8.231186548    8.460081240
       1       6    9.731476053   10.049677345
       1       7    9.731476053   10.049677345
       1       8   13.097967408   13.373220531
       1       9   13.442004013   13.973345039
       1      10   13.442004013   13.973345039
       1      11   15.048098569   15.256623363
       1      12   17.936310282   18.178038865
       1      13   20.916710889   21.226415245
       1      14   20.916710889   21.226415245
       1      15   24.119384777   24.172091687
       1      16   24.140004521   24.314093586
       1      17   24.140004521   24.314093586
       1      18   26.121816674   25.905469731
