 &plot nbnd=  14, nks=   301 /
            0.000000  0.000000  0.000000
  -12.128   -8.844   -7.664   -4.357   -2.274   -1.730   -1.709   -1.044   -0.539    1.098
    2.395    4.023    5.241    5.926
            0.000000  0.008274  0.000000
  -12.128   -8.844   -7.664   -4.357   -2.274   -1.730   -1.710   -1.044   -0.539    1.098
    2.395    4.023    5.243    5.926
            0.000000  0.016549  0.000000
  -12.128   -8.844   -7.664   -4.357   -2.274   -1.730   -1.711   -1.044   -0.539    1.097
    2.395    4.023    5.247    5.926
            0.000000  0.024823  0.000000
  -12.128   -8.844   -7.664   -4.357   -2.274   -1.730   -1.713   -1.045   -0.539    1.096
    2.395    4.023    5.255    5.926
            0.000000  0.033098  0.000000
  -12.128   -8.843   -7.664   -4.357   -2.274   -1.730   -1.715   -1.045   -0.539    1.094
    2.395    4.023    5.267    5.926
            0.000000  0.041372  0.000000
  -12.128   -8.843   -7.664   -4.357   -2.274   -1.730   -1.718   -1.045   -0.539    1.093
    2.395    4.023    5.281    5.926
            0.000000  0.049646  0.000000
  -12.128   -8.843   -7.664   -4.357   -2.274   -1.730   -1.722   -1.045   -0.539    1.090
    2.396    4.023    5.298    5.926
            0.000000  0.057921  0.000000
  -12.128   -8.843   -7.664   -4.357   -2.274   -1.730   -1.727   -1.045   -0.539    1.088
    2.396    4.022    5.319    5.926
            0.000000  0.066195  0.000000
  -12.127   -8.843   -7.664   -4.357   -2.274   -1.732   -1.730   -1.045   -0.539    1.085
    2.396    4.022    5.342    5.926
            0.000000  0.074469  0.000000
  -12.127   -8.843   -7.664   -4.357   -2.274   -1.738   -1.730   -1.046   -0.539    1.081
    2.396    4.022    5.369    5.925
            0.000000  0.082744  0.000000
  -12.127   -8.843   -7.664   -4.358   -2.274   -1.744   -1.730   -1.046   -0.539    1.078
    2.396    4.021    5.399    5.925
            0.000000  0.091018  0.000000
  -12.127   -8.842   -7.664   -4.358   -2.275   -1.751   -1.730   -1.046   -0.539    1.073
    2.396    4.021    5.431    5.925
            0.000000  0.099293  0.000000
  -12.126   -8.842   -7.664   -4.358   -2.275   -1.758   -1.730   -1.046   -0.539    1.069
    2.396    4.021    5.467    5.925
            0.000000  0.107567  0.000000
  -12.126   -8.842   -7.664   -4.358   -2.275   -1.766   -1.731   -1.047   -0.539    1.064
    2.396    4.020    5.506    5.925
            0.000000  0.115841  0.000000
  -12.126   -8.842   -7.664   -4.359   -2.275   -1.774   -1.731   -1.047   -0.539    1.059
    2.396    4.020    5.547    5.925
            0.000000  0.124116  0.000000
  -12.125   -8.841   -7.664   -4.359   -2.275   -1.783   -1.731   -1.047   -0.539    1.054
    2.397    4.019    5.592    5.924
            0.000000  0.132390  0.000000
  -12.125   -8.841   -7.664   -4.359   -2.275   -1.792   -1.731   -1.048   -0.539    1.049
    2.397    4.019    5.639    5.924
            0.000000  0.140664  0.000000
  -12.125   -8.841   -7.664   -4.359   -2.275   -1.801   -1.731   -1.048   -0.539    1.043
    2.397    4.018    5.689    5.924
            0.000000  0.148939  0.000000
  -12.124   -8.840   -7.664   -4.360   -2.275   -1.811   -1.731   -1.049   -0.539    1.037
    2.397    4.018    5.742    5.924
            0.000000  0.157213  0.000000
  -12.124   -8.840   -7.664   -4.360   -2.276   -1.821   -1.731   -1.049   -0.539    1.031
    2.397    4.017    5.797    5.924
            0.000000  0.165488  0.000000
  -12.123   -8.840   -7.664   -4.360   -2.276   -1.831   -1.731   -1.049   -0.539    1.025
    2.397    4.017    5.855    5.924
            0.000000  0.173762  0.000000
  -12.123   -8.839   -7.664   -4.360   -2.276   -1.841   -1.731   -1.050   -0.539    1.019
    2.397    4.016    5.916    5.924
            0.000000  0.182036  0.000000
  -12.123   -8.839   -7.663   -4.361   -2.276   -1.851   -1.731   -1.050   -0.539    1.013
    2.397    4.016    5.924    5.979
            0.000000  0.190311  0.000000
  -12.122   -8.839   -7.663   -4.361   -2.276   -1.861   -1.732   -1.051   -0.540    1.006
    2.397    4.015    5.923    6.045
            0.000000  0.198585  0.000000
  -12.122   -8.838   -7.663   -4.361   -2.277   -1.872   -1.732   -1.051   -0.540    1.000
    2.397    4.015    5.923    6.065
            0.000000  0.206859  0.000000
  -12.121   -8.838   -7.663   -4.362   -2.277   -1.882   -1.732   -1.052   -0.540    0.994
    2.397    4.014    5.923    6.068
            0.000000  0.215134  0.000000
  -12.121   -8.838   -7.663   -4.362   -2.277   -1.892   -1.732   -1.052   -0.540    0.987
    2.397    4.013    5.923    6.072
            0.000000  0.223408  0.000000
  -12.120   -8.837   -7.663   -4.362   -2.277   -1.902   -1.732   -1.053   -0.540    0.981
    2.397    4.013    5.923    6.075
            0.000000  0.231683  0.000000
  -12.120   -8.837   -7.663   -4.363   -2.277   -1.912   -1.732   -1.053   -0.540    0.975
    2.397    4.012    5.923    6.079
            0.000000  0.239957  0.000000
  -12.120   -8.837   -7.663   -4.363   -2.277   -1.922   -1.732   -1.054   -0.540    0.968
    2.397    4.012    5.923    6.082
            0.000000  0.248231  0.000000
  -12.119   -8.836   -7.663   -4.363   -2.278   -1.932   -1.732   -1.054   -0.540    0.962
    2.397    4.011    5.923    6.086
            0.000000  0.256506  0.000000
  -12.119   -8.836   -7.663   -4.363   -2.278   -1.941   -1.732   -1.054   -0.541    0.956
    2.397    4.011    5.923    6.089
            0.000000  0.264780  0.000000
  -12.118   -8.836   -7.663   -4.364   -2.278   -1.950   -1.733   -1.055   -0.541    0.951
    2.397    4.010    5.923    6.092
            0.000000  0.273054  0.000000
  -12.118   -8.835   -7.663   -4.364   -2.278   -1.959   -1.733   -1.055   -0.541    0.945
    2.397    4.010    5.923    6.095
            0.000000  0.281329  0.000000
  -12.118   -8.835   -7.663   -4.364   -2.278   -1.968   -1.733   -1.056   -0.541    0.940
    2.397    4.009    5.924    6.098
            0.000000  0.289603  0.000000
  -12.117   -8.835   -7.663   -4.365   -2.278   -1.976   -1.733   -1.056   -0.541    0.934
    2.397    4.009    5.924    6.101
            0.000000  0.297878  0.000000
  -12.117   -8.835   -7.663   -4.365   -2.278   -1.983   -1.733   -1.056   -0.541    0.929
    2.397    4.008    5.924    6.104
            0.000000  0.306152  0.000000
  -12.117   -8.834   -7.663   -4.365   -2.279   -1.991   -1.733   -1.057   -0.541    0.925
    2.396    4.008    5.924    6.107
            0.000000  0.314426  0.000000
  -12.116   -8.834   -7.663   -4.365   -2.279   -1.997   -1.733   -1.057   -0.542    0.920
    2.396    4.007    5.924    6.109
            0.000000  0.322701  0.000000
  -12.116   -8.834   -7.663   -4.365   -2.279   -2.004   -1.733   -1.057   -0.542    0.916
    2.396    4.007    5.924    6.112
            0.000000  0.330975  0.000000
  -12.116   -8.834   -7.663   -4.366   -2.279   -2.010   -1.733   -1.058   -0.542    0.913
    2.396    4.007    5.924    6.114
            0.000000  0.339250  0.000000
  -12.115   -8.833   -7.662   -4.366   -2.279   -2.015   -1.733   -1.058   -0.542    0.909
    2.396    4.006    5.924    6.116
            0.000000  0.347524  0.000000
  -12.115   -8.833   -7.662   -4.366   -2.279   -2.020   -1.733   -1.058   -0.542    0.906
    2.396    4.006    5.924    6.118
            0.000000  0.355798  0.000000
  -12.115   -8.833   -7.662   -4.366   -2.279   -2.024   -1.733   -1.058   -0.542    0.903
    2.396    4.006    5.924    6.119
            0.000000  0.364073  0.000000
  -12.115   -8.833   -7.662   -4.366   -2.279   -2.028   -1.733   -1.058   -0.542    0.901
    2.396    4.006    5.924    6.121
            0.000000  0.372347  0.000000
  -12.115   -8.833   -7.662   -4.366   -2.279   -2.031   -1.733   -1.059   -0.542    0.899
    2.396    4.005    5.924    6.122
            0.000000  0.380621  0.000000
  -12.115   -8.833   -7.662   -4.366   -2.279   -2.034   -1.733   -1.059   -0.542    0.897
    2.396    4.005    5.924    6.123
            0.000000  0.388896  0.000000
  -12.115   -8.833   -7.662   -4.366   -2.279   -2.036   -1.733   -1.059   -0.542    0.896
    2.396    4.005    5.924    6.124
            0.000000  0.397170  0.000000
  -12.114   -8.833   -7.662   -4.367   -2.279   -2.037   -1.733   -1.059   -0.542    0.895
    2.395    4.005    5.924    6.124
            0.000000  0.405445  0.000000
  -12.114   -8.833   -7.662   -4.367   -2.279   -2.038   -1.733   -1.059   -0.542    0.894
    2.395    4.005    5.925    6.125
            0.000000  0.413719  0.000000
  -12.114   -8.833   -7.662   -4.367   -2.279   -2.038   -1.733   -1.059   -0.542    0.894
    2.395    4.005    5.925    6.125
            0.008999  0.413719  0.000000
  -12.114   -8.832   -7.664   -4.367   -2.292   -2.038   -1.729   -1.046   -0.544    0.894
    2.394    4.008    5.925    6.122
            0.017998  0.413719  0.000000
  -12.112   -8.830   -7.669   -4.370   -2.326   -2.036   -1.717   -1.008   -0.551    0.895
    2.390    4.016    5.925    6.113
            0.026997  0.413719  0.000000
  -12.109   -8.827   -7.677   -4.375   -2.380   -2.033   -1.697   -0.950   -0.562    0.898
    2.383    4.030    5.925    6.099
            0.035997  0.413719  0.000000
  -12.106   -8.823   -7.689   -4.380   -2.449   -2.030   -1.668   -0.874   -0.576    0.900
    2.374    4.049    5.926    6.078
            0.044996  0.413719  0.000000
  -12.101   -8.818   -7.704   -4.388   -2.529   -2.025   -1.632   -0.786   -0.595    0.904
    2.362    4.074    5.927    6.053
            0.053995  0.413719  0.000000
  -12.094   -8.811   -7.722   -4.396   -2.616   -2.019   -1.589   -0.688   -0.618    0.909
    2.348    4.103    5.928    6.022
            0.062994  0.413719  0.000000
  -12.087   -8.803   -7.743   -4.405   -2.709   -2.012   -1.539   -0.645   -0.583    0.915
    2.331    4.138    5.930    5.986
            0.071993  0.413719  0.000000
  -12.079   -8.794   -7.767   -4.414   -2.806   -2.003   -1.481   -0.675   -0.472    0.921
    2.311    4.177    5.932    5.946
            0.080992  0.413719  0.000000
  -12.070   -8.784   -7.795   -4.424   -2.906   -1.994   -1.418   -0.709   -0.357    0.929
    2.289    4.221    5.901    5.934
            0.089991  0.413719  0.000000
  -12.059   -8.773   -7.825   -4.434   -3.007   -1.984   -1.349   -0.746   -0.238    0.938
    2.264    4.269    5.853    5.936
            0.098990  0.413719  0.000000
  -12.047   -8.760   -7.858   -4.443   -3.109   -1.972   -1.274   -0.787   -0.116    0.948
    2.237    4.321    5.801    5.939
            0.107990  0.413719  0.000000
  -12.035   -8.747   -7.894   -4.451   -3.213   -1.960   -1.194   -0.830    0.009    0.958
    2.208    4.377    5.746    5.943
            0.116989  0.413719  0.000000
  -12.021   -8.732   -7.932   -4.459   -3.316   -1.946   -1.109   -0.876    0.136    0.971
    2.176    4.436    5.687    5.947
            0.125988  0.413719  0.000000
  -12.006   -8.716   -7.973   -4.466   -3.420   -1.931   -1.019   -0.924    0.265    0.984
    2.142    4.498    5.626    5.951
            0.134987  0.413719  0.000000
  -11.990   -8.699   -8.017   -4.472   -3.523   -1.915   -0.974   -0.925    0.395    0.998
    2.107    4.564    5.563    5.956
            0.143986  0.413719  0.000000
  -11.973   -8.680   -8.062   -4.476   -3.627   -1.899   -1.027   -0.828    0.527    1.014
    2.069    4.632    5.498    5.962
            0.152985  0.413719  0.000000
  -11.955   -8.661   -8.110   -4.479   -3.730   -1.881   -1.082   -0.726    0.661    1.030
    2.029    4.703    5.430    5.969
            0.161984  0.413719  0.000000
  -11.935   -8.640   -8.160   -4.480   -3.832   -1.862   -1.138   -0.621    0.795    1.048
    1.987    4.777    5.362    5.977
            0.170983  0.413719  0.000000
  -11.915   -8.618   -8.212   -4.480   -3.934   -1.841   -1.195   -0.512    0.931    1.067
    1.945    4.852    5.291    5.985
            0.179983  0.413719  0.000000
  -11.894   -8.595   -8.265   -4.478   -4.035   -1.820   -1.254   -0.400    1.067    1.088
    1.900    4.930    5.220    5.995
            0.188982  0.413719  0.000000
  -11.871   -8.570   -8.320   -4.475   -4.136   -1.798   -1.315   -0.286    1.109    1.203
    1.855    5.009    5.148    6.005
            0.197981  0.413719  0.000000
  -11.847   -8.545   -8.377   -4.469   -4.236   -1.775   -1.376   -0.168    1.132    1.338
    1.811    5.074    5.090    6.017
            0.206980  0.413719  0.000000
  -11.823   -8.518   -8.435   -4.462   -4.335   -1.750   -1.438   -0.048    1.155    1.469
    1.771    5.000    5.172    6.030
            0.215979  0.413719  0.000000
  -11.797   -8.494   -8.490   -4.454   -4.433   -1.725   -1.501    0.074    1.180    1.577
    1.753    4.926    5.256    6.044
            0.224978  0.413719  0.000000
  -11.770   -8.555   -8.461   -4.530   -4.443   -1.698   -1.565    0.199    1.206    1.602
    1.818    4.851    5.340    6.060
            0.233977  0.413719  0.000000
  -11.742   -8.616   -8.431   -4.627   -4.431   -1.671   -1.629    0.326    1.234    1.567
    1.942    4.775    5.425    6.077
            0.242976  0.413719  0.000000
  -11.713   -8.678   -8.399   -4.722   -4.417   -1.694   -1.642    0.456    1.262    1.519
    2.079    4.700    5.511    6.096
            0.251976  0.413719  0.000000
  -11.683   -8.741   -8.367   -4.817   -4.402   -1.758   -1.613    0.587    1.291    1.467
    2.221    4.624    5.597    6.116
            0.260975  0.413719  0.000000
  -11.652   -8.805   -8.333   -4.910   -4.385   -1.824   -1.582    0.721    1.322    1.412
    2.365    4.549    5.684    6.137
            0.269974  0.413719  0.000000
  -11.620   -8.869   -8.298   -5.003   -4.366   -1.889   -1.550    0.856    1.354    1.356
    2.510    4.473    5.770    6.160
            0.278973  0.413719  0.000000
  -11.587   -8.933   -8.262   -5.095   -4.345   -1.954   -1.517    0.993    1.299    1.387
    2.656    4.398    5.855    6.185
            0.287972  0.413719  0.000000
  -11.553   -8.998   -8.224   -5.186   -4.324   -2.020   -1.484    1.131    1.241    1.421
    2.804    4.323    5.940    6.211
            0.296971  0.413719  0.000000
  -11.518   -9.064   -8.186   -5.276   -4.300   -2.085   -1.449    1.183    1.271    1.456
    2.951    4.248    6.024    6.239
            0.305970  0.413719  0.000000
  -11.482   -9.129   -8.146   -5.364   -4.275   -2.150   -1.413    1.124    1.413    1.492
    3.100    4.174    6.106    6.268
            0.314969  0.413719  0.000000
  -11.444   -9.195   -8.105   -5.452   -4.249   -2.215   -1.376    1.064    1.530    1.556
    3.249    4.099    6.185    6.299
            0.323969  0.413719  0.000000
  -11.406   -9.260   -8.063   -5.539   -4.221   -2.280   -1.338    1.004    1.568    1.701
    3.398    4.026    6.260    6.332
            0.332968  0.413719  0.000000
  -11.367   -9.326   -8.020   -5.625   -4.192   -2.344   -1.299    0.945    1.608    1.847
    3.548    3.953    6.329    6.367
            0.341967  0.413719  0.000000
  -11.327   -9.391   -7.976   -5.709   -4.161   -2.408   -1.260    0.884    1.649    1.994
    3.699    3.880    6.391    6.403
            0.350966  0.413719  0.000000
  -11.285   -9.457   -7.931   -5.793   -4.129   -2.472   -1.219    0.824    1.690    2.142
    3.808    3.849    6.441    6.442
            0.359965  0.413719  0.000000
  -11.243   -9.522   -7.884   -5.875   -4.096   -2.535   -1.177    0.764    1.733    2.292
    3.736    4.000    6.477    6.481
            0.368964  0.413719  0.000000
  -11.200   -9.587   -7.836   -5.957   -4.061   -2.598   -1.134    0.704    1.777    2.442
    3.666    4.151    6.491    6.522
            0.377963  0.413719  0.000000
  -11.156   -9.652   -7.787   -6.037   -4.025   -2.660   -1.091    0.644    1.822    2.593
    3.595    4.302    6.480    6.566
            0.386962  0.413719  0.000000
  -11.111   -9.716   -7.737   -6.117   -3.988   -2.721   -1.046    0.585    1.868    2.745
    3.526    4.452    6.439    6.611
            0.395962  0.413719  0.000000
  -11.064   -9.780   -7.686   -6.195   -3.950   -2.782   -1.000    0.525    1.915    2.898
    3.457    4.603    6.371    6.658
            0.404961  0.413719  0.000000
  -11.017   -9.843   -7.633   -6.272   -3.910   -2.843   -0.954    0.466    1.964    3.052
    3.389    4.753    6.278    6.708
            0.413960  0.413719  0.000000
  -10.970   -9.907   -7.580   -6.348   -3.869   -2.902   -0.906    0.407    2.013    3.206
    3.323    4.903    6.167    6.759
            0.422959  0.413719  0.000000
  -10.921   -9.969   -7.525   -6.424   -3.827   -2.961   -0.858    0.349    2.063    3.255
    3.362    5.052    6.042    6.812
            0.431958  0.413719  0.000000
  -10.871  -10.031   -7.469   -6.497   -3.784   -3.019   -0.809    0.291    2.114    3.189
    3.516    5.200    5.907    6.868
            0.440957  0.413719  0.000000
  -10.820  -10.092   -7.412   -6.570   -3.740   -3.077   -0.759    0.233    2.167    3.125
    3.672    5.347    5.764    6.927
            0.449956  0.413719  0.000000
  -10.769  -10.153   -7.354   -6.642   -3.695   -3.133   -0.708    0.176    2.220    3.061
    3.827    5.492    5.617    6.988
            0.449956  0.413719  0.007891
  -10.768  -10.153   -7.355   -6.644   -3.693   -3.131   -0.707    0.176    2.219    3.060
    3.827    5.487    5.620    6.984
            0.449956  0.413719  0.015782
  -10.768  -10.153   -7.359   -6.648   -3.687   -3.125   -0.706    0.176    2.217    3.057
    3.828    5.473    5.628    6.975
            0.449956  0.413719  0.023672
  -10.766  -10.152   -7.364   -6.655   -3.678   -3.116   -0.705    0.177    2.213    3.052
    3.830    5.452    5.639    6.948
            0.449956  0.413719  0.031563
  -10.764  -10.151   -7.372   -6.664   -3.664   -3.102   -0.702    0.178    2.207    3.045
    3.833    5.426    5.650    6.911
            0.449956  0.413719  0.039454
  -10.761  -10.149   -7.382   -6.677   -3.647   -3.085   -0.699    0.179    2.201    3.037
    3.836    5.396    5.662    6.865
            0.449956  0.413719  0.047345
  -10.758  -10.147   -7.394   -6.692   -3.626   -3.063   -0.696    0.180    2.192    3.026
    3.840    5.361    5.674    6.809
            0.449956  0.413719  0.055236
  -10.754  -10.145   -7.408   -6.709   -3.602   -3.039   -0.691    0.181    2.183    3.014
    3.845    5.323    5.685    6.745
            0.449956  0.413719  0.063126
  -10.749  -10.143   -7.424   -6.729   -3.575   -3.011   -0.686    0.183    2.172    3.000
    3.850    5.281    5.695    6.673
            0.449956  0.413719  0.071017
  -10.744  -10.140   -7.441   -6.750   -3.544   -2.980   -0.681    0.185    2.159    2.985
    3.856    5.235    5.704    6.595
            0.449956  0.413719  0.078908
  -10.738  -10.137   -7.460   -6.774   -3.510   -2.945   -0.674    0.187    2.146    2.968
    3.863    5.185    5.713    6.511
            0.449956  0.413719  0.086799
  -10.732  -10.134   -7.480   -6.800   -3.473   -2.908   -0.667    0.189    2.132    2.949
    3.871    5.132    5.720    6.422
            0.449956  0.413719  0.094689
  -10.725  -10.131   -7.502   -6.827   -3.433   -2.868   -0.660    0.191    2.116    2.929
    3.879    5.075    5.727    6.329
            0.449956  0.413719  0.102580
  -10.717  -10.127   -7.525   -6.857   -3.390   -2.825   -0.652    0.193    2.100    2.907
    3.888    5.014    5.732    6.232
            0.449956  0.413719  0.110471
  -10.709  -10.123   -7.549   -6.887   -3.345   -2.780   -0.643    0.196    2.084    2.884
    3.898    4.951    5.736    6.132
            0.449956  0.413719  0.118362
  -10.700  -10.119   -7.574   -6.919   -3.297   -2.733   -0.633    0.198    2.066    2.860
    3.909    4.884    5.738    6.030
            0.449956  0.413719  0.126253
  -10.691  -10.115   -7.599   -6.952   -3.247   -2.684   -0.623    0.200    2.048    2.835
    3.920    4.813    5.738    5.927
            0.449956  0.413719  0.134143
  -10.681  -10.111   -7.625   -6.986   -3.195   -2.633   -0.612    0.202    2.030    2.809
    3.932    4.741    5.735    5.821
            0.449956  0.413719  0.142034
  -10.671  -10.107   -7.651   -7.021   -3.141   -2.580   -0.601    0.204    2.012    2.782
    3.944    4.666    5.715    5.729
            0.449956  0.413719  0.149925
  -10.660  -10.103   -7.678   -7.056   -3.086   -2.526   -0.589    0.206    1.993    2.754
    3.957    4.588    5.607    5.720
            0.449956  0.413719  0.157816
  -10.649  -10.098   -7.704   -7.093   -3.028   -2.471   -0.577    0.207    1.975    2.726
    3.971    4.509    5.499    5.708
            0.449956  0.413719  0.165707
  -10.637  -10.094   -7.731   -7.129   -2.969   -2.415   -0.564    0.209    1.957    2.696
    3.986    4.429    5.391    5.692
            0.449956  0.413719  0.173597
  -10.624  -10.090   -7.758   -7.167   -2.909   -2.357   -0.550    0.209    1.939    2.666
    4.001    4.347    5.284    5.672
            0.449956  0.413719  0.181488
  -10.612  -10.086   -7.784   -7.204   -2.847   -2.300   -0.536    0.210    1.922    2.636
    4.017    4.265    5.176    5.648
            0.449956  0.413719  0.189379
  -10.598  -10.082   -7.810   -7.242   -2.785   -2.241   -0.521    0.210    1.905    2.605
    4.033    4.183    5.069    5.622
            0.449956  0.413719  0.197270
  -10.585  -10.079   -7.835   -7.279   -2.721   -2.182   -0.506    0.209    1.889    2.574
    4.050    4.100    4.962    5.593
            0.449956  0.413719  0.205161
  -10.571  -10.075   -7.860   -7.317   -2.657   -2.124   -0.490    0.208    1.874    2.542
    4.018    4.067    4.857    5.563
            0.449956  0.413719  0.213051
  -10.556  -10.072   -7.883   -7.355   -2.592   -2.065   -0.474    0.206    1.859    2.511
    3.936    4.084    4.753    5.530
            0.449956  0.413719  0.220942
  -10.541  -10.070   -7.906   -7.392   -2.526   -2.007   -0.458    0.203    1.846    2.479
    3.855    4.102    4.650    5.496
            0.449956  0.413719  0.228833
  -10.526  -10.068   -7.928   -7.429   -2.460   -1.949   -0.441    0.200    1.834    2.447
    3.776    4.118    4.550    5.461
            0.449956  0.413719  0.236724
  -10.510  -10.066   -7.949   -7.466   -2.394   -1.892   -0.423    0.196    1.824    2.416
    3.697    4.133    4.455    5.426
            0.449956  0.413719  0.244615
  -10.495  -10.065   -7.968   -7.502   -2.328   -1.836   -0.405    0.191    1.814    2.384
    3.621    4.141    4.368    5.390
            0.449956  0.413719  0.252505
  -10.478  -10.064   -7.987   -7.538   -2.263   -1.782   -0.387    0.185    1.807    2.353
    3.547    4.130    4.302    5.353
            0.449956  0.413719  0.260396
  -10.462  -10.064   -8.004   -7.574   -2.197   -1.729   -0.369    0.178    1.800    2.322
    3.476    4.083    4.275    5.316
            0.449956  0.413719  0.268287
  -10.446  -10.065   -8.019   -7.608   -2.132   -1.678   -0.350    0.170    1.796    2.291
    3.407    4.009    4.278    5.279
            0.449956  0.413719  0.276178
  -10.429  -10.067   -8.033   -7.642   -2.068   -1.630   -0.331    0.161    1.792    2.261
    3.342    3.926    4.293    5.242
            0.449956  0.413719  0.284068
  -10.412  -10.069   -8.045   -7.675   -2.005   -1.584   -0.312    0.152    1.791    2.232
    3.280    3.840    4.313    5.205
            0.449956  0.413719  0.291959
  -10.395  -10.072   -8.055   -7.708   -1.943   -1.540   -0.293    0.142    1.791    2.203
    3.223    3.756    4.335    5.168
            0.449956  0.413719  0.299850
  -10.378  -10.076   -8.064   -7.739   -1.883   -1.500   -0.274    0.130    1.792    2.175
    3.169    3.673    4.359    5.132
            0.449956  0.413719  0.307741
  -10.361  -10.080   -8.070   -7.769   -1.824   -1.464   -0.254    0.118    1.796    2.147
    3.121    3.593    4.385    5.095
            0.449956  0.413719  0.315632
  -10.344  -10.086   -8.075   -7.799   -1.767   -1.431   -0.235    0.106    1.800    2.120
    3.077    3.516    4.411    5.058
            0.449956  0.413719  0.323522
  -10.327  -10.092   -8.078   -7.827   -1.713   -1.403   -0.215    0.092    1.806    2.095
    3.039    3.442    4.438    5.022
            0.449956  0.413719  0.331413
  -10.310  -10.099   -8.080   -7.854   -1.660   -1.379   -0.196    0.078    1.813    2.070
    3.007    3.372    4.466    4.986
            0.449956  0.413719  0.339304
  -10.294  -10.108   -8.079   -7.880   -1.611   -1.359   -0.177    0.064    1.822    2.046
    2.981    3.306    4.495    4.950
            0.449956  0.413719  0.347195
  -10.277  -10.116   -8.076   -7.905   -1.564   -1.345   -0.158    0.049    1.831    2.023
    2.961    3.244    4.524    4.915
            0.449956  0.413719  0.355086
  -10.261  -10.126   -8.072   -7.928   -1.521   -1.335   -0.139    0.034    1.842    2.001
    2.948    3.188    4.554    4.880
            0.449956  0.413719  0.362976
  -10.245  -10.137   -8.065   -7.949   -1.482   -1.331   -0.120    0.018    1.853    1.981
    2.942    3.136    4.584    4.845
            0.449956  0.413719  0.370867
  -10.230  -10.148   -8.057   -7.970   -1.447   -1.332   -0.102    0.002    1.866    1.961
    2.943    3.090    4.615    4.811
            0.449956  0.413719  0.378758
  -10.215  -10.160   -8.047   -7.988   -1.416   -1.339   -0.084   -0.015    1.879    1.943
    2.951    3.049    4.646    4.777
            0.449956  0.413719  0.386649
  -10.200  -10.173   -8.035   -8.006   -1.389   -1.350   -0.066   -0.032    1.894    1.925
    2.965    3.015    4.678    4.744
            0.449956  0.413719  0.394540
  -10.186  -10.186   -8.021   -8.021   -1.367   -1.367   -0.049   -0.049    1.909    1.909
    2.987    2.987    4.711    4.711
            0.440957  0.413719  0.386649
  -10.218  -10.186   -8.009   -7.975   -1.403   -1.358   -0.091   -0.053    1.924    1.959
    2.977    3.035    4.547    4.616
            0.431958  0.413719  0.378758
  -10.256  -10.185   -7.995   -7.919   -1.451   -1.349   -0.137   -0.055    1.939    2.015
    2.966    3.098    4.380    4.521
            0.422959  0.413719  0.370867
  -10.300  -10.182   -7.980   -7.854   -1.511   -1.340   -0.188   -0.056    1.956    2.079
    2.955    3.175    4.213    4.430
            0.413960  0.413719  0.362976
  -10.348  -10.177   -7.965   -7.781   -1.580   -1.330   -0.242   -0.056    1.973    2.148
    2.943    3.262    4.049    4.342
            0.404961  0.413719  0.355086
  -10.400  -10.171   -7.947   -7.700   -1.658   -1.322   -0.298   -0.054    1.991    2.223
    2.928    3.349    3.895    4.258
            0.395962  0.413719  0.347195
  -10.455  -10.163   -7.929   -7.614   -1.743   -1.313   -0.357   -0.050    2.010    2.303
    2.910    3.410    3.780    4.181
            0.386962  0.413719  0.339304
  -10.512  -10.153   -7.910   -7.521   -1.835   -1.304   -0.418   -0.046    2.029    2.388
    2.888    3.376    3.769    4.112
            0.377963  0.413719  0.331413
  -10.571  -10.142   -7.889   -7.424   -1.931   -1.296   -0.480   -0.040    2.049    2.476
    2.860    3.252    3.859    4.051
            0.368964  0.413719  0.323522
  -10.631  -10.130   -7.868   -7.322   -2.032   -1.287   -0.542   -0.032    2.070    2.567
    2.827    3.097    3.988    4.000
            0.359965  0.413719  0.315632
  -10.691  -10.116   -7.846   -7.216   -2.135   -1.279   -0.605   -0.023    2.090    2.660
    2.786    2.937    3.959    4.134
            0.350966  0.413719  0.307741
  -10.752  -10.100   -7.823   -7.106   -2.241   -1.271   -0.668   -0.013    2.111    2.719
    2.738    2.809    3.930    4.291
            0.341967  0.413719  0.299850
  -10.813  -10.082   -7.799   -6.992   -2.349   -1.263   -0.731   -0.001    2.132    2.586
    2.683    2.874    3.911    4.455
            0.332968  0.413719  0.291959
  -10.873  -10.064   -7.774   -6.876   -2.458   -1.255   -0.793    0.012    2.151    2.422
    2.623    2.974    3.903    4.625
            0.323969  0.413719  0.284068
  -10.933  -10.043   -7.749   -6.757   -2.568   -1.247   -0.855    0.027    2.170    2.256
    2.558    3.078    3.904    4.801
            0.314969  0.413719  0.276178
  -10.993  -10.021   -7.724   -6.635   -2.677   -1.239   -0.916    0.042    2.090    2.185
    2.491    3.185    3.913    4.981
            0.305970  0.413719  0.268287
  -11.051   -9.998   -7.698   -6.510   -2.786   -1.232   -0.976    0.060    1.925    2.192
    2.427    3.293    3.931    5.166
            0.296971  0.413719  0.260396
  -11.109   -9.973   -7.672   -6.383   -2.894   -1.224   -1.034    0.078    1.762    2.183
    2.376    3.402    3.954    5.354
            0.287972  0.413719  0.252505
  -11.166   -9.946   -7.646   -6.254   -3.001   -1.216   -1.092    0.098    1.600    2.144
    2.352    3.512    3.984    5.546
            0.278973  0.413719  0.244615
  -11.221   -9.919   -7.620   -6.124   -3.105   -1.209   -1.148    0.118    1.440    2.080
    2.350    3.623    4.018    5.740
            0.269974  0.413719  0.236724
  -11.275   -9.889   -7.594   -5.991   -3.208   -1.203   -1.201    0.141    1.282    2.002
    2.360    3.735    4.056    5.937
            0.260975  0.413719  0.228833
  -11.328   -9.859   -7.569   -5.856   -3.309   -1.256   -1.193    0.164    1.126    1.917
    2.374    3.847    4.098    6.136
            0.251976  0.413719  0.220942
  -11.379   -9.827   -7.545   -5.720   -3.406   -1.308   -1.185    0.188    0.972    1.829
    2.391    3.959    4.142    6.337
            0.242976  0.413719  0.213051
  -11.429   -9.793   -7.522   -5.583   -3.500   -1.358   -1.177    0.213    0.820    1.739
    2.407    4.071    4.189    6.540
            0.233977  0.413719  0.205161
  -11.478   -9.759   -7.500   -5.444   -3.591   -1.407   -1.170    0.240    0.671    1.647
    2.423    4.183    4.237    6.744
            0.224978  0.413719  0.197270
  -11.524   -9.723   -7.480   -5.303   -3.678   -1.454   -1.162    0.267    0.524    1.554
    2.439    4.286    4.295    6.948
            0.215979  0.413719  0.189379
  -11.570   -9.686   -7.461   -5.162   -3.761   -1.499   -1.154    0.296    0.379    1.461
    2.453    4.335    4.406    6.875
            0.206980  0.413719  0.181488
  -11.613   -9.647   -7.444   -5.020   -3.839   -1.542   -1.146    0.238    0.325    1.367
    2.466    4.383    4.516    6.735
            0.197981  0.413719  0.173597
  -11.655   -9.608   -7.430   -4.877   -3.913   -1.584   -1.137    0.099    0.354    1.272
    2.477    4.431    4.625    6.596
            0.188982  0.413719  0.165707
  -11.695   -9.568   -7.418   -4.733   -3.981   -1.624   -1.129   -0.037    0.385    1.177
    2.486    4.475    4.732    6.460
            0.179983  0.413719  0.157816
  -11.734   -9.526   -7.409   -4.588   -4.045   -1.663   -1.121   -0.170    0.415    1.082
    2.494    4.516    4.839    6.330
            0.170983  0.413719  0.149925
  -11.770   -9.484   -7.403   -4.443   -4.102   -1.699   -1.113   -0.299    0.447    0.987
    2.500    4.550    4.943    6.207
            0.161984  0.413719  0.142034
  -11.805   -9.441   -7.400   -4.298   -4.154   -1.734   -1.105   -0.425    0.478    0.892
    2.503    4.578    5.045    6.095
            0.152985  0.413719  0.134143
  -11.838   -9.398   -7.401   -4.201   -4.154   -1.767   -1.097   -0.547    0.508    0.797
    2.505    4.596    5.145    5.996
            0.143986  0.413719  0.126253
  -11.870   -9.354   -7.404   -4.241   -4.009   -1.798   -1.090   -0.665    0.536    0.705
    2.505    4.602    5.242    5.912
            0.134987  0.413719  0.118362
  -11.899   -9.310   -7.412   -4.276   -3.865   -1.827   -1.082   -0.779    0.545    0.630
    2.502    4.595    5.336    5.846
            0.125988  0.413719  0.110471
  -11.927   -9.265   -7.422   -4.305   -3.721   -1.855   -1.075   -0.889    0.485    0.624
    2.498    4.574    5.427    5.799
            0.116989  0.413719  0.102580
  -11.952   -9.221   -7.436   -4.328   -3.579   -1.880   -1.068   -0.993    0.394    0.649
    2.493    4.540    5.513    5.770
            0.107990  0.413719  0.094689
  -11.976   -9.177   -7.452   -4.347   -3.439   -1.904   -1.093   -1.062    0.298    0.678
    2.485    4.494    5.596    5.756
            0.098990  0.413719  0.086799
  -11.998   -9.133   -7.471   -4.361   -3.300   -1.926   -1.187   -1.056    0.202    0.706
    2.477    4.441    5.674    5.756
            0.089991  0.413719  0.078908
  -12.018   -9.091   -7.492   -4.371   -3.164   -1.945   -1.275   -1.051    0.106    0.734
    2.468    4.383    5.748    5.765
            0.080992  0.413719  0.071017
  -12.036   -9.050   -7.515   -4.377   -3.032   -1.963   -1.357   -1.047    0.011    0.761
    2.458    4.323    5.782    5.816
            0.071993  0.413719  0.063126
  -12.053   -9.011   -7.538   -4.380   -2.905   -1.979   -1.432   -1.044   -0.082    0.787
    2.448    4.264    5.802    5.878
            0.062994  0.413719  0.055236
  -12.067   -8.974   -7.561   -4.380   -2.783   -1.993   -1.499   -1.042   -0.172    0.810
    2.437    4.208    5.824    5.934
            0.053995  0.413719  0.047345
  -12.080   -8.939   -7.584   -4.379   -2.668   -2.005   -1.559   -1.042   -0.257    0.831
    2.428    4.158    5.847    5.983
            0.044996  0.413719  0.039454
  -12.090   -8.909   -7.605   -4.377   -2.562   -2.016   -1.611   -1.043   -0.335    0.849
    2.419    4.113    5.868    6.026
            0.035997  0.413719  0.031563
  -12.099   -8.883   -7.624   -4.374   -2.469   -2.024   -1.655   -1.046   -0.405    0.865
    2.411    4.075    5.887    6.061
            0.026997  0.413719  0.023672
  -12.106   -8.861   -7.640   -4.371   -2.390   -2.030   -1.689   -1.050   -0.463    0.877
    2.404    4.045    5.903    6.089
            0.017998  0.413719  0.015782
  -12.111   -8.846   -7.652   -4.369   -2.330   -2.035   -1.713   -1.054   -0.506    0.886
    2.399    4.023    5.915    6.109
            0.008999  0.413719  0.007891
  -12.113   -8.836   -7.660   -4.367   -2.292   -2.037   -1.728   -1.058   -0.533    0.892
    2.396    4.009    5.922    6.121
            0.000000  0.413719  0.000000
  -12.114   -8.833   -7.662   -4.367   -2.279   -2.038   -1.733   -1.059   -0.542    0.894
    2.395    4.005    5.925    6.125
            0.000000  0.413719  0.007891
  -12.114   -8.836   -7.658   -4.366   -2.280   -2.038   -1.733   -1.070   -0.531    0.892
    2.398    4.007    5.922    6.124
            0.000000  0.413719  0.015782
  -12.113   -8.848   -7.646   -4.365   -2.283   -2.037   -1.730   -1.102   -0.500    0.885
    2.405    4.012    5.914    6.121
            0.000000  0.413719  0.023672
  -12.111   -8.866   -7.626   -4.363   -2.287   -2.035   -1.725   -1.149   -0.456    0.874
    2.416    4.020    5.902    6.115
            0.000000  0.413719  0.031563
  -12.108   -8.891   -7.598   -4.361   -2.293   -2.033   -1.719   -1.206   -0.402    0.859
    2.432    4.032    5.884    6.108
            0.000000  0.413719  0.039454
  -12.104   -8.922   -7.565   -4.358   -2.301   -2.030   -1.711   -1.269   -0.342    0.840
    2.452    4.046    5.862    6.098
            0.000000  0.413719  0.047345
  -12.100   -8.957   -7.526   -4.354   -2.310   -2.026   -1.702   -1.336   -0.280    0.818
    2.475    4.065    5.836    6.086
            0.000000  0.413719  0.055236
  -12.094   -8.997   -7.482   -4.349   -2.320   -2.021   -1.690   -1.406   -0.216    0.793
    2.502    4.086    5.805    6.072
            0.000000  0.413719  0.063126
  -12.088   -9.040   -7.435   -4.344   -2.333   -2.016   -1.677   -1.478   -0.151    0.765
    2.532    4.111    5.770    6.056
            0.000000  0.413719  0.071017
  -12.081   -9.085   -7.384   -4.338   -2.346   -2.010   -1.662   -1.552   -0.087    0.735
    2.565    4.138    5.733    6.039
            0.000000  0.413719  0.078908
  -12.073   -9.133   -7.330   -4.331   -2.362   -2.003   -1.646   -1.626   -0.024    0.704
    2.600    4.169    5.692    6.019
            0.000000  0.413719  0.086799
  -12.065   -9.182   -7.274   -4.324   -2.378   -1.995   -1.701   -1.628    0.037    0.672
    2.637    4.203    5.648    5.998
            0.000000  0.413719  0.094689
  -12.055   -9.233   -7.216   -4.316   -2.396   -1.987   -1.776   -1.608    0.095    0.641
    2.675    4.240    5.603    5.975
            0.000000  0.413719  0.102580
  -12.045   -9.285   -7.156   -4.307   -2.416   -1.978   -1.852   -1.586    0.149    0.612
    2.716    4.280    5.556    5.950
            0.000000  0.413719  0.110471
  -12.034   -9.338   -7.094   -4.298   -2.436   -1.968   -1.928   -1.563    0.196    0.586
    2.757    4.322    5.508    5.924
            0.000000  0.413719  0.118362
  -12.022   -9.391   -7.032   -4.287   -2.458   -2.004   -1.957   -1.538    0.232    0.569
    2.800    4.368    5.460    5.896
            0.000000  0.413719  0.126253
  -12.010   -9.445   -6.968   -4.277   -2.481   -2.080   -1.946   -1.512    0.253    0.564
    2.844    4.416    5.411    5.867
            0.000000  0.413719  0.134143
  -11.996   -9.500   -6.903   -4.265   -2.505   -2.156   -1.933   -1.484    0.255    0.574
    2.888    4.467    5.363    5.836
            0.000000  0.413719  0.142034
  -11.982   -9.554   -6.838   -4.253   -2.530   -2.232   -1.920   -1.454    0.241    0.598
    2.933    4.521    5.316    5.804
            0.000000  0.413719  0.149925
  -11.967   -9.609   -6.771   -4.240   -2.556   -2.308   -1.907   -1.423    0.216    0.630
    2.979    4.577    5.271    5.771
            0.000000  0.413719  0.157816
  -11.951   -9.663   -6.704   -4.226   -2.583   -2.384   -1.892   -1.390    0.183    0.666
    3.024    4.636    5.227    5.737
            0.000000  0.413719  0.165707
  -11.934   -9.718   -6.637   -4.212   -2.610   -2.460   -1.876   -1.356    0.145    0.704
    3.071    4.697    5.187    5.702
            0.000000  0.413719  0.173597
  -11.917   -9.772   -6.569   -4.197   -2.639   -2.536   -1.860   -1.320    0.104    0.740
    3.117    4.760    5.149    5.665
            0.000000  0.413719  0.181488
  -11.899   -9.826   -6.501   -4.182   -2.668   -2.612   -1.843   -1.283    0.062    0.774
    3.163    4.826    5.115    5.628
            0.000000  0.413719  0.189379
  -11.879   -9.880   -6.432   -4.166   -2.698   -2.687   -1.825   -1.244    0.018    0.806
    3.210    4.894    5.086    5.590
            0.000000  0.413719  0.197270
  -11.860   -9.934   -6.363   -4.149   -2.763   -2.728   -1.807   -1.204   -0.027    0.833
    3.256    4.964    5.060    5.551
            0.000000  0.413719  0.205161
  -11.839   -9.987   -6.294   -4.131   -2.838   -2.759   -1.787   -1.162   -0.072    0.857
    3.303    5.036    5.040    5.511
            0.000000  0.413719  0.213051
  -11.817  -10.040   -6.224   -4.113   -2.913   -2.790   -1.767   -1.119   -0.117    0.876
    3.349    5.024    5.110    5.471
            0.000000  0.413719  0.220942
  -11.795  -10.092   -6.155   -4.094   -2.988   -2.822   -1.746   -1.074   -0.163    0.891
    3.396    5.014    5.187    5.430
            0.000000  0.413719  0.228833
  -11.772  -10.145   -6.085   -4.075   -3.063   -2.854   -1.725   -1.028   -0.209    0.901
    3.442    5.010    5.265    5.388
            0.000000  0.413719  0.236724
  -11.748  -10.196   -6.015   -4.055   -3.137   -2.886   -1.702   -0.981   -0.254    0.905
    3.488    5.012    5.345    5.346
            0.000000  0.413719  0.244615
  -11.724  -10.247   -5.944   -4.034   -3.211   -2.919   -1.679   -0.933   -0.300    0.905
    3.535    5.020    5.303    5.427
            0.000000  0.413719  0.252505
  -11.698  -10.298   -5.874   -4.013   -3.286   -2.952   -1.655   -0.883   -0.346    0.899
    3.581    5.033    5.260    5.511
            0.000000  0.413719  0.260396
  -11.672  -10.348   -5.803   -3.991   -3.360   -2.985   -1.630   -0.832   -0.391    0.889
    3.627    5.053    5.216    5.596
            0.000000  0.413719  0.268287
  -11.645  -10.398   -5.733   -3.969   -3.433   -3.018   -1.605   -0.780   -0.436    0.873
    3.673    5.079    5.172    5.684
            0.000000  0.413719  0.276178
  -11.617  -10.447   -5.662   -3.946   -3.507   -3.051   -1.578   -0.726   -0.481    0.853
    3.720    5.110    5.127    5.772
            0.000000  0.413719  0.284068
  -11.589  -10.496   -5.591   -3.922   -3.580   -3.084   -1.551   -0.672   -0.525    0.828
    3.766    5.082    5.147    5.863
            0.000000  0.413719  0.291959
  -11.559  -10.544   -5.520   -3.898   -3.654   -3.118   -1.523   -0.617   -0.569    0.798
    3.813    5.037    5.189    5.955
            0.000000  0.413719  0.299850
  -11.529  -10.591   -5.449   -3.873   -3.727   -3.151   -1.495   -0.613   -0.561    0.765
    3.859    4.991    5.236    6.048
            0.000000  0.413719  0.307741
  -11.499  -10.638   -5.379   -3.848   -3.800   -3.184   -1.466   -0.656   -0.504    0.728
    3.906    4.945    5.288    6.143
            0.000000  0.413719  0.315632
  -11.467  -10.684   -5.307   -3.873   -3.822   -3.218   -1.436   -0.699   -0.446    0.687
    3.953    4.899    5.345    6.239
            0.000000  0.413719  0.323522
  -11.435  -10.730   -5.236   -3.945   -3.796   -3.251   -1.405   -0.741   -0.387    0.644
    4.000    4.853    5.406    6.336
            0.000000  0.413719  0.331413
  -11.402  -10.775   -5.165   -4.018   -3.769   -3.283   -1.374   -0.783   -0.328    0.597
    4.047    4.806    5.471    6.435
            0.000000  0.413719  0.339304
  -11.368  -10.819   -5.094   -4.090   -3.742   -3.316   -1.342   -0.825   -0.268    0.548
    4.095    4.759    5.540    6.535
            0.000000  0.413719  0.347195
  -11.333  -10.863   -5.023   -4.163   -3.714   -3.349   -1.309   -0.865   -0.208    0.496
    4.142    4.712    5.613    6.637
            0.000000  0.413719  0.355086
  -11.298  -10.906   -4.952   -4.235   -3.686   -3.381   -1.275   -0.906   -0.147    0.443
    4.190    4.665    5.688    6.586
            0.000000  0.413719  0.362976
  -11.262  -10.948   -4.880   -4.307   -3.657   -3.413   -1.241   -0.945   -0.087    0.388
    4.238    4.618    5.767    6.487
            0.000000  0.413719  0.370867
  -11.225  -10.990   -4.809   -4.379   -3.628   -3.445   -1.207   -0.984   -0.026    0.331
    4.285    4.571    5.849    6.390
            0.000000  0.413719  0.378758
  -11.188  -11.031   -4.737   -4.451   -3.598   -3.476   -1.171   -1.023    0.035    0.274
    4.333    4.523    5.933    6.295
            0.000000  0.413719  0.386649
  -11.150  -11.071   -4.666   -4.522   -3.568   -3.507   -1.135   -1.061    0.095    0.215
    4.381    4.476    6.020    6.201
            0.000000  0.413719  0.394540
  -11.111  -11.111   -4.594   -4.594   -3.538   -3.538   -1.098   -1.098    0.155    0.155
    4.428    4.428    6.110    6.110
            0.000000  0.405445  0.386649
  -11.150  -11.071   -4.666   -4.522   -3.568   -3.507   -1.135   -1.061    0.095    0.215
    4.380    4.476    6.020    6.201
            0.000000  0.397170  0.378758
  -11.188  -11.031   -4.737   -4.451   -3.598   -3.476   -1.170   -1.022    0.035    0.274
    4.332    4.523    5.933    6.295
            0.000000  0.388896  0.370867
  -11.225  -10.990   -4.809   -4.379   -3.628   -3.445   -1.204   -0.982   -0.026    0.331
    4.284    4.570    5.849    6.390
            0.000000  0.380621  0.362976
  -11.262  -10.948   -4.880   -4.307   -3.657   -3.413   -1.237   -0.941   -0.086    0.388
    4.236    4.616    5.767    6.487
            0.000000  0.372347  0.355086
  -11.298  -10.906   -4.951   -4.235   -3.686   -3.381   -1.269   -0.899   -0.147    0.443
    4.187    4.662    5.688    6.586
            0.000000  0.364073  0.347195
  -11.334  -10.863   -5.023   -4.162   -3.714   -3.348   -1.299   -0.856   -0.208    0.497
    4.138    4.708    5.612    6.637
            0.000000  0.355798  0.339304
  -11.368  -10.820   -5.094   -4.090   -3.741   -3.316   -1.329   -0.812   -0.268    0.548
    4.090    4.753    5.539    6.536
            0.000000  0.347524  0.331413
  -11.402  -10.776   -5.165   -4.017   -3.769   -3.283   -1.357   -0.767   -0.327    0.597
    4.041    4.798    5.470    6.436
            0.000000  0.339250  0.323522
  -11.436  -10.731   -5.236   -3.945   -3.795   -3.250   -1.384   -0.722   -0.386    0.644
    3.992    4.842    5.405    6.337
            0.000000  0.330975  0.315632
  -11.468  -10.685   -5.307   -3.872   -3.821   -3.217   -1.409   -0.675   -0.445    0.688
    3.943    4.886    5.344    6.240
            0.000000  0.322701  0.307741
  -11.500  -10.640   -5.378   -3.847   -3.799   -3.183   -1.434   -0.628   -0.502    0.729
    3.895    4.930    5.286    6.144
            0.000000  0.314426  0.299850
  -11.531  -10.593   -5.449   -3.872   -3.726   -3.150   -1.457   -0.582   -0.556    0.766
    3.846    4.973    5.234    6.050
            0.000000  0.306152  0.291959
  -11.562  -10.546   -5.520   -3.897   -3.652   -3.117   -1.479   -0.617   -0.529    0.800
    3.798    5.015    5.186    5.957
            0.000000  0.297878  0.284068
  -11.591  -10.498   -5.591   -3.920   -3.579   -3.083   -1.500   -0.671   -0.479    0.829
    3.749    5.057    5.144    5.865
            0.000000  0.289603  0.276178
  -11.620  -10.450   -5.662   -3.944   -3.505   -3.050   -1.520   -0.725   -0.429    0.854
    3.701    5.097    5.108    5.775
            0.000000  0.281329  0.268287
  -11.648  -10.401   -5.732   -3.967   -3.431   -3.016   -1.538   -0.778   -0.378    0.875
    3.653    5.074    5.140    5.687
            0.000000  0.273054  0.260396
  -11.675  -10.351   -5.803   -3.989   -3.357   -2.983   -1.556   -0.830   -0.327    0.891
    3.605    5.048    5.181    5.600
            0.000000  0.264780  0.252505
  -11.702  -10.302   -5.873   -4.010   -3.283   -2.949   -1.572   -0.880   -0.275    0.902
    3.558    5.028    5.221    5.515
            0.000000  0.256506  0.244615
  -11.728  -10.251   -5.944   -4.031   -3.209   -2.916   -1.588   -0.930   -0.224    0.908
    3.510    5.013    5.260    5.432
            0.000000  0.248231  0.236724
  -11.753  -10.200   -6.014   -4.052   -3.134   -2.884   -1.602   -0.978   -0.171    0.908
    3.463    5.005    5.299    5.350
            0.000000  0.239957  0.228833
  -11.777  -10.149   -6.084   -4.071   -3.059   -2.851   -1.615   -1.025   -0.119    0.904
    3.416    5.002    5.271    5.337
            0.000000  0.231683  0.220942
  -11.801  -10.097   -6.154   -4.090   -2.984   -2.819   -1.628   -1.070   -0.067    0.895
    3.369    5.005    5.193    5.375
            0.000000  0.223408  0.213051
  -11.823  -10.045   -6.224   -4.109   -2.909   -2.787   -1.639   -1.114   -0.015    0.881
    3.322    5.014    5.117    5.412
            0.000000  0.215134  0.205161
  -11.845   -9.992   -6.294   -4.127   -2.834   -2.755   -1.649   -1.157    0.037    0.863
    3.275    5.029    5.044    5.448
            0.000000  0.206859  0.197270
  -11.866   -9.939   -6.363   -4.144   -2.758   -2.724   -1.659   -1.198    0.088    0.840
    3.228    4.972    5.048    5.483
            0.000000  0.198585  0.189379
  -11.887   -9.886   -6.432   -4.160   -2.694   -2.683   -1.668   -1.237    0.137    0.814
    3.182    4.902    5.073    5.518
            0.000000  0.190311  0.181488
  -11.906   -9.832   -6.501   -4.176   -2.664   -2.607   -1.676   -1.275    0.186    0.785
    3.136    4.835    5.102    5.552
            0.000000  0.182036  0.173597
  -11.925   -9.779   -6.569   -4.192   -2.635   -2.531   -1.683   -1.312    0.232    0.753
    3.090    4.770    5.134    5.585
            0.000000  0.173762  0.165707
  -11.943   -9.724   -6.637   -4.206   -2.606   -2.455   -1.689   -1.347    0.274    0.722
    3.044    4.707    5.170    5.616
            0.000000  0.165488  0.157816
  -11.960   -9.670   -6.705   -4.220   -2.578   -2.378   -1.695   -1.381    0.310    0.692
    2.999    4.647    5.209    5.647
            0.000000  0.157213  0.149925
  -11.976   -9.616   -6.772   -4.233   -2.551   -2.302   -1.700   -1.413    0.336    0.668
    2.954    4.589    5.251    5.675
            0.000000  0.148939  0.142034
  -11.992   -9.562   -6.838   -4.246   -2.525   -2.226   -1.704   -1.443    0.347    0.656
    2.910    4.533    5.294    5.701
            0.000000  0.140664  0.134143
  -12.006   -9.508   -6.904   -4.258   -2.500   -2.149   -1.708   -1.472    0.339    0.659
    2.866    4.480    5.338    5.721
            0.000000  0.132390  0.126253
  -12.020   -9.454   -6.969   -4.269   -2.476   -2.073   -1.712   -1.499    0.313    0.677
    2.824    4.430    5.382    5.725
            0.000000  0.124116  0.118362
  -12.033   -9.400   -7.033   -4.280   -2.453   -1.996   -1.715   -1.525    0.274    0.705
    2.782    4.382    5.424    5.702
            0.000000  0.115841  0.110471
  -12.045   -9.347   -7.095   -4.290   -2.431   -1.920   -1.717   -1.549    0.225    0.739
    2.741    4.337    5.460    5.669
            0.000000  0.107567  0.102580
  -12.057   -9.294   -7.157   -4.299   -2.411   -1.844   -1.719   -1.571    0.171    0.776
    2.701    4.295    5.482    5.646
            0.000000  0.099293  0.094689
  -12.067   -9.242   -7.217   -4.307   -2.391   -1.769   -1.720   -1.592    0.113    0.814
    2.662    4.255    5.480    5.648
            0.000000  0.091018  0.086799
  -12.077   -9.192   -7.275   -4.315   -2.373   -1.725   -1.689   -1.610    0.051    0.852
    2.625    4.219    5.457    5.672
            0.000000  0.082744  0.078908
  -12.086   -9.143   -7.332   -4.322   -2.356   -1.725   -1.628   -1.615   -0.012    0.888
    2.590    4.185    5.426    5.705
            0.000000  0.074469  0.071017
  -12.094   -9.095   -7.386   -4.329   -2.341   -1.726   -1.644   -1.542   -0.077    0.924
    2.557    4.155    5.394    5.741
            0.000000  0.066195  0.063126
  -12.101   -9.050   -7.437   -4.335   -2.327   -1.726   -1.658   -1.468   -0.142    0.957
    2.526    4.128    5.364    5.775
            0.000000  0.057921  0.055236
  -12.107   -9.007   -7.484   -4.340   -2.315   -1.727   -1.670   -1.396   -0.207    0.987
    2.497    4.103    5.336    5.808
            0.000000  0.049646  0.047345
  -12.113   -8.968   -7.528   -4.344   -2.304   -1.728   -1.681   -1.325   -0.272    1.015
    2.472    4.082    5.311    5.838
            0.000000  0.041372  0.039454
  -12.118   -8.933   -7.567   -4.348   -2.295   -1.728   -1.690   -1.258   -0.335    1.039
    2.449    4.064    5.290    5.864
            0.000000  0.033098  0.031563
  -12.121   -8.902   -7.600   -4.351   -2.287   -1.729   -1.697   -1.194   -0.395    1.060
    2.430    4.050    5.273    5.886
            0.000000  0.024823  0.023672
  -12.124   -8.877   -7.628   -4.354   -2.282   -1.729   -1.702   -1.136   -0.450    1.076
    2.415    4.038    5.259    5.903
            0.000000  0.016549  0.015782
  -12.126   -8.859   -7.648   -4.355   -2.277   -1.730   -1.706   -1.089   -0.496    1.088
    2.404    4.030    5.249    5.916
            0.000000  0.008274  0.007891
  -12.128   -8.847   -7.660   -4.356   -2.275   -1.730   -1.709   -1.056   -0.527    1.095
    2.398    4.025    5.243    5.924
            0.000000  0.000000  0.000000
  -12.128   -8.844   -7.664   -4.357   -2.274   -1.730   -1.709   -1.044   -0.539    1.098
    2.395    4.023    5.241    5.926
