 &plot nbnd=   5, nks=    51 /
            0.000000  0.000000  0.000000
   -5.811    6.253    6.253    6.253    8.817
            0.000000  0.020000  0.000000
   -5.810    6.242    6.245    6.245    8.813
            0.000000  0.040000  0.000000
   -5.804    6.207    6.222    6.222    8.799
            0.000000  0.060000  0.000000
   -5.795    6.151    6.185    6.185    8.776
            0.000000  0.080000  0.000000
   -5.783    6.075    6.134    6.134    8.745
            0.000000  0.100000  0.000000
   -5.767    5.982    6.073    6.073    8.706
            0.000000  0.120000  0.000000
   -5.747    5.873    6.002    6.002    8.660
            0.000000  0.140000  0.000000
   -5.724    5.753    5.924    5.924    8.607
            0.000000  0.160000  0.000000
   -5.697    5.621    5.841    5.841    8.549
            0.000000  0.180000  0.000000
   -5.667    5.481    5.754    5.754    8.486
            0.000000  0.200000  0.000000
   -5.633    5.334    5.662    5.662    8.419
            0.000000  0.220000  0.000000
   -5.596    5.181    5.569    5.569    8.349
            0.000000  0.240000  0.000000
   -5.555    5.022    5.474    5.474    8.276
            0.000000  0.260000  0.000000
   -5.511    4.860    5.379    5.379    8.202
            0.000000  0.280000  0.000000
   -5.463    4.695    5.283    5.283    8.126
            0.000000  0.300000  0.000000
   -5.412    4.526    5.187    5.187    8.047
            0.000000  0.320000  0.000000
   -5.358    4.355    5.093    5.093    7.970
            0.000000  0.340000  0.000000
   -5.300    4.182    5.000    5.000    7.893
            0.000000  0.360000  0.000000
   -5.238    4.008    4.908    4.908    7.817
            0.000000  0.380000  0.000000
   -5.173    3.832    4.817    4.817    7.742
            0.000000  0.400000  0.000000
   -5.105    3.655    4.729    4.729    7.668
            0.000000  0.420000  0.000000
   -5.033    3.477    4.642    4.642    7.595
            0.000000  0.440000  0.000000
   -4.958    3.298    4.558    4.558    7.525
            0.000000  0.460000  0.000000
   -4.880    3.118    4.476    4.476    7.456
            0.000000  0.480000  0.000000
   -4.798    2.938    4.396    4.396    7.388
            0.000000  0.500000  0.000000
   -4.713    2.757    4.318    4.318    7.324
            0.000000  0.520000  0.000000
   -4.624    2.576    4.244    4.244    7.263
            0.000000  0.540000  0.000000
   -4.533    2.395    4.171    4.171    7.205
            0.000000  0.560000  0.000000
   -4.437    2.214    4.103    4.103    7.149
            0.000000  0.580000  0.000000
   -4.339    2.033    4.036    4.036    7.097
            0.000000  0.600000  0.000000
   -4.237    1.852    3.972    3.972    7.048
            0.000000  0.620000  0.000000
   -4.132    1.671    3.911    3.911    7.002
            0.000000  0.640000  0.000000
   -4.025    1.490    3.853    3.853    6.960
            0.000000  0.660000  0.000000
   -3.913    1.311    3.799    3.799    6.922
            0.000000  0.680000  0.000000
   -3.799    1.130    3.747    3.747    6.885
            0.000000  0.700000  0.000000
   -3.682    0.950    3.697    3.697    6.854
            0.000000  0.720000  0.000000
   -3.562    0.772    3.651    3.651    6.826
            0.000000  0.740000  0.000000
   -3.440    0.594    3.608    3.608    6.802
            0.000000  0.760000  0.000000
   -3.314    0.418    3.568    3.568    6.781
            0.000000  0.780000  0.000000
   -3.185    0.242    3.532    3.532    6.766
            0.000000  0.800000  0.000000
   -3.054    0.067    3.498    3.498    6.754
            0.000000  0.820000  0.000000
   -2.920   -0.106    3.468    3.468    6.747
            0.000000  0.840000  0.000000
   -2.783   -0.278    3.440    3.440    6.743
            0.000000  0.860000  0.000000
   -2.643   -0.448    3.417    3.417    6.748
            0.000000  0.880000  0.000000
   -2.501   -0.617    3.396    3.396    6.753
            0.000000  0.900000  0.000000
   -2.356   -0.785    3.378    3.378    6.764
            0.000000  0.920000  0.000000
   -2.209   -0.951    3.363    3.363    6.778
            0.000000  0.940000  0.000000
   -2.059   -1.115    3.352    3.352    6.797
            0.000000  0.960000  0.000000
   -1.908   -1.278    3.344    3.344    6.821
            0.000000  0.980000  0.000000
   -1.753   -1.438    3.339    3.339    6.850
            0.000000  1.000000  0.000000
   -1.596   -1.596    3.338    3.338    6.884
