 &plot nbnd=   8, nks=    41 /
            0.500000  0.500000  0.500000
   -3.575   -0.963    4.792    4.792    7.468    9.330    9.330   13.547
            0.475000  0.475000  0.475000
   -3.610   -0.912    4.797    4.797    7.474    9.336    9.336   13.555
            0.450000  0.450000  0.450000
   -3.710   -0.766    4.810    4.810    7.489    9.351    9.351   13.578
            0.425000  0.425000  0.425000
   -3.856   -0.544    4.832    4.832    7.514    9.374    9.374   13.614
            0.400000  0.400000  0.400000
   -4.029   -0.263    4.864    4.864    7.550    9.404    9.404   13.659
            0.375000  0.375000  0.375000
   -4.216    0.061    4.904    4.904    7.596    9.439    9.439   13.701
            0.350000  0.350000  0.350000
   -4.407    0.419    4.953    4.953    7.651    9.473    9.473   13.714
            0.325000  0.325000  0.325000
   -4.595    0.804    5.011    5.011    7.716    9.501    9.501   13.646
            0.300000  0.300000  0.300000
   -4.777    1.211    5.076    5.076    7.790    9.518    9.518   13.440
            0.275000  0.275000  0.275000
   -4.949    1.635    5.150    5.150    7.871    9.515    9.515   13.115
            0.250000  0.250000  0.250000
   -5.109    2.076    5.231    5.231    7.960    9.487    9.487   12.726
            0.225000  0.225000  0.225000
   -5.257    2.528    5.318    5.318    8.055    9.429    9.429   12.308
            0.200000  0.200000  0.200000
   -5.391    2.990    5.411    5.411    8.154    9.343    9.343   11.876
            0.175000  0.175000  0.175000
   -5.510    3.458    5.507    5.507    8.254    9.231    9.231   11.436
            0.150000  0.150000  0.150000
   -5.614    3.928    5.604    5.604    8.353    9.103    9.103   10.995
            0.125000  0.125000  0.125000
   -5.703    4.394    5.700    5.700    8.446    8.968    8.968   10.560
            0.100000  0.100000  0.100000
   -5.776    4.845    5.790    5.790    8.525    8.837    8.837   10.141
            0.075000  0.075000  0.075000
   -5.833    5.267    5.870    5.870    8.580    8.721    8.721    9.761
            0.050000  0.050000  0.050000
   -5.873    5.630    5.933    5.933    8.597    8.629    8.629    9.455
            0.025000  0.025000  0.025000
   -5.898    5.891    5.974    5.974    8.569    8.569    8.572    9.267
            0.000000  0.000000  0.000000
   -5.906    5.989    5.989    5.989    8.549    8.549    8.549    9.209
            0.050000  0.000000  0.000000
   -5.895    5.913    5.941    5.941    8.520    8.608    8.608    9.282
            0.100000  0.000000  0.000000
   -5.863    5.707    5.814    5.814    8.439    8.775    8.775    9.478
            0.150000  0.000000  0.000000
   -5.808    5.407    5.630    5.630    8.313    9.023    9.023    9.750
            0.200000  0.000000  0.000000
   -5.732    5.050    5.415    5.415    8.157    9.329    9.329   10.035
            0.250000  0.000000  0.000000
   -5.634    4.657    5.185    5.185    7.980    9.675    9.675   10.253
            0.300000  0.000000  0.000000
   -5.515    4.243    4.953    4.953    7.793   10.048   10.048   10.298
            0.350000  0.000000  0.000000
   -5.375    3.815    4.725    4.725    7.605   10.131   10.442   10.442
            0.400000  0.000000  0.000000
   -5.214    3.379    4.505    4.505    7.421    9.823   10.851   10.851
            0.450000  0.000000  0.000000
   -5.031    2.937    4.298    4.298    7.247    9.459   11.272   11.272
            0.500000  0.000000  0.000000
   -4.829    2.493    4.104    4.104    7.086    9.082   11.702   11.702
            0.550000  0.000000  0.000000
   -4.606    2.048    3.926    3.926    6.942    8.715   12.141   12.141
            0.600000  0.000000  0.000000
   -4.363    1.602    3.765    3.765    6.817    8.367   12.585   12.585
            0.650000  0.000000  0.000000
   -4.101    1.159    3.621    3.621    6.711    8.046   13.034   13.034
            0.700000  0.000000  0.000000
   -3.820    0.718    3.495    3.495    6.628    7.754   13.489   13.489
            0.750000  0.000000  0.000000
   -3.521    0.282    3.389    3.389    6.569    7.493   13.949   13.949
            0.800000  0.000000  0.000000
   -3.204   -0.148    3.301    3.301    6.534    7.264   14.411   14.411
            0.850000  0.000000  0.000000
   -2.871   -0.570    3.232    3.232    6.525    7.067   14.871   14.871
            0.900000  0.000000  0.000000
   -2.521   -0.984    3.182    3.182    6.543    6.901   15.321   15.321
            0.950000  0.000000  0.000000
   -2.157   -1.387    3.153    3.153    6.588    6.767   15.731   15.731
            1.000000  0.000000  0.000000
   -1.778   -1.778    3.143    3.143    6.662    6.662   15.943   15.943
