# energy grid [eV]  eels components [arbitrary units]
#
    0.000000000    0.000000000    0.000000000    0.000000000
    0.060120240    0.000029863    0.000019614    0.000019614
    0.120240481    0.000059741    0.000039238    0.000039238
    0.180360721    0.000089650    0.000058879    0.000058879
    0.240480962    0.000119606    0.000078547    0.000078548
    0.300601202    0.000149624    0.000098252    0.000098253
    0.360721443    0.000179722    0.000118004    0.000118004
    0.420841683    0.000209917    0.000137811    0.000137811
    0.480961924    0.000240226    0.000157686    0.000157686
    0.541082164    0.000270668    0.000177638    0.000177638
    0.601202405    0.000301263    0.000197681    0.000197681
    0.661322645    0.000332032    0.000217826    0.000217826
    0.721442886    0.000362997    0.000238088    0.000238088
    0.781563126    0.000394182    0.000258481    0.000258481
    0.841683367    0.000425614    0.000279022    0.000279022
    0.901803607    0.000457321    0.000299728    0.000299728
    0.961923848    0.000489334    0.000320620    0.000320621
    1.022044088    0.000521687    0.000341720    0.000341720
    1.082164329    0.000554419    0.000363052    0.000363053
    1.142284569    0.000587572    0.000384645    0.000384646
    1.202404810    0.000621193    0.000406531    0.000406532
    1.262525050    0.000655336    0.000428746    0.000428747
    1.322645291    0.000690064    0.000451333    0.000451334
    1.382765531    0.000725444    0.000474340    0.000474341
    1.442885772    0.000761560    0.000497826    0.000497826
    1.503006012    0.000798505    0.000521857    0.000521858
    1.563126253    0.000836390    0.000546516    0.000546517
    1.623246493    0.000875346    0.000571901    0.000571901
    1.683366733    0.000915531    0.000598130    0.000598131
    1.743486974    0.000957136    0.000625353    0.000625354
    1.803607214    0.001000398    0.000653755    0.000653756
    1.863727455    0.001045610    0.000683572    0.000683573
    1.923847695    0.001093149    0.000715113    0.000715114
    1.983967936    0.001143506    0.000748788    0.000748789
    2.044088176    0.001197338    0.000785158    0.000785159
    2.104208417    0.001255560    0.000825016    0.000825017
    2.164328657    0.001319498    0.000869528    0.000869529
    2.224448898    0.001391189    0.000920502    0.000920503
    2.284569138    0.001473982    0.000980922    0.000980923
    2.344689379    0.001573903    0.001056119    0.001056120
    2.404809619    0.001702866    0.001156508    0.001156510
    2.464929860    0.001885363    0.001303421    0.001303423
    2.525050100    0.002153943    0.001529009    0.001529011
    2.585170341    0.002437927    0.001798345    0.001798348
    2.645290581    0.002610965    0.002007391    0.002007394
    2.705410822    0.002823031    0.002282602    0.002282606
    2.765531062    0.003147627    0.002744039    0.002744044
    2.825651303    0.003715686    0.003409638    0.003409644
    2.885771543    0.004560647    0.004086045    0.004086054
    2.945891784    0.005500897    0.004640647    0.004640656
    3.006012024    0.006176647    0.004945380    0.004945388
    3.066132265    0.007160147    0.005118051    0.005118057
    3.126252505    0.009248423    0.005501832    0.005501835
    3.186372745    0.011509138    0.005867136    0.005867135
    3.246492986    0.011386956    0.005868414    0.005868411
    3.306613226    0.010790881    0.005797191    0.005797192
    3.366733467    0.010068439    0.005898233    0.005898236
    3.426853707    0.009404121    0.006349449    0.006349453
    3.486973948    0.009539644    0.006627867    0.006627867
    3.547094188    0.009755929    0.006510166    0.006510160
    3.607214429    0.011488396    0.006736580    0.006736574
    3.667334669    0.015223006    0.006894039    0.006894044
    3.727454910    0.017245208    0.006960846    0.006960857
    3.787575150    0.017254192    0.007432846    0.007432855
    3.847695391    0.017856106    0.008160687    0.008160695
    3.907815631    0.017230901    0.008868887    0.008868907
    3.967935872    0.016462389    0.009416133    0.009416166
    4.028056112    0.019072674    0.010725321    0.010725363
    4.088176353    0.023572690    0.011869413    0.011869455
    4.148296593    0.027668406    0.011897962    0.011898002
    4.208416834    0.032487430    0.013373896    0.013373942
    4.268537074    0.031186676    0.014075292    0.014075333
    4.328657315    0.026726586    0.014789185    0.014789205
    4.388777555    0.021773906    0.014579443    0.014579439
    4.448897796    0.016622560    0.012466030    0.012466030
    4.509018036    0.011964514    0.009466489    0.009466494
    4.569138277    0.008778248    0.006999756    0.006999766
    4.629258517    0.006949577    0.005599151    0.005599159
    4.689378758    0.005994654    0.004935656    0.004935653
    4.749498998    0.005578171    0.004924217    0.004924201
    4.809619238    0.005547755    0.005010935    0.005010908
    4.869739479    0.005704824    0.005152773    0.005152730
    4.929859719    0.006013014    0.005873565    0.005873497
    4.989979960    0.006596193    0.006616766    0.006616670
    5.050100200    0.007209629    0.006753455    0.006753346
    5.110220441    0.007232200    0.006693965    0.006693875
    5.170340681    0.006522850    0.006712757    0.006712677
    5.230460922    0.006344288    0.007018958    0.007018858
    5.290581162    0.006583210    0.007982656    0.007982508
    5.350701403    0.006425737    0.007571510    0.007571344
    5.410821643    0.006134115    0.006061699    0.006061579
    5.470941884    0.005948078    0.004573315    0.004573247
    5.531062124    0.006280333    0.003686152    0.003686111
    5.591182365    0.007159319    0.003249322    0.003249293
    5.651302605    0.008663879    0.003097005    0.003096980
    5.711422846    0.009802404    0.003192087    0.003192061
    5.771543086    0.008670929    0.003485080    0.003485048
    5.831663327    0.007688742    0.003536849    0.003536810
    5.891783567    0.007680514    0.003348889    0.003348841
    5.951903808    0.007787132    0.003169436    0.003169390
    6.012024048    0.007965653    0.003018089    0.003018063
    6.072144289    0.009051794    0.003090523    0.003090511
    6.132264529    0.011190035    0.003371602    0.003371601
    6.192384770    0.013097496    0.003401656    0.003401661
    6.252505010    0.015490851    0.003129062    0.003129071
    6.312625251    0.019263136    0.002983617    0.002983635
    6.372745491    0.020266421    0.003036394    0.003036431
    6.432865731    0.020683857    0.003256110    0.003256176
    6.492985972    0.021649013    0.003464379    0.003464441
    6.553106212    0.022203933    0.003733396    0.003733423
    6.613226453    0.022028769    0.004063286    0.004063287
    6.673346693    0.021570212    0.003768118    0.003768105
    6.733466934    0.021377844    0.003333035    0.003333013
    6.793587174    0.021511600    0.003173070    0.003173033
    6.853707415    0.023081110    0.003246314    0.003246254
    6.913827655    0.025098032    0.003523179    0.003523074
    6.973947896    0.025708810    0.003955392    0.003955202
    7.034068136    0.023362505    0.004317402    0.004317093
    7.094188377    0.019582693    0.004177935    0.004177636
    7.154308617    0.018003960    0.003716693    0.003716515
    7.214428858    0.017703991    0.003508102    0.003508005
    7.274549098    0.016138216    0.003504821    0.003504765
    7.334669339    0.016580994    0.003723632    0.003723599
    7.394789579    0.018911126    0.004312346    0.004312333
    7.454909820    0.019392294    0.005094833    0.005094839
    7.515030060    0.020684750    0.004899303    0.004899309
    7.575150301    0.023828846    0.004142326    0.004142313
    7.635270541    0.022720656    0.003701053    0.003701022
    7.695390782    0.018278581    0.003555718    0.003555667
    7.755511022    0.016421268    0.003607638    0.003607558
    7.815631263    0.018002893    0.003831845    0.003831714
    7.875751503    0.020837524    0.004285184    0.004284952
    7.935871743    0.020926261    0.005036542    0.005036166
    7.995991984    0.020086352    0.005221922    0.005221546
    8.056112224    0.020505309    0.004612325    0.004612065
    8.116232465    0.024435041    0.004246561    0.004246354
    8.176352705    0.027192546    0.004288342    0.004288111
    8.236472946    0.024747925    0.004764859    0.004764513
    8.296593186    0.022062552    0.005640378    0.005639783
    8.356713427    0.023887238    0.005833827    0.005833028
    8.416833667    0.027486244    0.004991026    0.004990485
    8.476953908    0.024354198    0.004381556    0.004381391
    8.537074148    0.019567337    0.004172565    0.004172725
    8.597194389    0.018598846    0.004223303    0.004223808
    8.657314629    0.021265917    0.004361354    0.004361964
    8.717434870    0.026739731    0.004538999    0.004539403
    8.777555110    0.029842264    0.004899960    0.004900229
    8.837675351    0.027911814    0.005472834    0.005473066
    8.897795591    0.023296299    0.005725122    0.005725326
    8.957915832    0.020422483    0.005210116    0.005210248
    9.018036072    0.021056260    0.004929457    0.004929535
    9.078156313    0.021025960    0.005086797    0.005086847
    9.138276553    0.018117047    0.005712446    0.005712481
    9.198396794    0.017076762    0.006434708    0.006434735
    9.258517034    0.019116853    0.005921805    0.005921827
    9.318637275    0.025126940    0.005126047    0.005126066
    9.378757515    0.032558858    0.004733276    0.004733293
    9.438877756    0.029513108    0.004541471    0.004541486
    9.498997996    0.022310110    0.004497162    0.004497176
    9.559118236    0.019204832    0.004601228    0.004601242
    9.619238477    0.019946946    0.004886288    0.004886303
    9.679358717    0.024177991    0.005418889    0.005418907
    9.739478958    0.028400343    0.006219991    0.006220014
    9.799599198    0.026553650    0.006496400    0.006496424
    9.859719439    0.024577478    0.005957726    0.005957747
    9.919839679    0.027611237    0.005745884    0.005745905
    9.979959920    0.033003170    0.006056057    0.006056083
   10.040080160    0.032445457    0.006964215    0.006964250
   10.100200401    0.028564369    0.007508442    0.007508482
   10.160320641    0.022907228    0.006579355    0.006579384
   10.220440882    0.019823525    0.005731973    0.005731993
   10.280561122    0.019802519    0.005342077    0.005342092
   10.340681363    0.022813399    0.005211560    0.005211571
   10.400801603    0.029462797    0.005245678    0.005245689
   10.460921844    0.035733721    0.005435192    0.005435202
   10.521042084    0.038902836    0.005857016    0.005857027
   10.581162325    0.038129830    0.006668612    0.006668625
   10.641282565    0.033130402    0.007539308    0.007539324
   10.701402806    0.029788387    0.007259160    0.007259175
   10.761523046    0.030576602    0.006790010    0.006790026
   10.821643287    0.031602621    0.006931404    0.006931425
   10.881763527    0.028866759    0.007808596    0.007808633
   10.941883768    0.029488793    0.009529622    0.009529686
   11.002004008    0.036342426    0.010706069    0.010706134
   11.062124248    0.047871894    0.010248204    0.010248232
   11.122244489    0.052677928    0.009257753    0.009257747
   11.182364729    0.046250973    0.008675988    0.008675955
   11.242484970    0.036730537    0.008249891    0.008249823
   11.302605210    0.031928625    0.008200669    0.008200542
   11.362725451    0.032712249    0.008749785    0.008749550
   11.422845691    0.037212857    0.009344461    0.009344031
   11.482965932    0.045587709    0.009800055    0.009799497
   11.543086172    0.053331482    0.009378503    0.009378108
   11.603206413    0.055332954    0.008784177    0.008783945
   11.663326653    0.048919572    0.008355026    0.008354866
   11.723446894    0.039348353    0.008685466    0.008685330
   11.783567134    0.036539907    0.009916003    0.009915863
   11.843687375    0.039020482    0.011297903    0.011297731
   11.903807615    0.043365934    0.011012052    0.011011831
   11.963927856    0.043490826    0.009756347    0.009756045
   12.024048096    0.046963364    0.009391261    0.009390796
   12.084168337    0.057978195    0.009371497    0.009370702
   12.144288577    0.065288446    0.009552897    0.009551438
   12.204408818    0.061313234    0.010391448    0.010389088
   12.264529058    0.058086490    0.010589660    0.010587524
   12.324649299    0.051229995    0.009943914    0.009942753
   12.384769539    0.046963359    0.009219506    0.009218947
   12.444889780    0.052272588    0.009067533    0.009067302
   12.505010020    0.069799633    0.009570218    0.009570211
   12.565130261    0.089645644    0.010406438    0.010406634
   12.625250501    0.086325812    0.011125892    0.011126332
   12.685370741    0.078946665    0.012789582    0.012790427
   12.745490982    0.087212714    0.015866058    0.015867622
   12.805611222    0.093543114    0.018030905    0.018033354
   12.865731463    0.080846618    0.018495343    0.018497746
   12.925851703    0.072614595    0.018227408    0.018228835
   12.985971944    0.066126009    0.017045641    0.017046433
   13.046092184    0.057511022    0.016538170    0.016538659
   13.106212425    0.050504651    0.015538978    0.015539317
   13.166332665    0.049149127    0.015032283    0.015032551
   13.226452906    0.054993313    0.015896376    0.015896622
   13.286573146    0.060812541    0.016214403    0.016214642
   13.346693387    0.056898123    0.015739258    0.015739461
   13.406813627    0.051683863    0.015866862    0.015867031
   13.466933868    0.050712258    0.016163344    0.016163500
   13.527054108    0.054771009    0.016885042    0.016885205
   13.587174349    0.063397204    0.018965567    0.018965765
   13.647294589    0.064440386    0.021504933    0.021505196
   13.707414830    0.058287857    0.020451212    0.020451457
   13.767535070    0.058505665    0.018646784    0.018646961
   13.827655311    0.066860982    0.018397807    0.018397948
   13.887775551    0.075605014    0.019208849    0.019208985
   13.947895792    0.072009087    0.019340187    0.019340322
   14.008016032    0.071629039    0.019584936    0.019585057
   14.068136273    0.083085176    0.021350689    0.021350803
   14.128256513    0.093228261    0.023456278    0.023456391
   14.188376754    0.093919541    0.025061551    0.025061672
   14.248496994    0.107792645    0.029104483    0.029104630
   14.308617234    0.127762897    0.035971196    0.035971389
   14.368737475    0.144423131    0.046021234    0.046021498
   14.428857715    0.163346944    0.062271726    0.062272105
   14.488977956    0.151702344    0.069986291    0.069986818
   14.549098196    0.129628503    0.065316779    0.065317363
   14.609218437    0.117606043    0.060068916    0.060069353
   14.669338677    0.109574381    0.054391728    0.054392034
   14.729458918    0.094553237    0.046648193    0.046648438
   14.789579158    0.070030520    0.037738171    0.037738383
   14.849699399    0.051883031    0.030667765    0.030667949
   14.909819639    0.042024373    0.024977263    0.024977411
   14.969939880    0.036603362    0.022704204    0.022704335
   15.030060120    0.033422888    0.023189090    0.023189221
   15.090180361    0.031469886    0.022364956    0.022365086
   15.150300601    0.030252725    0.020138761    0.020138890
   15.210420842    0.029507599    0.019980482    0.019980628
   15.270541082    0.029119407    0.022094788    0.022094977
   15.330661323    0.028937699    0.023389054    0.023389291
   15.390781563    0.028770634    0.023159864    0.023160157
   15.450901804    0.028767948    0.023509582    0.023509905
   15.511022044    0.029016349    0.023275479    0.023275740
   15.571142285    0.029446436    0.022892829    0.022893034
   15.631262525    0.029636314    0.020396452    0.020396616
   15.691382766    0.029699726    0.019070606    0.019070754
   15.751503006    0.029975768    0.020052465    0.020052625
   15.811623246    0.030496374    0.021683997    0.021684175
   15.871743487    0.031263641    0.020539043    0.020539212
   15.931863727    0.031871996    0.019462911    0.019463079
   15.991983968    0.032025094    0.020394033    0.020394234
   16.052104208    0.032310752    0.022399710    0.022399961
   16.112224449    0.032856987    0.021971234    0.021971503
   16.172344689    0.033669146    0.021656506    0.021656818
   16.232464930    0.034706252    0.024268467    0.024268914
   16.292585170    0.035347565    0.027743271    0.027743875
   16.352705411    0.035599224    0.025693345    0.025693850
   16.412825651    0.036085300    0.022783943    0.022784290
   16.472945892    0.036856160    0.022892362    0.022892647
   16.533066132    0.037926530    0.023863167    0.023863435
   16.593186373    0.039153532    0.022571368    0.022571598
   16.653306613    0.039803918    0.022079155    0.022079372
   16.713426854    0.040236913    0.023545387    0.023545628
   16.773547094    0.040976954    0.023867747    0.023867968
   16.833667335    0.042036727    0.022933669    0.022933822
   16.893787575    0.043426478    0.024101927    0.024102022
   16.953907816    0.044710623    0.025807120    0.025807169
   17.014028056    0.045354823    0.025676487    0.025676495
   17.074148297    0.046116029    0.027401508    0.027401454
   17.134268537    0.047249027    0.029089687    0.029089624
   17.194388778    0.048759281    0.027030553    0.027030564
   17.254509018    0.050431739    0.026298637    0.026298702
   17.314629259    0.051476331    0.026681972    0.026682068
   17.374749499    0.052394949    0.025739929    0.025740072
   17.434869739    0.053725443    0.026207677    0.026207881
   17.494989980    0.055492926    0.026604907    0.026605218
   17.555110220    0.057436790    0.026440944    0.026441458
   17.615230461    0.058758817    0.027160654    0.027161543
   17.675350701    0.060032218    0.027011349    0.027012853
   17.735470942    0.061802845    0.027275203    0.027276846
   17.795591182    0.064049884    0.026648911    0.026649733
   17.855711423    0.066093769    0.025616090    0.025616342
   17.915831663    0.067682178    0.023502686    0.023502871
   17.975951904    0.069730685    0.021701799    0.021702006
   18.036072144    0.072338345    0.020855109    0.020855338
   18.096192385    0.074727091    0.020484349    0.020484591
   18.156312625    0.076971146    0.020336759    0.020337021
   18.216432866    0.079500095    0.020364000    0.020364252
   18.276553106    0.081504328    0.020368970    0.020369143
   18.336673347    0.083502916    0.020407016    0.020407162
   18.396793587    0.085951243    0.020536476    0.020536615
   18.456913828    0.088745226    0.020728045    0.020728180
   18.517034068    0.091795537    0.020958601    0.020958734
   18.577154309    0.095067815    0.021216355    0.021216486
   18.637274549    0.098553784    0.021495086    0.021495218
   18.697394790    0.102257110    0.021791241    0.021791373
   18.757515030    0.106187718    0.022102656    0.022102789
   18.817635271    0.110359475    0.022427960    0.022428094
   18.877755511    0.114789248    0.022766274    0.022766409
   18.937875752    0.119496553    0.023117035    0.023117173
   18.997995992    0.124503506    0.023479903    0.023480043
   19.058116232    0.129834947    0.023854695    0.023854837
   19.118236473    0.135518660    0.024241344    0.024241490
   19.178356713    0.141585695    0.024639878    0.024640027
   19.238476954    0.148070759    0.025050395    0.025050546
   19.298597194    0.155012698    0.025473052    0.025473206
   19.358717435    0.162455070    0.025908057    0.025908215
   19.418837675    0.170446817    0.026355663    0.026355825
   19.478957916    0.179043069    0.026816161    0.026816327
   19.539078156    0.188306091    0.027289878    0.027290048
   19.599198397    0.198306408    0.027777174    0.027777348
   19.659318637    0.209124150    0.028278442    0.028278621
   19.719438878    0.220850654    0.028794106    0.028794290
   19.779559118    0.233590394    0.029324618    0.029324807
   19.839679359    0.247463310    0.029870465    0.029870659
   19.899799599    0.262607627    0.030432159    0.030432358
   19.959919840    0.279183309    0.031010248    0.031010453
   20.020040080    0.297376279    0.031605309    0.031605520
   20.080160321    0.317403638    0.032217954    0.032218171
   20.140280561    0.339520149    0.032848827    0.032849050
   20.200400802    0.364026344    0.033498610    0.033498840
   20.260521042    0.391278744    0.034168020    0.034168257
   20.320641283    0.421702836    0.034857815    0.034858059
   20.380761523    0.455809702    0.035568791    0.035569043
   20.440881764    0.494217504    0.036301791    0.036302051
   20.501002004    0.537679528    0.037057701    0.037057969
   20.561122244    0.587121169    0.037837454    0.037837731
   20.621242485    0.643689255    0.038642038    0.038642323
   20.681362725    0.708818652    0.039472491    0.039472786
   20.741482966    0.784323398    0.040329910    0.040330214
   20.801603206    0.872523234    0.041215452    0.041215767
   20.861723447    0.976422104    0.042130341    0.042130667
   20.921843687    1.099964426    0.043075867    0.043076204
   20.981963928    1.248410227    0.044053396    0.044053745
   21.042084168    1.428896240    0.045064370    0.045064731
   21.102204409    1.651295593    0.046110317    0.046110691
   21.162324649    1.929571073    0.047192853    0.047193240
   21.222444890    2.283971430    0.048313690    0.048314092
   21.282565130    2.744721855    0.049474643    0.049475060
   21.342685371    3.358476522    0.050677637    0.050678069
   21.402805611    4.200128264    0.051924713    0.051925161
   21.462925852    5.395594966    0.053218041    0.053218507
   21.523046092    7.168542401    0.054559926    0.054560409
   21.583166333    9.943008525    0.055952817    0.055953320
   21.643286573   14.585737124    0.057399325    0.057399848
   21.703406814   23.010375058    0.058902227    0.058902771
   21.763527054   39.575226539    0.060464483    0.060465049
   21.823647295   71.485568306    0.062089253    0.062089843
   21.883767535  103.950391479    0.063779909    0.063780523
   21.943887776   82.225590379    0.065540054    0.065540694
   22.004008016   46.266406818    0.067373541    0.067374209
   22.064128257   26.331719311    0.069284496    0.069285193
   22.124248497   16.326230927    0.071277338    0.071278066
   22.184368737   10.936527027    0.073356807    0.073357568
   22.244488978    7.780025136    0.075527990    0.075528786
   22.304609218    5.795605259    0.077796356    0.077797189
   22.364729459    4.474909325    0.080167786    0.080168658
   22.424849699    3.554844726    0.082648615    0.082649528
   22.484969940    2.889675422    0.085245669    0.085246627
   22.545090180    2.393893508    0.087966320    0.087967324
   22.605210421    2.014840508    0.090818529    0.090819584
   22.665330661    1.718732701    0.093810914    0.093812023
   22.725450902    1.483126006    0.096952806    0.096953972
   22.785571142    1.292655454    0.100254329    0.100255556
   22.845691383    1.136524831    0.103726477    0.103727769
   22.905811623    1.006973358    0.107381206    0.107382569
   22.965931864    0.898309110    0.111231541    0.111232979
   23.026052104    0.806282448    0.115291688    0.115293207
   23.086172345    0.727669662    0.119577165    0.119578771
   23.146292585    0.659990091    0.124104953    0.124106653
   23.206412826    0.601310065    0.128893664    0.128895464
   23.266533066    0.550104541    0.133963728    0.133965638
   23.326653307    0.505157854    0.139337618    0.139339647
   23.386773547    0.465491459    0.145040094    0.145042250
   23.446893788    0.430310587    0.151098489    0.151100784
   23.507014028    0.398964384    0.157543039    0.157545485
   23.567134269    0.370915769    0.164407259    0.164409869
   23.627254509    0.345718406    0.171728376    0.171731165
   23.687374749    0.322998919    0.179547841    0.179550826
   23.747494990    0.302443054    0.187911911    0.187915110
   23.807615230    0.283784798    0.196872332    0.196875766
   23.867735471    0.266797765    0.206487145    0.206490837
   23.927855711    0.251288324    0.216821623    0.216825600
   23.987975952    0.237090074    0.227949379    0.227953670
   24.048096192    0.224059381    0.239953681    0.239958320
   24.108216433    0.212071742    0.252929006    0.252934032
   24.168336673    0.201018805    0.266982906    0.266988363
   24.228456914    0.190805923    0.282238233    0.282244169
   24.288577154    0.181350128    0.298835827    0.298842301
   24.348697395    0.172578441    0.316937770    0.316944849
   24.408817635    0.164426464    0.336731349    0.336739109
   24.468937876    0.156837198    0.358433897    0.358442427
   24.529058116    0.149760050    0.382298769    0.382308175
   24.589178357    0.143149981    0.408622743    0.408633147
   24.649298597    0.136966798    0.437755253    0.437766800
   24.709418838    0.131174536    0.470109997    0.470122861
   24.769539078    0.125740939    0.506179643    0.506194029
   24.829659319    0.120637010    0.546554598    0.546570755
   24.889779559    0.115836621    0.591947201    0.591965429
   24.949899800    0.111316184    0.643223183    0.643243849
   25.010020040    0.107054355    0.701442995    0.701466550
   25.070140281    0.103031788    0.767916717    0.767943722
   25.130260521    0.099230911    0.844277869    0.844309025
   25.190380762    0.095635735    0.932583920    0.932620119
   25.250501002    0.092231687    1.035455125    1.035497506
   25.310621242    0.089005463    1.156269239    1.156319282
   25.370741483    0.085944894    1.299439329    1.299498983
   25.430861723    0.083038836    1.470817588    1.470889458
   25.490981964    0.080277065    1.678294656    1.678382284
   25.551102204    0.077650191    1.932709889    1.932818194
   25.611222445    0.075149573    2.249270295    2.249406256
   25.671342685    0.072767252    2.649827981    2.650001753
   25.731462926    0.070495885    3.166658901    3.166885708
   25.791583166    0.068328692    3.848974679    3.849278124
   25.851703407    0.066259401    4.774643314    4.775061481
   25.911823647    0.064282207    6.072371711    6.072968993
   25.971943888    0.062391727    7.966192820    7.967084327
   26.032064128    0.060582965   10.870786663   10.872192172
   26.092184369    0.058851283   15.611013369   15.613385540
   26.152304609    0.057192364   23.961802468   23.966148369
   26.212424850    0.055602190   39.973512133   39.982139263
   26.272545090    0.054077018   71.903526828   71.920194659
   26.332665331    0.052613353  118.965560582  118.980326782
   26.392785571    0.051207935  117.490938782  117.475178609
   26.452905812    0.049857716   70.303579665   70.287114325
   26.513026052    0.048559844   39.148022280   39.139552771
   26.573146293    0.047311650   23.545143079   23.540859524
   26.633266533    0.046110632   15.382991015   15.380640578
   26.693386774    0.044954444   10.735352188   10.733952630
   26.753507014    0.043840884    7.880098649    7.879206922
   26.813627255    0.042767883    6.014578070    6.013978199
   26.873747495    0.041733497    4.734109716    4.733688155
   26.933867735    0.040735896    3.819514531    3.819207548
   26.993987976    0.039773358    3.144607809    3.144377595
   27.054108216    0.038844260    2.632911602    2.632734659
   27.114228457    0.037947072    2.236019976    2.235881112
   27.174348697    0.037080351    1.922144578    1.922033632
   27.234468938    0.036242734    1.669739599    1.669649576
   27.294589178    0.035432933    1.463796766    1.463722724
   27.354709419    0.034649732    1.293609364    1.293547737
   27.414829659    0.033891979    1.151377526    1.151325687
   27.474949900    0.033158584    1.031312558    1.031268538
   27.535070140    0.032448517    0.929046704    0.929009006
   27.595190381    0.031760798    0.841235115    0.841202583
   27.655310621    0.031094500    0.765281824    0.765253554
   27.715430862    0.030448745    0.699147541    0.699122819
   27.775551102    0.029822697    0.641212542    0.641190796
   27.835671343    0.029215563    0.590177337    0.590158108
   27.895791583    0.028626590    0.544989697    0.544972609
   27.955911824    0.028055062    0.504790342    0.504775088
   28.016032064    0.027500296    0.468872036    0.468858363
   28.076152305    0.026961646    0.436648450    0.436636145
   28.136272545    0.026438493    0.407630198    0.407619084
   28.196392786    0.025930249    0.381406244    0.381396172
   28.256513026    0.025436354    0.357629329    0.357620172
   28.316633267    0.024956274    0.336004464    0.335996113
   28.376753507    0.024489498    0.316279771    0.316272135
   28.436873747    0.024035541    0.298239148    0.298232146
   28.496993988    0.023593938    0.281696339    0.281689903
   28.557114228    0.023164245    0.266490127    0.266484198
   28.617234469    0.022746039    0.252480404    0.252474928
   28.677354709    0.022338915    0.239544937    0.239539870
   28.737474950    0.021942484    0.227576706    0.227572008
   28.797595190    0.021556376    0.216481686    0.216477322
   28.857715431    0.021180237    0.206176998    0.206172937
   28.917835671    0.020813727    0.196589366    0.196585579
   28.977955912    0.020456521    0.187653806    0.187650270
   29.038076152    0.020108306    0.179312531    0.179309224
   29.098196393    0.019768784    0.171514014    0.171510916
   29.158316633    0.019437669    0.164212189    0.164209284
   29.218436874    0.019114686    0.157365777    0.157363048
   29.278557114    0.018799572    0.150937696    0.150935128
   29.338677355    0.018492073    0.144894561    0.144892143
   29.398797595    0.018191946    0.139206252    0.139203973
   29.458917836    0.017898958    0.133845539    0.133843387
   29.519038076    0.017612885    0.128787750    0.128785716
   29.579158317    0.017333511    0.124010495    0.124008571
   29.639278557    0.017060630    0.119493414    0.119491592
   29.699398798    0.016794041    0.115217960    0.115216232
   29.759519038    0.016533555    0.111167208    0.111165569
   29.819639279    0.016278985    0.107325692    0.107324134
   29.879759519    0.016030155    0.103679251    0.103677770
   29.939879760    0.015786894    0.100214902    0.100213494
   30.000000000    0.015549038    0.096920727    0.096919386
