# energy grid [eV]     epsi_x  epsi_y  epsi_z
#
    0.000000000    0.000000000    0.000000000    0.000000000
    0.060120240    0.065179780    0.093572540    0.093572452
    0.120240481    0.130721102    0.187644820    0.187644643
    0.180360721    0.196990718    0.282723558    0.282723292
    0.240480962    0.264365946    0.379329613    0.379329256
    0.300601202    0.333240315    0.478005533    0.478005083
    0.360721443    0.404029670    0.579323695    0.579323150
    0.420841683    0.477178917    0.683895286    0.683894644
    0.480961924    0.553169620    0.792380388    0.792379644
    0.541082164    0.632528713    0.905499510    0.905498662
    0.601202405    0.715838633    1.024046975    1.024046017
    0.661322645    0.803749262    1.148906635    1.148905562
    0.721442886    0.896992172    1.281070568    1.281069374
    0.781563126    0.996397778    1.421661528    1.421660206
    0.841683367    1.102916208    1.571960172    1.571958714
    0.901803607    1.217642915    1.733438380    1.733436777
    0.961923848    1.341850398    1.907800387    1.907798627
    1.022044088    1.477027821    2.097034008    2.097032081
    1.082164329    1.624930947    2.303475000    2.303472891
    1.142284569    1.787645651    2.529888662    2.529886356
    1.202404810    1.967669459    2.779574284    2.779571761
    1.262525050    2.168017324    3.056500182    3.056497421
    1.322645291    2.392360271    3.365480164    3.365477141
    1.382765531    2.645209278    3.712406775    3.712403462
    1.442885772    2.932162158    4.104563446    4.104559808
    1.503006012    3.260239527    4.551047890    4.551043888
    1.563126253    3.638348810    5.063354906    5.063350492
    1.623246493    4.077935465    5.656191657    5.656186775
    1.683366733    4.593913439    6.348638724    6.348633305
    1.743486974    5.206021114    7.165836675    7.165830639
    1.803607214    5.940841462    8.141491020    8.141484267
    1.863727455    6.834887449    9.321686679    9.321679084
    1.923847695    7.939448767   10.770863392   10.770854804
    1.983967936    9.328453592   12.581484023   12.581474251
    2.044088176   11.111700418   14.890271974   14.890260778
    2.104208417   13.458102265   17.906687055   17.906674135
    2.164328657   16.638613110   21.965454869   21.965439851
    2.224448898   21.110277358   27.629375092   27.629357529
    2.284569138   27.692265543   35.904724884   35.904704297
    2.344689379   37.962049366   48.726634629   48.726610698
    2.404809619   55.192633920   70.110265657   70.110238848
    2.464929860   86.313547881  108.577549815  108.577522836
    2.525050100  141.538208539  176.728868171  176.728843080
    2.585170341  216.965651827  266.589636350  266.589569603
    2.645290581  308.086415564  364.297277576  364.297034669
    2.705410822  353.762719413  422.712318175  422.711836816
    2.765531062  276.091205322  357.625575165  357.624969230
    2.825651303  178.798796366  268.282184113  268.281641732
    2.885771543  124.665801167  217.110648734  217.110231222
    2.945891784   99.926935069  190.629110875  190.628827937
    3.006012024   82.455994636  177.375870781  177.375712594
    3.066132265   66.403567182  164.239154095  164.239111250
    3.126252505   56.749339734  146.731189319  146.731213570
    3.186372745   58.902224762  137.909335808  137.909386236
    3.246492986   65.008319897  134.202199750  134.202170107
    3.306613226   66.038764371  125.460958005  125.460818397
    3.366733467   64.601617756  111.094137850  111.093990503
    3.426853707   55.657799350   98.568923086   98.568828425
    3.486973948   46.053653588   94.504777433   94.504728038
    3.547094188   36.925118555   87.379385634   87.379288939
    3.607214429   29.821208516   78.274870117   78.274655583
    3.667334669   29.211263760   71.671244239   71.670976053
    3.727454910   32.395319405   63.814997536   63.814824591
    3.787575150   33.220249560   55.475150224   55.475026717
    3.847695391   32.910564773   51.486628285   51.486477731
    3.907815631   33.503700981   48.766848772   48.766681687
    3.967935872   28.912485914   45.885071561   45.884962052
    4.028056112   24.180166804   43.080652009   43.080594084
    4.088176353   23.654615915   45.719411514   45.719381508
    4.148296593   23.676662504   44.881932223   44.881919816
    4.208416834   25.387337104   43.750845777   43.750854711
    4.268537074   30.155922290   46.614591501   46.614639032
    4.328657315   36.769598211   48.755277107   48.755381625
    4.388777555   45.487326600   55.812589312   55.812688978
    4.448897796   59.117814259   68.244264652   68.244326344
    4.509018036   73.415797703   81.780046712   81.780137174
    4.569138277   63.180799507   75.037970707   75.038198315
    4.629258517   38.570970920   52.156179225   52.156493223
    4.689378758   23.322541936   34.699158603   34.699367570
    4.749498998   15.739476703   26.351330854   26.351436372
    4.809619238   11.967530987   22.050730663   22.050774726
    4.869739479    9.900214368   18.634712681   18.634706529
    4.929859719    8.616468030   17.705585840   17.705524220
    4.989979960    8.082127856   18.280608090   18.280474158
    5.050100200    7.859072451   17.768712444   17.768500960
    5.110220441    7.388222573   16.476110898   16.475908204
    5.170340681    6.049601421   15.308669319   15.308511359
    5.230460922    5.153938475   14.421192176   14.421033525
    5.290581162    4.797222112   15.721232494   15.720996802
    5.350701403    4.271573460   16.177011939   16.176628879
    5.410821643    3.682595527   13.378269384   13.377879482
    5.470941884    3.172092743    9.367275765    9.367030655
    5.531062124    2.957366609    6.601461024    6.601320263
    5.591182365    3.005098669    5.072830842    5.072741847
    5.651302605    3.318946314    4.253758434    4.253693965
    5.711422846    3.665897101    3.905838571    3.905783182
    5.771543086    3.169562015    3.890220105    3.890162885
    5.831663327    2.563192642    3.700638728    3.700577620
    5.891783567    2.308477106    3.259790613    3.259725034
    5.951903808    2.134281365    2.858674816    2.858614410
    6.012024048    1.962907859    2.504631402    2.504591646
    6.072144289    1.986830900    2.355782506    2.355757741
    6.132264529    2.226553513    2.393589913    2.393573883
    6.192384770    2.430482064    2.293814347    2.293804084
    6.252505010    2.641389147    1.982697472    1.982692133
    6.312625251    3.153279111    1.756415207    1.756416102
    6.372745491    3.371124420    1.659695083    1.659706544
    6.432865731    3.344215465    1.662436091    1.662462765
    6.492985972    3.413389672    1.666294768    1.666321774
    6.553106212    3.454392104    1.693134039    1.693145224
    6.613226453    3.384771339    1.766839307    1.766838902
    6.673346693    3.230460182    1.582015986    1.582010144
    6.733466934    3.061680953    1.321594733    1.321585632
    6.793587174    2.934708791    1.178240916    1.178227712
    6.853707415    2.955022524    1.129386510    1.129366666
    6.913827655    3.159964620    1.153236372    1.153204334
    6.973947896    3.315062533    1.228862345    1.228806410
    7.034068136    3.137486210    1.290536969    1.290444573
    7.094188377    2.577759849    1.211046320    1.210951761
    7.154308617    2.181545155    1.028180734    1.028122542
    7.214428858    2.029444524    0.916849043    0.916815943
    7.274549098    1.731742722    0.864647216    0.864626864
    7.334669339    1.609581654    0.866817736    0.866804416
    7.394789579    1.722490790    0.951726511    0.951718099
    7.454909820    1.704762725    1.089077951    1.089073870
    7.515030060    1.705583562    1.031440509    1.031437881
    7.575150301    1.919489430    0.839623439    0.839618436
    7.635270541    1.911008355    0.712094219    0.712086637
    7.695390782    1.500468755    0.648123081    0.648112815
    7.755511022    1.225983219    0.623529705    0.623515465
    7.815631263    1.221808868    0.629027950    0.629006491
    7.875751503    1.353146225    0.669725284    0.669689667
    7.935871743    1.334059002    0.757578527    0.757521365
    7.995991984    1.227556571    0.769949327    0.769889664
    8.056112224    1.162934534    0.658320623    0.658279195
    8.116232465    1.302960235    0.578159140    0.578127782
    8.176352705    1.465690005    0.555111680    0.555079646
    8.236472946    1.357128957    0.587806283    0.587762140
    8.296593186    1.145732875    0.671761554    0.671688577
    8.356713427    1.149818076    0.684830527    0.684729036
    8.416833667    1.310319226    0.570364414    0.570290782
    8.476953908    1.201312297    0.479426230    0.479397143
    8.537074148    0.916377096    0.435784999    0.435791874
    8.597194389    0.793477463    0.421707813    0.421750350
    8.657314629    0.830854100    0.417642496    0.417696765
    8.717434870    0.995936882    0.416971707    0.417006628
    8.777555110    1.129197233    0.432292642    0.432314258
    8.837675351    1.087751063    0.466176264    0.466193739
    8.897795591    0.895502003    0.476295091    0.476310149
    8.957915832    0.738061250    0.420687529    0.420696696
    9.018036072    0.714610504    0.382051081    0.382055758
    9.078156313    0.696629468    0.377878755    0.377880990
    9.138276553    0.574139195    0.408251493    0.408252292
    9.198396794    0.500779158    0.449304272    0.449304141
    9.258517034    0.515662702    0.406148001    0.406147613
    9.318637275    0.633554943    0.339796528    0.339796155
    9.378757515    0.826001302    0.301648698    0.301648310
    9.438877756    0.795846991    0.278175646    0.278175222
    9.498997996    0.586645357    0.264692673    0.264692216
    9.559118236    0.468430206    0.260272486    0.260272006
    9.619238477    0.448951905    0.265766277    0.265765783
    9.679358717    0.510960283    0.283914156    0.283913677
    9.739478958    0.592211783    0.315841928    0.315841504
    9.799599198    0.551773972    0.323122249    0.323121868
    9.859719439    0.484852050    0.288068920    0.288068556
    9.919839679    0.511434693    0.267715589    0.267715281
    9.979959920    0.601562293    0.271597988    0.271597807
   10.040080160    0.601091668    0.302383710    0.302383777
   10.100200401    0.528241684    0.320765945    0.320766175
   10.160320641    0.408519539    0.275493968    0.275493968
   10.220440882    0.330038099    0.232006279    0.232006041
   10.280561122    0.305660619    0.208323841    0.208323479
   10.340681363    0.327024206    0.195808609    0.195808184
   10.400801603    0.399075884    0.189949814    0.189949354
   10.460921844    0.476714999    0.189707569    0.189707087
   10.521042084    0.517556080    0.197097125    0.197096625
   10.581162325    0.515594144    0.216894438    0.216893918
   10.641282565    0.441655981    0.239283134    0.239282603
   10.701402806    0.379062312    0.225390605    0.225390118
   10.761523046    0.368327260    0.203929916    0.203929521
   10.821643287    0.370435236    0.200417357    0.200417128
   10.881763527    0.324697894    0.217411989    0.217412106
   10.941883768    0.308996139    0.257531597    0.257532308
   11.002004008    0.355486623    0.285661405    0.285662199
   11.062124248    0.456275165    0.269875703    0.269875641
   11.122244489    0.522607934    0.238141515    0.238140716
   11.182364729    0.474028695    0.216501422    0.216500057
   11.242484970    0.368197347    0.199519151    0.199517049
   11.302605210    0.299317652    0.191507906    0.191504593
   11.362725451    0.285529863    0.197843960    0.197838367
   11.422845691    0.304673999    0.205462252    0.205452475
   11.482965932    0.357171000    0.210685446    0.210672604
   11.543086172    0.414997322    0.197072062    0.197062579
   11.603206413    0.438762971    0.179466431    0.179460623
   11.663326653    0.396213353    0.165033237    0.165029207
   11.723446894    0.307488298    0.165422107    0.165418756
   11.783567134    0.266738790    0.182819477    0.182816159
   11.843687375    0.267802927    0.204045966    0.204042181
   11.903807615    0.286137090    0.196249020    0.196244550
   11.963927856    0.277247529    0.169381886    0.169376328
   12.024048096    0.281948454    0.157801021    0.157793108
   12.084168337    0.333742991    0.152724186    0.152711358
   12.144288577    0.381631772    0.150745431    0.150722579
   12.204408818    0.360776506    0.159363003    0.159326095
   12.264529058    0.336912444    0.158949657    0.158915089
   12.324649299    0.289401803    0.145578920    0.145559069
   12.384769539    0.247716444    0.130818942    0.130808523
   12.444889780    0.252946584    0.124208094    0.124202688
   12.505010020    0.315442264    0.126558366    0.126556059
   12.565130261    0.410858036    0.133250820    0.133251015
   12.625250501    0.417505854    0.137850360    0.137853357
   12.685370741    0.373868632    0.152910943    0.152918223
   12.745490982    0.395929037    0.184585570    0.184600392
   12.805611222    0.441833014    0.207252279    0.207277570
   12.865731463    0.393274223    0.210095283    0.210121723
   12.925851703    0.345552424    0.204244406    0.204260445
   12.985971944    0.309205393    0.187306599    0.187315245
   13.046092184    0.260556491    0.177256496    0.177261466
   13.106212425    0.217395487    0.162558102    0.162561238
   13.166332665    0.197761528    0.152129086    0.152131293
   13.226452906    0.209563286    0.156182103    0.156183910
   13.286573146    0.226986687    0.155633368    0.155635022
   13.346693387    0.210406302    0.147155933    0.147157206
   13.406813627    0.183224424    0.143837331    0.143838214
   13.466933868    0.170667121    0.142325549    0.142326238
   13.527054108    0.174443809    0.143883349    0.143884013
   13.587174349    0.195314926    0.156750129    0.156750942
   13.647294589    0.197445533    0.174834401    0.174835620
   13.707414830    0.172945981    0.164515533    0.164516708
   13.767535070    0.163972579    0.145886861    0.145887547
   13.827655311    0.177956365    0.139064659    0.139065036
   13.887775551    0.198073781    0.140823493    0.140823766
   13.947895792    0.185418512    0.137695045    0.137695289
   14.008016032    0.174801402    0.134633286    0.134633408
   14.068136273    0.192265008    0.141390769    0.141390763
   14.128256513    0.212539298    0.150471122    0.150471016
   14.188376754    0.207583010    0.154972943    0.154972806
   14.248496994    0.225519884    0.172116827    0.172116685
   14.308617234    0.263240201    0.204593248    0.204593108
   14.368737475    0.295600693    0.252068435    0.252068315
   14.428857715    0.348728739    0.338828964    0.338828853
   14.488977956    0.353087150    0.403303757    0.403304205
   14.549098196    0.308397159    0.394158443    0.394159745
   14.609218437    0.277036512    0.369379433    0.369380325
   14.669338677    0.257317770    0.338933349    0.338933592
   14.729458918    0.225064459    0.292422959    0.292423004
   14.789579158    0.163835495    0.233098665    0.233098753
   14.849699399    0.114557865    0.183899351    0.183899486
   14.909819639    0.087011085    0.143687358    0.143687441
   14.969939880    0.071397805    0.124598633    0.124598668
   15.030060120    0.061736165    0.122525329    0.122525336
   15.090180361    0.055269761    0.115199552    0.115199567
   15.150300601    0.050673982    0.100288728    0.100288786
   15.210420842    0.047248102    0.095649100    0.095649232
   15.270541082    0.044652644    0.102289200    0.102289454
   15.330661323    0.042565263    0.105993133    0.105993559
   15.390781563    0.040635640    0.102387257    0.102387934
   15.450901804    0.039035727    0.101512127    0.101512942
   15.511022044    0.037851953    0.098152492    0.098153052
   15.571142285    0.036967988    0.094614564    0.094614890
   15.631262525    0.035838372    0.082270217    0.082270416
   15.691382766    0.034584546    0.074372024    0.074372175
   15.751503006    0.033609746    0.075652353    0.075652508
   15.811623246    0.032931235    0.079919611    0.079919790
   15.871743487    0.032532863    0.074095945    0.074096110
   15.931863727    0.031992938    0.068099806    0.068099977
   15.991983968    0.031000336    0.069101964    0.069102209
   16.052104208    0.030141634    0.074053510    0.074053870
   16.112224449    0.029535218    0.071104419    0.071104838
   16.172344689    0.029166997    0.067984295    0.067984830
   16.232464930    0.028992175    0.073905011    0.073905886
   16.292585170    0.028494882    0.083168778    0.083170082
   16.352705411    0.027672030    0.076193890    0.076194980
   16.412825651    0.027029689    0.065756857    0.065757512
   16.472945892    0.026598780    0.064061133    0.064061583
   16.533066132    0.026373935    0.065247092    0.065247464
   16.593186373    0.026252256    0.060288587    0.060288866
   16.653306613    0.025741316    0.057234133    0.057234372
   16.713426854    0.025072986    0.059370150    0.059370417
   16.773547094    0.024589764    0.058909763    0.058909983
   16.833667335    0.024288798    0.055089015    0.055089076
   16.893787575    0.024164068    0.056208590    0.056208495
   16.953907816    0.023974977    0.058824246    0.058824019
   17.014028056    0.023427756    0.057135617    0.057135298
   17.074148297    0.022924579    0.059368398    0.059367918
   17.134268537    0.022595101    0.061951011    0.061950468
   17.194388778    0.022429858    0.056444480    0.056444114
   17.254509018    0.022326738    0.053427561    0.053427318
   17.314629259    0.021933285    0.052931943    0.052931753
   17.374749499    0.021463912    0.049806368    0.049806275
   17.434869739    0.021148059    0.049348663    0.049348671
   17.494989980    0.020986406    0.048945198    0.048945381
   17.555110220    0.020876669    0.047415966    0.047416494
   17.615230461    0.020524843    0.047547549    0.047548701
   17.675350701    0.020131368    0.046189046    0.046191256
   17.735470942    0.019885368    0.045565440    0.045567944
   17.795591182    0.019772968    0.043537882    0.043539054
   17.855711423    0.019582557    0.040912025    0.040912233
   17.915831663    0.019230924    0.036633162    0.036633247
   17.975951904    0.018984758    0.032892113    0.032892234
   18.036072144    0.018869807    0.030709232    0.030709384
   18.096192385    0.018678580    0.029318885    0.029319051
   18.156312625    0.018422400    0.028300545    0.028300734
   18.216432866    0.018215217    0.027563728    0.027563900
   18.276553106    0.017870498    0.026823977    0.026824039
   18.336673347    0.017501415    0.026144178    0.026144200
   18.396793587    0.017207762    0.025596005    0.025596014
   18.456913828    0.016962660    0.025135637    0.025135637
   18.517034068    0.016742805    0.024729051    0.024729044
   18.577154309    0.016537365    0.024358324    0.024358312
   18.637274549    0.016341284    0.024013531    0.024013515
   18.697394790    0.016151999    0.023688651    0.023688632
   18.757515030    0.015968086    0.023379740    0.023379719
   18.817635271    0.015788689    0.023084059    0.023084036
   18.877755511    0.015613258    0.022799622    0.022799597
   18.937875752    0.015441413    0.022524934    0.022524908
   18.997995992    0.015272880    0.022258844    0.022258817
   19.058116232    0.015107450    0.022000439    0.022000411
   19.118236473    0.014944958    0.021748985    0.021748957
   19.178356713    0.014785268    0.021503881    0.021503852
   19.238476954    0.014628265    0.021264625    0.021264595
   19.298597194    0.014473852    0.021030795    0.021030765
   19.358717435    0.014321938    0.020802033    0.020802002
   19.418837675    0.014172448    0.020578027    0.020577997
   19.478957916    0.014025307    0.020358509    0.020358479
   19.539078156    0.013880452    0.020143243    0.020143212
   19.599198397    0.013737820    0.019932018    0.019931987
   19.659318637    0.013597355    0.019724648    0.019724617
   19.719438878    0.013459002    0.019520967    0.019520936
   19.779559118    0.013322711    0.019320822    0.019320791
   19.839679359    0.013188433    0.019124077    0.019124046
   19.899799599    0.013056122    0.018930606    0.018930576
   19.959919840    0.012925735    0.018740295    0.018740264
   20.020040080    0.012797228    0.018553037    0.018553007
   20.080160321    0.012670561    0.018368735    0.018368704
   20.140280561    0.012545696    0.018187296    0.018187266
   20.200400802    0.012422594    0.018008637    0.018008607
   20.260521042    0.012301219    0.017832678    0.017832648
   20.320641283    0.012181537    0.017659343    0.017659313
   20.380761523    0.012063512    0.017488563    0.017488533
   20.440881764    0.011947114    0.017320271    0.017320241
   20.501002004    0.011832309    0.017154404    0.017154374
   20.561122244    0.011719066    0.016990902    0.016990873
   20.621242485    0.011607357    0.016829710    0.016829681
   20.681362725    0.011497151    0.016670772    0.016670744
   20.741482966    0.011388421    0.016514038    0.016514010
   20.801603206    0.011281138    0.016359458    0.016359430
   20.861723447    0.011175277    0.016206985    0.016206956
   20.921843687    0.011070811    0.016056573    0.016056545
   20.981963928    0.010967715    0.015908179    0.015908151
   21.042084168    0.010865965    0.015761762    0.015761734
   21.102204409    0.010765535    0.015617281    0.015617253
   21.162324649    0.010666403    0.015474696    0.015474669
   21.222444890    0.010568546    0.015333972    0.015333945
   21.282565130    0.010471942    0.015195072    0.015195045
   21.342685371    0.010376568    0.015057959    0.015057933
   21.402805611    0.010282404    0.014922602    0.014922576
   21.462925852    0.010189429    0.014788967    0.014788941
   21.523046092    0.010097623    0.014657022    0.014656996
   21.583166333    0.010006965    0.014526736    0.014526711
   21.643286573    0.009917438    0.014398080    0.014398055
   21.703406814    0.009829021    0.014271025    0.014270999
   21.763527054    0.009741696    0.014145541    0.014145516
   21.823647295    0.009655446    0.014021603    0.014021578
   21.883767535    0.009570252    0.013899182    0.013899157
   21.943887776    0.009486098    0.013778253    0.013778229
   22.004008016    0.009402966    0.013658792    0.013658767
   22.064128257    0.009320841    0.013540772    0.013540747
   22.124248497    0.009239705    0.013424170    0.013424145
   22.184368737    0.009159544    0.013308962    0.013308938
   22.244488978    0.009080341    0.013195126    0.013195102
   22.304609218    0.009002082    0.013082639    0.013082616
   22.364729459    0.008924751    0.012971480    0.012971457
   22.424849699    0.008848334    0.012861627    0.012861604
   22.484969940    0.008772818    0.012753059    0.012753036
   22.545090180    0.008698187    0.012645756    0.012645733
   22.605210421    0.008624429    0.012539698    0.012539675
   22.665330661    0.008551529    0.012434866    0.012434843
   22.725450902    0.008479476    0.012331240    0.012331218
   22.785571142    0.008408255    0.012228802    0.012228780
   22.845691383    0.008337855    0.012127534    0.012127512
   22.905811623    0.008268263    0.012027418    0.012027396
   22.965931864    0.008199467    0.011928437    0.011928415
   23.026052104    0.008131454    0.011830573    0.011830551
   23.086172345    0.008064214    0.011733809    0.011733788
   23.146292585    0.007997735    0.011638130    0.011638109
   23.206412826    0.007932006    0.011543519    0.011543498
   23.266533066    0.007867015    0.011449961    0.011449940
   23.326653307    0.007802753    0.011357440    0.011357419
   23.386773547    0.007739207    0.011265940    0.011265920
   23.446893788    0.007676369    0.011175448    0.011175427
   23.507014028    0.007614227    0.011085948    0.011085928
   23.567134269    0.007552772    0.010997426    0.010997406
   23.627254509    0.007491993    0.010909869    0.010909849
   23.687374749    0.007431882    0.010823262    0.010823242
   23.747494990    0.007372429    0.010737592    0.010737573
   23.807615230    0.007313624    0.010652846    0.010652827
   23.867735471    0.007255458    0.010569011    0.010568992
   23.927855711    0.007197923    0.010486074    0.010486055
   23.987975952    0.007141009    0.010404022    0.010404003
   24.048096192    0.007084708    0.010322844    0.010322825
   24.108216433    0.007029011    0.010242527    0.010242508
   24.168336673    0.006973910    0.010163059    0.010163041
   24.228456914    0.006919396    0.010084429    0.010084411
   24.288577154    0.006865463    0.010006626    0.010006607
   24.348697395    0.006812101    0.009929637    0.009929619
   24.408817635    0.006759303    0.009853452    0.009853434
   24.468937876    0.006707061    0.009778061    0.009778043
   24.529058116    0.006655367    0.009703452    0.009703434
   24.589178357    0.006604215    0.009629615    0.009629598
   24.649298597    0.006553597    0.009556540    0.009556523
   24.709418838    0.006503506    0.009484217    0.009484199
   24.769539078    0.006453935    0.009412635    0.009412617
   24.829659319    0.006404876    0.009341785    0.009341767
   24.889779559    0.006356324    0.009271657    0.009271640
   24.949899800    0.006308271    0.009202242    0.009202225
   25.010020040    0.006260710    0.009133530    0.009133514
   25.070140281    0.006213636    0.009065513    0.009065497
   25.130260521    0.006167042    0.008998181    0.008998165
   25.190380762    0.006120922    0.008931526    0.008931510
   25.250501002    0.006075269    0.008865538    0.008865522
   25.310621242    0.006030077    0.008800210    0.008800194
   25.370741483    0.005985341    0.008735532    0.008735516
   25.430861723    0.005941055    0.008671497    0.008671481
   25.490981964    0.005897212    0.008608096    0.008608081
   25.551102204    0.005853808    0.008545322    0.008545306
   25.611222445    0.005810836    0.008483166    0.008483150
   25.671342685    0.005768291    0.008421620    0.008421605
   25.731462926    0.005726168    0.008360677    0.008360662
   25.791583166    0.005684461    0.008300330    0.008300315
   25.851703407    0.005643165    0.008240571    0.008240555
   25.911823647    0.005602274    0.008181392    0.008181377
   25.971943888    0.005561785    0.008122787    0.008122772
   26.032064128    0.005521691    0.008064748    0.008064733
   26.092184369    0.005481989    0.008007268    0.008007254
   26.152304609    0.005442672    0.007950341    0.007950327
   26.212424850    0.005403736    0.007893960    0.007893946
   26.272545090    0.005365177    0.007838118    0.007838104
   26.332665331    0.005326990    0.007782808    0.007782794
   26.392785571    0.005289170    0.007728025    0.007728011
   26.452905812    0.005251712    0.007673761    0.007673747
   26.513026052    0.005214613    0.007620011    0.007619997
   26.573146293    0.005177869    0.007566768    0.007566754
   26.633266533    0.005141473    0.007514026    0.007514012
   26.693386774    0.005105424    0.007461779    0.007461766
   26.753507014    0.005069715    0.007410022    0.007410009
   26.813627255    0.005034344    0.007358748    0.007358735
   26.873747495    0.004999305    0.007307952    0.007307939
   26.933867735    0.004964596    0.007257628    0.007257615
   26.993987976    0.004930213    0.007207771    0.007207757
   27.054108216    0.004896150    0.007158374    0.007158361
   27.114228457    0.004862405    0.007109433    0.007109420
   27.174348697    0.004828974    0.007060943    0.007060930
   27.234468938    0.004795853    0.007012897    0.007012884
   27.294589178    0.004763038    0.006965291    0.006965279
   27.354709419    0.004730526    0.006918120    0.006918108
   27.414829659    0.004698313    0.006871379    0.006871367
   27.474949900    0.004666396    0.006825063    0.006825050
   27.535070140    0.004634772    0.006779166    0.006779154
   27.595190381    0.004603436    0.006733685    0.006733672
   27.655310621    0.004572386    0.006688614    0.006688601
   27.715430862    0.004541618    0.006643948    0.006643936
   27.775551102    0.004511129    0.006599683    0.006599671
   27.835671343    0.004480916    0.006555815    0.006555803
   27.895791583    0.004450976    0.006512339    0.006512327
   27.955911824    0.004421305    0.006469251    0.006469239
   28.016032064    0.004391901    0.006426545    0.006426533
   28.076152305    0.004362760    0.006384218    0.006384207
   28.136272545    0.004333879    0.006342266    0.006342255
   28.196392786    0.004305256    0.006300685    0.006300673
   28.256513026    0.004276888    0.006259469    0.006259458
   28.316633267    0.004248771    0.006218616    0.006218605
   28.376753507    0.004220903    0.006178121    0.006178110
   28.436873747    0.004193281    0.006137980    0.006137969
   28.496993988    0.004165903    0.006098190    0.006098179
   28.557114228    0.004138765    0.006058746    0.006058735
   28.617234469    0.004111865    0.006019644    0.006019633
   28.677354709    0.004085201    0.005980882    0.005980871
   28.737474950    0.004058769    0.005942454    0.005942443
   28.797595190    0.004032567    0.005904358    0.005904347
   28.857715431    0.004006593    0.005866590    0.005866579
   28.917835671    0.003980844    0.005829146    0.005829136
   28.977955912    0.003955317    0.005792023    0.005792013
   29.038076152    0.003930011    0.005755218    0.005755207
   29.098196393    0.003904923    0.005718726    0.005718716
   29.158316633    0.003880050    0.005682545    0.005682534
   29.218436874    0.003855390    0.005646671    0.005646661
   29.278557114    0.003830941    0.005611101    0.005611091
   29.338677355    0.003806700    0.005575831    0.005575821
   29.398797595    0.003782666    0.005540859    0.005540849
   29.458917836    0.003758836    0.005506182    0.005506172
   29.519038076    0.003735207    0.005471795    0.005471785
   29.579158317    0.003711779    0.005437697    0.005437687
   29.639278557    0.003688547    0.005403884    0.005403874
   29.699398798    0.003665512    0.005370352    0.005370342
   29.759519038    0.003642669    0.005337100    0.005337090
   29.819639279    0.003620018    0.005304124    0.005304114
   29.879759519    0.003597557    0.005271421    0.005271412
   29.939879760    0.003575282    0.005238989    0.005238979
   30.000000000    0.003553193    0.005206824    0.005206814
