# energy grid [eV]     ieps_x  ieps_y  ieps_z
#
    0.000000000   46.677034979   69.009876833   69.009799576
    0.060120240   46.612994416   68.917927473   68.917850302
    0.120240481   46.490245827   68.741657069   68.741580065
    0.180360721   46.329461966   68.510709315   68.510632529
    0.240480962   46.131752839   68.226632896   68.226556378
    0.300601202   45.898173714   67.890889361   67.890813162
    0.360721443   45.629949785   67.505176989   67.505101155
    0.420841683   45.328460867   67.071410286   67.071334862
    0.480961924   44.995223696   66.591696142   66.591621174
    0.541082164   44.631873134   66.068308460   66.068233990
    0.601202405   44.240142686   65.503661814   65.503587881
    0.661322645   43.821844760   64.900284665   64.900211308
    0.721442886   43.378851029   64.260792672   64.260719927
    0.781563126   42.913073273   63.587862550   63.587790449
    0.841683367   42.426444998   62.884206895   62.884135468
    0.901803607   41.920904095   62.152550345   62.152479622
    0.961923848   41.398376767   61.395607374   61.395537380
    1.022044088   40.860762879   60.616061925   60.615992684
    1.082164329   40.309922843   59.816549081   59.816480614
    1.142284569   39.747666115   58.999638838   58.999571164
    1.202404810   39.175741316   58.167822058   58.167755192
    1.262525050   38.595827970   57.323498564   57.323432521
    1.322645291   38.009529810   56.468967357   56.468902150
    1.382765531   37.418369578   55.606418842   55.606354481
    1.442885772   36.823785219   54.737928959   54.737865451
    1.503006012   36.227127372   53.865455078   53.865392430
    1.563126253   35.629658021   52.990833513   52.990771729
    1.623246493   35.032550192   52.115778474   52.115717557
    1.683366733   34.436888563   51.241882307   51.241822259
    1.743486974   33.843670859   50.370616855   50.370557676
    1.803607214   33.253809921   49.503335769   49.503277456
    1.863727455   32.668136313   48.641277623   48.641220175
    1.923847695   32.087401386   47.785569692   47.785513104
    1.983967936   31.512280677   46.937232246   46.937176514
    2.044088176   30.943377564   46.097183255   46.097128374
    2.104208417   30.381227108   45.266243382   45.266189344
    2.164328657   29.826299986   44.445141174   44.445087971
    2.224448898   29.279006481   43.634518362   43.634465988
    2.284569138   28.739700468   42.834935209   42.834883654
    2.344689379   28.208683346   42.046875821   42.046825076
    2.404809619   27.686207890   41.270753391   41.270703445
    2.464929860   27.172481992   40.506915319   40.506866164
    2.525050100   26.667672264   39.755648187   39.755599811
    2.585170341   26.171907497   39.017182543   39.017134936
    2.645290581   25.685281948   38.291697491   38.291650642
    2.705410822   25.207858460   37.579325070   37.579278967
    2.765531062   24.739671406   36.880154395   36.880109027
    2.825651303   24.280729455   36.194235585   36.194190941
    2.885771543   23.831018157   35.521583447   35.521539515
    2.945891784   23.390502358   34.862180932   34.862137700
    3.006012024   22.959128443   34.215982369   34.215939826
    3.066132265   22.536826412   33.582916469   33.582874602
    3.126252505   22.123511804   32.962889121   32.962847919
    3.186372745   21.719087459   32.355785977   32.355745429
    3.246492986   21.323445148   31.761474846   31.761434940
    3.306613226   20.936467058   31.179807885   31.179768610
    3.366733467   20.558027153   30.610623632   30.610584976
    3.426853707   20.187992412   30.053748853   30.053710804
    3.486973948   19.826223961   29.509000239   29.508962787
    3.547094188   19.472578093   28.976185955   28.976149088
    3.607214429   19.126907193   28.455107045   28.455070753
    3.667334669   18.789060574   27.945558717   27.945522988
    3.727454910   18.458885233   27.447331494   27.447296319
    3.787575150   18.136226520   26.960212271   26.960177638
    3.847695391   17.820928747   26.483985252   26.483951152
    3.907815631   17.512835726   26.018432804   26.018399227
    3.967935872   17.211791251   25.563336221   25.563303156
    4.028056112   16.917639523   25.118476399   25.118443837
    4.088176353   16.630225524   24.683634451   24.683602382
    4.148296593   16.349395351   24.258592240   24.258560655
    4.208416834   16.074996504   23.843132865   23.843101755
    4.268537074   15.806878140   23.437041076   23.437010430
    4.328657315   15.544891288   23.040103643   23.040073454
    4.388777555   15.288889040   22.652109686   22.652079945
    4.448897796   15.038726708   22.272850947   22.272821644
    4.509018036   14.794261960   21.902122034   21.902093163
    4.569138277   14.555354932   21.539720631   21.539692182
    4.629258517   14.321868321   21.185447664   21.185419630
    4.689378758   14.093667456   20.839107454   20.839079826
    4.749498998   13.870620356   20.500507832   20.500480603
    4.809619238   13.652597777   20.169460237   20.169433400
    4.869739479   13.439473234   19.845779792   19.845753339
    4.929859719   13.231123026   19.529285360   19.529259284
    4.989979960   13.027426242   19.219799582   19.219773875
    5.050100200   12.828264757   18.917148903   18.917123559
    5.110220441   12.633523227   18.621163587   18.621138599
    5.170340681   12.443089073   18.331677710   18.331653071
    5.230460922   12.256852453   18.048529155   18.048504858
    5.290581162   12.074706243   17.771559588   17.771535628
    5.350701403   11.896545998   17.500614433   17.500590803
    5.410821643   11.722269921   17.235542834   17.235519529
    5.470941884   11.551778821   16.976197618   16.976174630
    5.531062124   11.384976069   16.722435241   16.722412566
    5.591182365   11.221767558   16.474115745   16.474093376
    5.651302605   11.062061652   16.231102697   16.231080629
    5.711422846   10.905769143   15.993263133   15.993241360
    5.771543086   10.752803195   15.760467496   15.760446014
    5.831663327   10.603079299   15.532589575   15.532568377
    5.891783567   10.456515220   15.309506435   15.309485517
    5.951903808   10.313030945   15.091098355   15.091077712
    6.012024048   10.172548632   14.877248759   14.877228385
    6.072144289   10.034992561   14.667844146   14.667824038
    6.132264529    9.900289075   14.462774024   14.462754177
    6.192384770    9.768366537   14.261930840   14.261911248
    6.252505010    9.639155273   14.065209908   14.065190567
    6.312625251    9.512587526   13.872509346   13.872490252
    6.372745491    9.388597402   13.683730003   13.683711152
    6.432865731    9.267120824   13.498775394   13.498756781
    6.492985972    9.148095481   13.317551629   13.317533251
    6.553106212    9.031460783   13.139967354   13.139949205
    6.613226453    8.917157810   12.965933677   12.965915754
    6.673346693    8.805129272   12.795364109   12.795346409
    6.733466934    8.695319457   12.628174499   12.628157017
    6.793587174    8.587674193   12.464282972   12.464265705
    6.853707415    8.482140801   12.303609867   12.303592812
    6.913827655    8.378668055   12.146077679   12.146060831
    6.973947896    8.277206136   11.991610996   11.991594352
    7.034068136    8.177706601   11.840136447   11.840120004
    7.094188377    8.080122333   11.691582641   11.691566395
    7.154308617    7.984407511   11.545880115   11.545864063
    7.214428858    7.890517568   11.402961278   11.402945418
    7.274549098    7.798409158   11.262760362   11.262744689
    7.334669339    7.708040115   11.125213366   11.125197878
    7.394789579    7.619369427   10.990258010   10.990242703
    7.454909820    7.532357194   10.857833684   10.857818557
    7.515030060    7.446964602   10.727881404   10.727866452
    7.575150301    7.363153887   10.600343760   10.600328982
    7.635270541    7.280888307   10.475164878   10.475150269
    7.695390782    7.200132110   10.352290370   10.352275929
    7.755511022    7.120850507   10.231667295   10.231653019
    7.815631263    7.043009642   10.113244119   10.113230005
    7.875751503    6.966576566    9.996970670    9.996956715
    7.935871743    6.891519209    9.882798103    9.882784305
    7.995991984    6.817806357    9.770678861    9.770665218
    8.056112224    6.745407623    9.660566636    9.660553146
    8.116232465    6.674293426    9.552416338    9.552402997
    8.176352705    6.604434966    9.446184054    9.446170861
    8.236472946    6.535804202    9.341827019    9.341813971
    8.296593186    6.468373830    9.239303580    9.239290675
    8.356713427    6.402117258    9.138573168    9.138560404
    8.416833667    6.337008591    9.039596262    9.039583637
    8.476953908    6.273022607    8.942334363    8.942321874
    8.537074148    6.210134737    8.846749964    8.846737609
    8.597194389    6.148321051    8.752806518    8.752794296
    8.657314629    6.087558231    8.660468418    8.660456327
    8.717434870    6.027823563    8.569700964    8.569689001
    8.777555110    5.969094911    8.480470339    8.480458503
    8.837675351    5.911350706    8.392743584    8.392731872
    8.897795591    5.854569929    8.306488574    8.306476986
    8.957915832    5.798732090    8.221673996    8.221662529
    9.018036072    5.743817222    8.138269323    8.138257974
    9.078156313    5.689805859    8.056244791    8.056233561
    9.138276553    5.636679021    7.975571385    7.975560270
    9.198396794    5.584418207    7.896220807    7.896209806
    9.258517034    5.533005377    7.818165465    7.818154577
    9.318637275    5.482422936    7.741378449    7.741367672
    9.378757515    5.432653727    7.665833514    7.665822846
    9.438877756    5.383681018    7.591505057    7.591494497
    9.498997996    5.335488486    7.518368107    7.518357652
    9.559118236    5.288060208    7.446398298    7.446387948
    9.619238477    5.241380653    7.375571861    7.375561615
    9.679358717    5.195434664    7.305865603    7.305855458
    9.739478958    5.150207454    7.237256890    7.237246845
    9.799599198    5.105684592    7.169723635    7.169713690
    9.859719439    5.061851997    7.103244282    7.103234434
    9.919839679    5.018695922    7.037797790    7.037788038
    9.979959920    4.976202952    6.973363620    6.973353963
   10.040080160    4.934359989    6.909921721    6.909912158
   10.100200401    4.893154249    6.847452520    6.847443049
   10.160320641    4.852573247    6.785936901    6.785927521
   10.220440882    4.812604796    6.725356203    6.725346913
   10.280561122    4.773236990    6.665692200    6.665682998
   10.340681363    4.734458207    6.606927091    6.606917976
   10.400801603    4.696257093    6.549043492    6.549034464
   10.460921844    4.658622557    6.492024421    6.492015478
   10.521042084    4.621543768    6.435853290    6.435844430
   10.581162325    4.585010142    6.380513891    6.380505114
   10.641282565    4.549011339    6.325990391    6.325981696
   10.701402806    4.513537256    6.272267317    6.272258703
   10.761523046    4.478578019    6.219329551    6.219321016
   10.821643287    4.444123982    6.167162317    6.167153861
   10.881763527    4.410165714    6.115751175    6.115742796
   10.941883768    4.376693997    6.065082010    6.065073707
   11.002004008    4.343699823    6.015141024    6.015132797
   11.062124248    4.311174384    5.965914730    5.965906577
   11.122244489    4.279109068    5.917389940    5.917381861
   11.182364729    4.247495455    5.869553762    5.869545755
   11.242484970    4.216325313    5.822393588    5.822385653
   11.302605210    4.185590591    5.775897089    5.775889224
   11.362725451    4.155283413    5.730052208    5.730044413
   11.422845691    4.125396079    5.684847152    5.684839427
   11.482965932    4.095921055    5.640270388    5.640262730
   11.543086172    4.066850972    5.596310631    5.596303040
   11.603206413    4.038178621    5.552956843    5.552949319
   11.663326653    4.009896947    5.510198224    5.510190766
   11.723446894    3.981999050    5.468024210    5.468016816
   11.783567134    3.954478175    5.426424459    5.426417129
   11.843687375    3.927327713    5.385388854    5.385381588
   11.903807615    3.900541196    5.344907494    5.344900289
   11.963927856    3.874112292    5.304970685    5.304963543
   12.024048096    3.848034804    5.265568944    5.265561862
   12.084168337    3.822302665    5.226692983    5.226685961
   12.144288577    3.796909937    5.188333712    5.188326749
   12.204408818    3.771850803    5.150482232    5.150475328
   12.264529058    3.747119571    5.113129830    5.113122984
   12.324649299    3.722710665    5.076267972    5.076261183
   12.384769539    3.698618624    5.039888304    5.039881572
   12.444889780    3.674838102    5.003982644    5.003975968
   12.505010020    3.651363861    4.968542978    4.968536357
   12.565130261    3.628190771    4.933561457    4.933554891
   12.625250501    3.605313806    4.899030393    4.899023881
   12.685370741    3.582728044    4.864942255    4.864935795
   12.745490982    3.560428661    4.831289663    4.831283257
   12.805611222    3.538410931    4.798065390    4.798059035
   12.865731463    3.516670223    4.765262352    4.765256049
   12.925851703    3.495201999    4.732873609    4.732867357
   12.985971944    3.474001812    4.700892360    4.700886158
   13.046092184    3.453065304    4.669311940    4.669305787
   13.106212425    3.432388203    4.638125816    4.638119712
   13.166332665    3.411966320    4.607327585    4.607321530
   13.226452906    3.391795551    4.576910972    4.576904965
   13.286573146    3.371871872    4.546869823    4.546863864
   13.346693387    3.352191337    4.517198108    4.517192196
   13.406813627    3.332750077    4.487889913    4.487884047
   13.466933868    3.313544300    4.458939440    4.458933620
   13.527054108    3.294570285    4.430341004    4.430335229
   13.587174349    3.275824384    4.402089030    4.402083299
   13.647294589    3.257303020    4.374178050    4.374172364
   13.707414830    3.239002684    4.346602704    4.346597061
   13.767535070    3.220919933    4.319357730    4.319352131
   13.827655311    3.203051391    4.292437972    4.292432416
   13.887775551    3.185393746    4.265838370    4.265832856
   13.947895792    3.167943748    4.239553958    4.239548486
   14.008016032    3.150698209    4.213579867    4.213574437
   14.068136273    3.133654000    4.187911320    4.187905930
   14.128256513    3.116808052    4.162543628    4.162538279
   14.188376754    3.100157351    4.137472190    4.137466881
   14.248496994    3.083698943    4.112692494    4.112687224
   14.308617234    3.067429924    4.088200107    4.088194877
   14.368737475    3.051347448    4.063990684    4.063985493
   14.428857715    3.035448718    4.040059955    4.040054803
   14.488977956    3.019730991    4.016403734    4.016398619
   14.549098196    3.004191572    3.993017907    3.993012829
   14.609218437    2.988827818    3.969898438    3.969893398
   14.669338677    2.973637131    3.947041366    3.947036363
   14.729458918    2.958616962    3.924442800    3.924437833
   14.789579158    2.943764806    3.902098919    3.902093988
   14.849699399    2.929078207    3.880005974    3.880001078
   14.909819639    2.914554750    3.858160280    3.858155420
   14.969939880    2.900192062    3.836558222    3.836553397
   15.030060120    2.885987817    3.815196247    3.815191457
   15.090180361    2.871939725    3.794070867    3.794066111
   15.150300601    2.858045542    3.773178655    3.773173933
   15.210420842    2.844303058    3.752516246    3.752511557
   15.270541082    2.830710106    3.732080333    3.732075677
   15.330661323    2.817264555    3.711867669    3.711863046
   15.390781563    2.803964313    3.691875062    3.691870472
   15.450901804    2.790807324    3.672099379    3.672094821
   15.511022044    2.777791565    3.652537539    3.652533012
   15.571142285    2.764915052    3.633186515    3.633182020
   15.631262525    2.752175833    3.614043335    3.614038871
   15.691382766    2.739571990    3.595105075    3.595100642
   15.751503006    2.727101638    3.576368863    3.576364460
   15.811623246    2.714762925    3.557831877    3.557827505
   15.871743487    2.702554029    3.539491343    3.539487001
   15.931863727    2.690473161    3.521344534    3.521340221
   15.991983968    2.678518560    3.503388770    3.503384486
   16.052104208    2.666688497    3.485621415    3.485617161
   16.112224449    2.654981271    3.468039881    3.468035655
   16.172344689    2.643395209    3.450641619    3.450637422
   16.232464930    2.631928667    3.433424127    3.433419958
   16.292585170    2.620580028    3.416384944    3.416380803
   16.352705411    2.609347702    3.399521648    3.399517535
   16.412825651    2.598230126    3.382831860    3.382827774
   16.472945892    2.587225762    3.366313239    3.366309180
   16.533066132    2.576333098    3.349963484    3.349959452
   16.593186373    2.565550645    3.333780331    3.333776326
   16.653306613    2.554876941    3.317761554    3.317757575
   16.713426854    2.544310547    3.301904963    3.301901009
   16.773547094    2.533850047    3.286208403    3.286204476
   16.833667335    2.523494047    3.270669758    3.270665856
   16.893787575    2.513241179    3.255286941    3.255283065
   16.953907816    2.503090093    3.240057903    3.240054052
   17.014028056    2.493039463    3.224980627    3.224976801
   17.074148297    2.483087985    3.210053128    3.210049327
   17.134268537    2.473234373    3.195273453    3.195269676
   17.194388778    2.463477364    3.180639681    3.180635928
   17.254509018    2.453815715    3.166149921    3.166146192
   17.314629259    2.444248201    3.151802313    3.151798608
   17.374749499    2.434773618    3.137595026    3.137591344
   17.434869739    2.425390780    3.123526257    3.123522598
   17.494989980    2.416098520    3.109594234    3.109590598
   17.555110220    2.406895690    3.095797210    3.095793597
   17.615230461    2.397781159    3.082133468    3.082129878
   17.675350701    2.388753814    3.068601317    3.068597750
   17.735470942    2.379812558    3.055199092    3.055195547
   17.795591182    2.370956314    3.041925154    3.041921631
   17.855711423    2.362184018    3.028777890    3.028774389
   17.915831663    2.353494626    3.015755712    3.015752232
   17.975951904    2.344887107    3.002857055    3.002853597
   18.036072144    2.336360447    2.990080380    2.990076943
   18.096192385    2.327913648    2.977424171    2.977420756
   18.156312625    2.319545727    2.964886936    2.964883541
   18.216432866    2.311255715    2.952467203    2.952463829
   18.276553106    2.303042658    2.940163526    2.940160172
   18.336673347    2.294905618    2.927974478    2.927971145
   18.396793587    2.286843668    2.915898656    2.915895343
   18.456913828    2.278855898    2.903934677    2.903931383
   18.517034068    2.270941411    2.892081178    2.892077904
   18.577154309    2.263099321    2.880336818    2.880333564
   18.637274549    2.255328758    2.868700275    2.868697041
   18.697394790    2.247628864    2.857170249    2.857167033
   18.757515030    2.239998793    2.845745455    2.845742259
   18.817635271    2.232437712    2.834424631    2.834421454
   18.877755511    2.224944801    2.823206532    2.823203374
   18.937875752    2.217519251    2.812089932    2.812086792
   18.997995992    2.210160265    2.801073622    2.801070501
   19.058116232    2.202867058    2.790156412    2.790153309
   19.118236473    2.195638857    2.779337129    2.779334045
   19.178356713    2.188474898    2.768614618    2.768611551
   19.238476954    2.181374430    2.757987738    2.757984689
   19.298597194    2.174336713    2.747455367    2.747452336
   19.358717435    2.167361017    2.737016399    2.737013386
   19.418837675    2.160446622    2.726669744    2.726666748
   19.478957916    2.153592819    2.716414327    2.716411348
   19.539078156    2.146798909    2.706249089    2.706246127
   19.599198397    2.140064204    2.696172986    2.696170041
   19.659318637    2.133388023    2.686184989    2.686182060
   19.719438878    2.126769697    2.676284083    2.676281171
   19.779559118    2.120208566    2.666469268    2.666466373
   19.839679359    2.113703979    2.656739559    2.656736680
   19.899799599    2.107255295    2.647093984    2.647091121
   19.959919840    2.100861880    2.637531584    2.637528738
   20.020040080    2.094523111    2.628051415    2.628048585
   20.080160321    2.088238373    2.618652545    2.618649731
   20.140280561    2.082007059    2.609334057    2.609331258
   20.200400802    2.075828570    2.600095044    2.600092260
   20.260521042    2.069702317    2.590934613    2.590931845
   20.320641283    2.063627718    2.581851884    2.581849131
   20.380761523    2.057604199    2.572845988    2.572843251
   20.440881764    2.051631195    2.563916069    2.563913347
   20.501002004    2.045708147    2.555061283    2.555058575
   20.561122244    2.039834504    2.546280795    2.546278103
   20.621242485    2.034009724    2.537573786    2.537571108
   20.681362725    2.028233271    2.528939443    2.528936780
   20.741482966    2.022504617    2.520376969    2.520374320
   20.801603206    2.016823240    2.511885574    2.511882940
   20.861723447    2.011188626    2.503464481    2.503461861
   20.921843687    2.005600268    2.495112922    2.495110316
   20.981963928    2.000057664    2.486830140    2.486827548
   21.042084168    1.994560323    2.478615389    2.478612811
   21.102204409    1.989107755    2.470467932    2.470465368
   21.162324649    1.983699482    2.462387043    2.462384493
   21.222444890    1.978335027    2.454372003    2.454369467
   21.282565130    1.973013923    2.446422106    2.446419583
   21.342685371    1.967735708    2.438536653    2.438534143
   21.402805611    1.962499927    2.430714956    2.430712459
   21.462925852    1.957306130    2.422956333    2.422953850
   21.523046092    1.952153872    2.415260116    2.415257646
   21.583166333    1.947042715    2.407625641    2.407623184
   21.643286573    1.941972228    2.400052255    2.400049811
   21.703406814    1.936941983    2.392539314    2.392536883
   21.763527054    1.931951559    2.385086181    2.385083762
   21.823647295    1.927000541    2.377692228    2.377689821
   21.883767535    1.922088518    2.370356834    2.370354441
   21.943887776    1.917215084    2.363079389    2.363077008
   22.004008016    1.912379841    2.355859288    2.355856919
   22.064128257    1.907582393    2.348695935    2.348693578
   22.124248497    1.902822350    2.341588741    2.341586396
   22.184368737    1.898099328    2.334537126    2.334534793
   22.244488978    1.893412947    2.327540515    2.327538194
   22.304609218    1.888762832    2.320598343    2.320596034
   22.364729459    1.884148612    2.313710050    2.313707753
   22.424849699    1.879569922    2.306875086    2.306872800
   22.484969940    1.875026402    2.300092904    2.300090630
   22.545090180    1.870517694    2.293362966    2.293360704
   22.605210421    1.866043446    2.286684743    2.286682492
   22.665330661    1.861603311    2.280057708    2.280055468
   22.725450902    1.857196947    2.273481344    2.273479115
   22.785571142    1.852824013    2.266955140    2.266952922
   22.845691383    1.848484175    2.260478590    2.260476384
   22.905811623    1.844177102    2.254051196    2.254049001
   22.965931864    1.839902468    2.247672465    2.247670280
   23.026052104    1.835659951    2.241341910    2.241339737
   23.086172345    1.831449232    2.235059052    2.235056889
   23.146292585    1.827269996    2.228823415    2.228821263
   23.206412826    1.823121933    2.222634532    2.222632390
   23.266533066    1.819004735    2.216491938    2.216489807
   23.326653307    1.814918100    2.210395177    2.210393056
   23.386773547    1.810861728    2.204343797    2.204341687
   23.446893788    1.806835322    2.198337353    2.198335253
   23.507014028    1.802838592    2.192375402    2.192373313
   23.567134269    1.798871247    2.186457511    2.186455431
   23.627254509    1.794933003    2.180583249    2.180581179
   23.687374749    1.791023578    2.174752190    2.174750130
   23.747494990    1.787142693    2.168963916    2.168961866
   23.807615230    1.783290074    2.163218011    2.163215971
   23.867735471    1.779465448    2.157514066    2.157512036
   23.927855711    1.775668546    2.151851677    2.151849656
   23.987975952    1.771899104    2.146230442    2.146228431
   24.048096192    1.768156859    2.140649967    2.140647966
   24.108216433    1.764441552    2.135109862    2.135107870
   24.168336673    1.760752926    2.129609740    2.129607758
   24.228456914    1.757090730    2.124149220    2.124147247
   24.288577154    1.753454711    2.118727926    2.118725962
   24.348697395    1.749844624    2.113345484    2.113343530
   24.408817635    1.746260224    2.108001528    2.107999583
   24.468937876    1.742701270    2.102695693    2.102693757
   24.529058116    1.739167522    2.097427620    2.097425694
   24.589178357    1.735658746    2.092196955    2.092195037
   24.649298597    1.732174708    2.087003344    2.087001436
   24.709418838    1.728715177    2.081846443    2.081844543
   24.769539078    1.725279926    2.076725908    2.076724017
   24.829659319    1.721868730    2.071641399    2.071639517
   24.889779559    1.718481365    2.066592583    2.066590709
   24.949899800    1.715117613    2.061579127    2.061577261
   25.010020040    1.711777255    2.056600704    2.056598847
   25.070140281    1.708460077    2.051656991    2.051655143
   25.130260521    1.705165866    2.046747667    2.046745828
   25.190380762    1.701894412    2.041872417    2.041870586
   25.250501002    1.698645507    2.037030928    2.037029105
   25.310621242    1.695418945    2.032222891    2.032221076
   25.370741483    1.692214524    2.027447999    2.027446193
   25.430861723    1.689032044    2.022705952    2.022704154
   25.490981964    1.685871304    2.017996449    2.017994659
   25.551102204    1.682732109    2.013319197    2.013317415
   25.611222445    1.679614265    2.008673903    2.008672129
   25.671342685    1.676517581    2.004060277    2.004058511
   25.731462926    1.673441865    1.999478035    1.999476277
   25.791583166    1.670386930    1.994926895    1.994925145
   25.851703407    1.667352592    1.990406576    1.990404834
   25.911823647    1.664338665    1.985916804    1.985915069
   25.971943888    1.661344970    1.981457304    1.981455578
   26.032064128    1.658371325    1.977027808    1.977026089
   26.092184369    1.655417555    1.972628048    1.972626336
   26.152304609    1.652483482    1.968257759    1.968256055
   26.212424850    1.649568933    1.963916682    1.963914985
   26.272545090    1.646673738    1.959604557    1.959602868
   26.332665331    1.643797724    1.955321130    1.955319448
   26.392785571    1.640940726    1.951066147    1.951064472
   26.452905812    1.638102576    1.946839359    1.946837691
   26.513026052    1.635283110    1.942640518    1.942638858
   26.573146293    1.632482165    1.938469380    1.938467728
   26.633266533    1.629699580    1.934325704    1.934324058
   26.693386774    1.626935197    1.930209249    1.930207611
   26.753507014    1.624188858    1.926119780    1.926118149
   26.813627255    1.621460406    1.922057063    1.922055439
   26.873747495    1.618749689    1.918020865    1.918019248
   26.933867735    1.616056553    1.914010959    1.914009348
   26.993987976    1.613380848    1.910027116    1.910025512
   27.054108216    1.610722425    1.906069113    1.906067517
   27.114228457    1.608081135    1.902136729    1.902135139
   27.174348697    1.605456833    1.898229743    1.898228160
   27.234468938    1.602849374    1.894347940    1.894346363
   27.294589178    1.600258616    1.890491103    1.890489533
   27.354709419    1.597684416    1.886659020    1.886657457
   27.414829659    1.595126636    1.882851482    1.882849926
   27.474949900    1.592585135    1.879068280    1.879066730
   27.535070140    1.590059778    1.875309208    1.875307665
   27.595190381    1.587550429    1.871574063    1.871572526
   27.655310621    1.585056952    1.867862642    1.867861112
   27.715430862    1.582579216    1.864174748    1.864173224
   27.775551102    1.580117089    1.860510181    1.860508663
   27.835671343    1.577670442    1.856868747    1.856867236
   27.895791583    1.575239144    1.853250253    1.853248748
   27.955911824    1.572823069    1.849654507    1.849653008
   28.016032064    1.570422090    1.846081320    1.846079827
   28.076152305    1.568036084    1.842530504    1.842529018
   28.136272545    1.565664926    1.839001875    1.839000394
   28.196392786    1.563308494    1.835495248    1.835493774
   28.256513026    1.560966666    1.832010442    1.832008974
   28.316633267    1.558639324    1.828547277    1.828545815
   28.376753507    1.556326349    1.825105576    1.825104120
   28.436873747    1.554027623    1.821685162    1.821683712
   28.496993988    1.551743030    1.818285861    1.818284417
   28.557114228    1.549472456    1.814907500    1.814906062
   28.617234469    1.547215785    1.811549909    1.811548476
   28.677354709    1.544972907    1.808212918    1.808211491
   28.737474950    1.542743708    1.804896360    1.804894939
   28.797595190    1.540528079    1.801600070    1.801598654
   28.857715431    1.538325910    1.798323883    1.798322473
   28.917835671    1.536137094    1.795067637    1.795066233
   28.977955912    1.533961522    1.791831171    1.791829773
   29.038076152    1.531799089    1.788614327    1.788612934
   29.098196393    1.529649690    1.785416946    1.785415559
   29.158316633    1.527513221    1.782238874    1.782237492
   29.218436874    1.525389578    1.779079954    1.779078578
   29.278557114    1.523278661    1.775940035    1.775938664
   29.338677355    1.521180368    1.772818965    1.772817600
   29.398797595    1.519094598    1.769716594    1.769715235
   29.458917836    1.517021254    1.766632774    1.766631420
   29.519038076    1.514960237    1.763567359    1.763566010
   29.579158317    1.512911450    1.760520201    1.760518857
   29.639278557    1.510874797    1.757491158    1.757489820
   29.699398798    1.508850183    1.754480087    1.754478754
   29.759519038    1.506837514    1.751486846    1.751485518
   29.819639279    1.504836696    1.748511296    1.748509973
   29.879759519    1.502847637    1.745553298    1.745551981
   29.939879760    1.500870245    1.742612716    1.742611403
   30.000000000    1.498904430    1.739689412    1.739688105
