 &plot nbnd= 135, nks=    36 /
            0.000000  0.000000  0.000000
     -5.835716     -4.569846     -4.546625     -4.475946     -4.455311     -4.417022     -4.370771     -4.346438     -4.324884     -4.007512
     -3.925173     -3.895883     -3.875348     -3.798917     -3.770732     -2.649532     -2.633976     -2.597610     -2.560491     -2.515778
     -2.500872     -2.445933     -2.433439     -2.400825     -2.380339     -2.364153     -2.318367     -0.713693     -0.706179     -0.655932
     -0.601159     -0.556482     -0.554254     -0.515123     -0.510728     -0.496870     -0.455780     -0.434739     -0.401206      0.716060
      0.778942      0.808380      0.838416      0.865686      0.871446      0.908433      0.934561      1.178391      1.193233      1.236560
      1.258270      1.279673      1.364076      1.599987      1.643945      1.663166      1.670011      1.708040      1.721795      1.737794
      1.753663      1.768780      1.783934      1.802169      1.855033      3.634246      3.686993      3.715062      3.723383      3.728449
      3.752106      3.773945      3.780200      3.808094      3.815956      3.822964      3.869229      3.998352      4.024581      4.041851
      4.045090      4.082510      4.096255      4.137208      4.143625      4.150789      4.166375      4.192979      4.233097      5.075143
      5.090267      5.113415      5.137412      5.165990      5.175825      5.210141      5.231931      5.259009      5.288997      5.300242
      5.332661      5.356892      5.380166      5.402915      5.429111      6.280449      6.283700      6.288438      6.802801      6.836213
      6.876097      6.892308      6.946498      6.968301      7.588536      7.626222      7.656242      7.680235      7.710929      7.714150
      7.724384      7.762065      7.781565      7.799323      7.825060      7.863857      7.944823      7.977947      7.994538      8.012997
      8.029521      8.054296      8.056521      8.070025      8.132071
            0.000000  0.020203  0.000000
     -5.832160     -4.601872     -4.570567     -4.504377     -4.452661     -4.410544     -4.362282     -4.307191     -4.281607     -4.065282
     -3.955242     -3.879296     -3.864050     -3.807152     -3.682705     -2.693109     -2.664984     -2.619533     -2.586429     -2.531348
     -2.499596     -2.456198     -2.442149     -2.373168     -2.358528     -2.326286     -2.277480     -0.750305     -0.725605     -0.682059
     -0.633636     -0.576462     -0.542744     -0.530213     -0.515164     -0.455207     -0.435087     -0.398872     -0.363280      0.624393
      0.679695      0.694732      0.753003      0.934209      0.963940      0.984757      1.029130      1.063095      1.191546      1.238767
      1.256894      1.303341      1.494365      1.612415      1.655803      1.671257      1.681807      1.719181      1.730793      1.746823
      1.766489      1.781615      1.801825      1.815986      1.865838      3.617600      3.666095      3.684377      3.710881      3.724100
      3.745163      3.759721      3.786230      3.799556      3.812422      3.851969      3.881395      3.980262      3.988231      4.017174
      4.045854      4.066934      4.079082      4.131768      4.143822      4.166433      4.176744      4.205650      4.242567      5.043713
      5.064278      5.087626      5.123044      5.144899      5.162376      5.187401      5.211443      5.256675      5.269528      5.295408
      5.328046      5.345163      5.388431      5.404250      5.439545      6.257618      6.267732      6.272244      6.801148      6.851638
      6.896945      6.903630      6.969520      6.991653      7.578742      7.629294      7.645887      7.669195      7.702425      7.730644
      7.762020      7.772808      7.797473      7.840601      7.859979      7.893561      7.954745      7.986662      8.002198      8.020794
      8.031603      8.073111      8.083830      8.094702      8.101152
            0.000000  0.040406  0.000000
     -5.821405     -4.655542     -4.621088     -4.554789     -4.506381     -4.356512     -4.309334     -4.238423     -4.223420     -4.158057
     -3.952027     -3.868279     -3.849859     -3.800732     -3.532465     -2.775158     -2.730426     -2.688038     -2.648743     -2.559895
     -2.523752     -2.479498     -2.444724     -2.324057     -2.284803     -2.251260     -2.199436     -0.817999     -0.777452     -0.748833
     -0.696719     -0.591592     -0.564067     -0.532798     -0.524687     -0.392827     -0.358791     -0.332232     -0.285655      0.492305
      0.545930      0.554654      0.613109      0.753097      1.066509      1.113720      1.152406      1.176944      1.199277      1.240916
      1.276545      1.301481      1.615214      1.661930      1.681333      1.706237      1.717849      1.752329      1.772926      1.778579
      1.805449      1.827600      1.857739      1.868952      1.909237      3.576263      3.613132      3.639843      3.677284      3.690729
      3.716009      3.740030      3.770186      3.783122      3.795838      3.886156      3.903160      3.913382      3.949616      3.959417
      4.003818      4.056847      4.075536      4.135351      4.153260      4.182708      4.190652      4.221186      4.256041      4.974788
      4.998982      5.025459      5.061292      5.085613      5.109826      5.137625      5.148662      5.207352      5.216021      5.255849
      5.295046      5.360019      5.385109      5.442204      5.472850      6.189920      6.221857      6.226140      6.783993      6.912739
      6.953333      6.966461      7.032956      7.052916      7.577767      7.636242      7.643225      7.663250      7.713688      7.747859
      7.775055      7.807548      7.852063      7.888553      7.943333      7.958316      7.994131      8.020686      8.046826      8.061424
      8.086870      8.136367      8.148728      8.165410      8.178456
            0.000000  0.060609  0.000000
     -5.803471     -4.709344     -4.673528     -4.609749     -4.561587     -4.381250     -4.244182     -4.207323     -4.154043     -4.116192
     -3.936046     -3.851032     -3.832709     -3.786046     -3.366880     -2.863804     -2.811621     -2.770278     -2.727513     -2.597958
     -2.558465     -2.511240     -2.472780     -2.246733     -2.199886     -2.166983     -2.113451     -0.892089     -0.844239     -0.825440
     -0.769046     -0.606066     -0.585498     -0.548259     -0.533344     -0.313919     -0.271438     -0.248289     -0.198207      0.357978
      0.408295      0.416991      0.470421      0.540300      1.117142      1.164012      1.171298      1.240887      1.304414      1.322391
      1.335058      1.398922      1.661025      1.704025      1.715926      1.751522      1.766939      1.797809      1.820652      1.842748
      1.878337      1.913937      1.934520      1.945407      2.081027      3.522933      3.553914      3.572444      3.616796      3.633200
      3.648529      3.709899      3.738295      3.751879      3.780659      3.814698      3.837822      3.857229      3.871280      3.993249
      4.027055      4.068956      4.087335      4.141585      4.168555      4.190166      4.199833      4.224910      4.262672      4.877773
      4.907439      4.930071      4.968749      5.004434      5.024558      5.041853      5.077132      5.118096      5.126911      5.162892
      5.213362      5.392510      5.423659      5.487659      5.516976      6.082798      6.150001      6.155195      6.760123      7.010568
      7.043530      7.071487      7.125062      7.151556      7.589927      7.648925      7.665996      7.675141      7.719190      7.748752
      7.785866      7.837479      7.843928      8.007400      8.064260      8.083109      8.100900      8.110271      8.129967      8.162599
      8.194105      8.237741      8.245103      8.272990      8.288199
            0.000000  0.080812  0.000000
     -5.778417     -4.759908     -4.722898     -4.664711     -4.614004     -4.488714     -4.164639     -4.133436     -4.068959     -4.035851
     -3.910841     -3.826590     -3.810038     -3.764865     -3.196000     -2.953090     -2.896367     -2.853907     -2.812096     -2.643849
     -2.605473     -2.554796     -2.518297     -2.161778     -2.112806     -2.080861     -2.026230     -0.966822     -0.916024     -0.902669
     -0.843686     -0.620232     -0.603218     -0.564234     -0.547856     -0.227195     -0.182020     -0.158276     -0.107665      0.197949
      0.257584      0.293500      0.327766      0.379977      1.095836      1.137375      1.150421      1.220206      1.439967      1.468797
      1.487765      1.548326      1.711857      1.746785      1.762143      1.793223      1.836300      1.855207      1.878321      1.910608
      1.978845      2.022534      2.037513      2.048981      2.317381      3.453757      3.483079      3.496495      3.533216      3.548787
      3.562972      3.630150      3.654319      3.687910      3.718428      3.765722      3.784137      3.802578      3.817089      4.031178
      4.083235      4.088497      4.114864      4.146857      4.182230      4.192263      4.208392      4.229614      4.267490      4.750649
      4.786409      4.803075      4.855549      4.898637      4.920001      4.937547      4.995237      5.001955      5.027191      5.038016
      5.098727      5.433417      5.468124      5.531097      5.562051      5.943063      6.057348      6.065415      6.740710      7.113092
      7.172014      7.210496      7.249085      7.289875      7.526255      7.673567      7.715178      7.724233      7.750483      7.786339
      7.824944      7.868402      7.881647      8.146304      8.177578      8.193149      8.210786      8.239066      8.270152      8.316357
      8.339663      8.363618      8.373441      8.404958      8.419698
            0.000000  0.101015  0.000000
     -5.745960     -4.806146     -4.767427     -4.722840     -4.663421     -4.593539     -4.078288     -4.047990     -3.982697     -3.952845
     -3.873819     -3.793641     -3.780836     -3.737247     -3.048028     -3.040148     -2.976000     -2.920573     -2.896975     -2.698804
     -2.664427     -2.608758     -2.577098     -2.076190     -2.026442     -1.995672     -1.940067     -1.041303     -0.989661     -0.979036
     -0.918883     -0.631197     -0.616262     -0.576839     -0.560893     -0.145956     -0.098885     -0.078405     -0.029132      0.018781
      0.136585      0.178795      0.206020      0.255578      1.053934      1.095583      1.110558      1.176996      1.592675      1.624023
      1.644910      1.696908      1.777253      1.802232      1.826048      1.849086      1.909913      1.925609      1.948739      1.985472
      2.107020      2.149553      2.169228      2.188172      2.563797      3.351688      3.388359      3.414085      3.429410      3.457253
      3.483759      3.513139      3.539621      3.567232      3.593591      3.752202      3.773653      3.787477      3.801999      4.049674
      4.096545      4.109681      4.130317      4.161337      4.177840      4.195372      4.221076      4.276372      4.291970      4.601090
      4.638972      4.654025      4.711110      4.760135      4.792257      4.833218      4.872262      4.891328      4.910072      4.937927
      4.985148      5.471794      5.510067      5.566097      5.603343      5.782323      5.949990      5.963449      6.727860      7.203043
      7.334187      7.374318      7.391029      7.449196      7.458914      7.737486      7.777713      7.799717      7.815281      7.845660
      7.883405      7.914243      7.941756      8.267006      8.279246      8.294703      8.312093      8.400723      8.423969      8.477318
      8.497859      8.514782      8.540868      8.558517      8.574443
            0.000000  0.121218  0.000000
     -5.706254     -4.850572     -4.808688     -4.791768     -4.710527     -4.667483     -3.990788     -3.959268     -3.904377     -3.869685
     -3.818770     -3.749613     -3.742355     -3.702095     -3.128464     -3.078090     -3.041840     -2.985271     -2.831051     -2.758353
     -2.729963     -2.664167     -2.643830     -1.992467     -1.942216     -1.912779     -1.856245     -1.114958     -1.063820     -1.053740
     -0.993744     -0.637644     -0.622568     -0.583716     -0.567455     -0.272289     -0.048615     -0.041129      0.016792      0.045027
      0.063040      0.093572      0.129919      0.161426      1.000528      1.042707      1.058986      1.122529      1.740529      1.774265
      1.789530      1.826893      1.864930      1.872750      1.917223      1.930569      1.992099      2.007483      2.032149      2.070767
      2.258294      2.299269      2.325347      2.348138      2.810831      3.229731      3.269872      3.292685      3.316470      3.347187
      3.379730      3.401215      3.438712      3.460367      3.467886      3.752164      3.769301      3.787054      3.798072      4.048668
      4.082098      4.100623      4.124509      4.153513      4.188403      4.206897      4.245140      4.343466      4.350578      4.446049
      4.482734      4.495391      4.549333      4.595273      4.635606      4.682726      4.718766      4.794679      4.820553      4.858826
      4.896712      5.491647      5.535456      5.566529      5.629445      5.656556      5.837182      5.860515      6.722699      7.264989
      7.330521      7.536304      7.568915      7.607292      7.651156      7.807789      7.841153      7.884609      7.896134      7.930517
      7.969218      7.987749      8.031975      8.350780      8.359208      8.375724      8.398968      8.482925      8.580342      8.630864
      8.657367      8.673924      8.696083      8.724582      8.746059
            0.000000  0.141421  0.000000
     -5.660045     -4.916082     -4.861654     -4.835687     -4.750481     -4.712006     -3.907629     -3.872456     -3.836247     -3.785649
     -3.748387     -3.699768     -3.682520     -3.657231     -3.210512     -3.157964     -3.120107     -3.067800     -2.849626     -2.821942
     -2.775573     -2.730437     -2.576136     -1.910368     -1.859449     -1.831427     -1.773953     -1.187405     -1.137652     -1.126425
     -1.067731     -0.647859     -0.620739     -0.585254     -0.566139     -0.479126     -0.104475     -0.060023     -0.043849     -0.011023
      0.100167      0.147571      0.156645      0.205552      0.937696      0.980423      0.997472      1.058611      1.867983      1.894810
      1.916129      1.945003      1.960282      1.990923      2.009238      2.057465      2.088920      2.105974      2.128655      2.171213
      2.427600      2.467636      2.498613      2.523252      3.038438      3.099106      3.139728      3.159494      3.193877      3.217786
      3.241138      3.262713      3.304379      3.412029      3.417130      3.757355      3.770701      3.791715      3.799604      4.027298
      4.046642      4.066792      4.092805      4.161944      4.198871      4.219237      4.258875      4.280199      4.297611      4.331136
      4.368262      4.413576      4.425935      4.448614      4.489589      4.526179      4.556794      4.725352      4.746693      4.787937
      4.823280      5.352225      5.529516      5.581785      5.615792      5.651824      5.743781      5.779238      6.728222      7.193547
      7.400286      7.744247      7.766053      7.802454      7.851267      7.887154      7.919070      7.964117      7.976677      8.051635
      8.084870      8.105638      8.153920      8.362114      8.402233      8.419489      8.456392      8.477790      8.755978      8.802650
      8.822203      8.845016      8.864039      8.886254      8.921509
            0.000000  0.161624  0.000000
     -5.606962     -5.010799     -4.894396     -4.862522     -4.780513     -4.742160     -3.836860     -3.797922     -3.759793     -3.712947
     -3.670489     -3.642764     -3.609954     -3.591538     -3.286227     -3.235808     -3.196372     -3.146678     -2.930556     -2.908769
     -2.855298     -2.817186     -2.389970     -1.830848     -1.778807     -1.752114     -1.693678     -1.258573     -1.210751     -1.197270
     -1.140950     -0.767588     -0.610762     -0.592391     -0.566719     -0.540549     -0.193700     -0.144385     -0.134887     -0.094133
      0.183252      0.237345      0.247459      0.299690      0.867071      0.910250      0.927493      0.986699      1.975759      2.002270
      2.026484      2.046729      2.087375      2.115034      2.127149      2.173584      2.199498      2.232688      2.238857      2.288091
      2.609994      2.649018      2.683609      2.707755      2.958737      2.996225      3.005717      3.049131      3.077803      3.092707
      3.110970      3.157042      3.316523      3.381615      3.403204      3.763734      3.776231      3.798922      3.803776      3.983643
      3.994244      4.020677      4.040410      4.098931      4.125378      4.146866      4.161288      4.189554      4.218214      4.259705
      4.267666      4.281233      4.298610      4.340864      4.374304      4.550183      4.572683      4.676595      4.693028      4.722297
      4.757575      5.144937      5.487424      5.532782      5.602733      5.638647      5.728762      5.754019      6.740290      7.107714
      7.496978      7.898787      7.923026      7.960553      8.000140      8.011701      8.064380      8.095540      8.118811      8.192230
      8.226336      8.241720      8.299145      8.322599      8.409209      8.431137      8.473769      8.481321      8.935360      8.973746
      8.984649      9.017274      9.040400      9.048640      9.093752
            0.000000  0.181827  0.000000
     -5.547245     -5.107710     -4.916426     -4.882867     -4.802749     -4.764128     -3.777285     -3.731558     -3.681658     -3.647646
     -3.598044     -3.573219     -3.537850     -3.501508     -3.349175     -3.307364     -3.264314     -3.219531     -3.019540     -3.002202
     -2.946823     -2.909383     -2.189557     -1.755587     -1.701742     -1.675785     -1.616755     -1.328399     -1.282952     -1.266593
     -1.213928     -0.978838     -0.591173     -0.576736     -0.548842     -0.516955     -0.277006     -0.229264     -0.215678     -0.179765
      0.277546      0.330924      0.346106      0.396905      0.790237      0.833573      0.850366      0.908195      2.083287      2.111902
      2.136005      2.155087      2.206320      2.230551      2.251617      2.283328      2.320779      2.347960      2.370726      2.410205
      2.786284      2.809112      2.829831      2.846886      2.856904      2.880131      2.891253      2.935311      2.952054      2.963458
      2.983374      3.025484      3.350142      3.361434      3.578332      3.758909      3.782716      3.798148      3.807888      3.894414
      3.920942      3.933160      3.949023      3.982664      3.997031      4.018255      4.045054      4.062814      4.086280      4.125266
      4.143198      4.278064      4.293177      4.339328      4.362998      4.545340      4.578075      4.651852      4.680932      4.722749
      4.748023      4.929693      5.385889      5.410955      5.615806      5.650226      5.740220      5.760721      6.760879      7.028156
      7.597383      7.976039      8.001280      8.054259      8.082856      8.147462      8.245876      8.279029      8.297538      8.322952
      8.339603      8.375722      8.416437      8.418264      8.458563      8.471959      8.485471      8.504535      9.086139      9.108635
      9.121294      9.159082      9.225444      9.242914      9.269469
            0.000000  0.202031  0.000000
     -5.482161     -5.200565     -4.931096     -4.896827     -4.817776     -4.778940     -3.723278     -3.671465     -3.617317     -3.586535
     -3.547303     -3.504761     -3.475808     -3.414170     -3.380925     -3.357473     -3.307471     -3.278950     -3.110853     -3.098050
     -3.043192     -3.002854     -1.984331     -1.686953     -1.629975     -1.602518     -1.545399     -1.397174     -1.354568     -1.336924
     -1.289255     -1.182480     -0.563262     -0.549567     -0.519582     -0.481755     -0.349593     -0.306443     -0.282539     -0.257307
      0.371132      0.424001      0.443644      0.492069      0.709678      0.752135      0.767582      0.824679      2.196924      2.227530
      2.250671      2.270565      2.318426      2.340787      2.365037      2.391961      2.432742      2.450077      2.482637      2.517426
      2.677120      2.707670      2.719062      2.761275      2.802911      2.814829      2.825880      2.877871      3.019941      3.053900
      3.096836      3.124733      3.339395      3.347984      3.677023      3.701319      3.757447      3.763993      3.789656      3.796714
      3.819880      3.841119      3.850939      3.875989      3.898015      3.942488      3.960800      3.986543      4.003502      4.027559
      4.046340      4.307557      4.331631      4.368453      4.396834      4.492628      4.526157      4.593838      4.628043      4.705498
      4.830349      4.855993      5.266098      5.282241      5.627160      5.662634      5.751040      5.771045      6.790489      6.957719
      7.700445      8.012267      8.069943      8.095879      8.132599      8.153148      8.293855      8.305475      8.365786      8.386626
      8.501287      8.521188      8.560921      8.599756      8.620967      8.642631      8.659886      8.695832      9.149918      9.196711
      9.218539      9.245456      9.275067      9.307973      9.330337
            0.000000  0.222234  0.000000
     -5.414119     -5.283516     -4.939061     -4.904497     -4.825981     -4.787037     -3.676851     -3.625416     -3.571843     -3.549547
     -3.537016     -3.472850     -3.456532     -3.416986     -3.349271     -3.314408     -3.301489     -3.274714     -3.198555     -3.181057
     -3.136670     -3.085804     -1.781077     -1.635100     -1.575328     -1.541670     -1.514476     -1.444092     -1.424313     -1.415364
     -1.361624     -1.315468     -0.537234     -0.517036     -0.488178     -0.444530     -0.399583     -0.369113     -0.330439     -0.316672
      0.454702      0.508003      0.535758      0.573725      0.638345      0.673483      0.686565      0.743011      2.312888      2.343456
      2.364118      2.384338      2.417463      2.433375      2.438667      2.476961      2.508376      2.521785      2.543367      2.564181
      2.578476      2.593978      2.615444      2.643461      2.686193      2.704533      2.724996      2.765438      3.216509      3.248736
      3.280581      3.314198      3.344900      3.357087      3.504236      3.535972      3.585040      3.597596      3.738330      3.755789
      3.773547      3.798005      3.845370      3.870552      3.891900      3.915231      3.942946      3.959289      3.982358      3.995057
      4.111135      4.334020      4.360580      4.395980      4.413053      4.422464      4.469664      4.518632      4.570927      4.603245
      4.938558      4.964102      5.149046      5.161402      5.633764      5.669886      5.757413      5.777532      6.830091      6.896820
      7.804582      7.941038      8.134327      8.140664      8.185436      8.203815      8.247787      8.259061      8.326961      8.347917
      8.717540      8.734547      8.757411      8.809989      8.854393      8.869079      8.897478      8.929387      9.030278      9.068432
      9.088831      9.116021      9.195010      9.240521      9.244696
            0.000000  0.242437  0.000000
     -5.394994     -5.304800     -4.940250     -4.905639     -4.827194     -4.788227     -3.666842     -3.618121     -3.565875     -3.546301
     -3.533584     -3.473837     -3.456238     -3.421907     -3.339332     -3.297484     -3.288194     -3.258896     -3.226304     -3.195105
     -3.162099     -3.104200     -1.719994     -1.626928     -1.581902     -1.546126     -1.505637     -1.451006     -1.436179     -1.428604
     -1.377230     -1.334955     -0.532585     -0.507239     -0.483349     -0.436897     -0.404845     -0.383092     -0.341667     -0.326744
      0.474174      0.527707      0.561603      0.585411      0.626986      0.653741      0.666777      0.721288      2.347115      2.375743
      2.393635      2.414005      2.426208      2.439255      2.465632      2.479005      2.513168      2.532413      2.543997      2.554508
      2.569070      2.579563      2.606921      2.631424      2.653618      2.682103      2.705921      2.737329      3.275506      3.306217
      3.308458      3.338850      3.383127      3.399920      3.443634      3.480484      3.521544      3.534174      3.727919      3.748748
      3.761582      3.787944      3.842876      3.871653      3.896863      3.912364      3.938311      3.955688      3.974394      3.990468
      4.178078      4.310069      4.353060      4.393199      4.413420      4.425654      4.453762      4.505015      4.560857      4.594756
      4.966577      4.996842      5.116336      5.130793      5.634732      5.670946      5.758356      5.778503      6.845014      6.878700
      7.838734      7.908889      8.151645      8.157610      8.193341      8.207407      8.236560      8.251775      8.315147      8.337126
      8.782385      8.798158      8.814567      8.872749      8.916215      8.935095      8.958262      8.979814      9.007910      9.024683
      9.043988      9.065714      9.127371      9.164076      9.181875
            0.000000  0.262640  0.000000
     -5.459297     -5.229798     -4.934580     -4.900185     -4.821372     -4.782493     -3.706357     -3.653548     -3.599043     -3.569906
     -3.540715     -3.486856     -3.465445     -3.399952     -3.381964     -3.350332     -3.310864     -3.289266     -3.140524     -3.129156
     -3.075365     -3.032845     -1.915831     -1.666880     -1.608448     -1.579203     -1.525520     -1.419006     -1.377757     -1.362347
     -1.315208     -1.239224     -0.553417     -0.539142     -0.508322     -0.468660     -0.369866     -0.329288     -0.300600     -0.279961
      0.401016      0.453907      0.475411      0.522286      0.683456      0.724936      0.739660      0.796657      2.235888      2.266970
      2.289606      2.309594      2.354612      2.374658      2.397853      2.426405      2.463696      2.476596      2.510952      2.545800
      2.636901      2.663152      2.676159      2.717417      2.763019      2.777135      2.786179      2.838504      3.084929      3.118810
      3.162083      3.189934      3.337725      3.345537      3.627188      3.650032      3.705036      3.721709      3.773323      3.779201
      3.811481      3.828312      3.855959      3.865117      3.884791      3.927645      3.952301      3.975225      3.996073      4.009333
      4.034735      4.318629      4.344707      4.379509      4.407459      4.470174      4.507480      4.571407      4.608687      4.652511
      4.867415      4.890733      5.225927      5.240167      5.629927      5.665674      5.753695      5.773727      6.802403      6.936358
      7.735165      7.997100      8.092082      8.105581      8.151521      8.172604      8.279973      8.290227      8.355412      8.375947
      8.573448      8.593496      8.627426      8.671174      8.695066      8.717328      8.735737      8.772104      9.131800      9.184325
      9.208235      9.235686      9.245624      9.262807      9.295180
            0.000000  0.282843  0.000000
     -5.525967     -5.139355     -4.922116     -4.888259     -4.808578     -4.769883     -3.758825     -3.710722     -3.658564     -3.626251
     -3.577617     -3.549027     -3.513999     -3.470799     -3.364518     -3.328879     -3.283250     -3.241866     -3.050066     -3.034145
     -2.978670     -2.940710     -2.121445     -1.731833     -1.677137     -1.651077     -1.592138     -1.351416     -1.306855     -1.289588
     -1.238521     -1.049508     -0.582569     -0.568464     -0.540128     -0.506188     -0.302649     -0.256099     -0.239726     -0.206793
      0.308931      0.362069      0.378679      0.428872      0.763635      0.806872      0.823342      0.880847      2.120460      2.149773
      2.173621      2.192978      2.244030      2.268181      2.290844      2.319702      2.360342      2.384405      2.411478      2.448535
      2.762841      2.798319      2.805840      2.845216      2.852766      2.878546      2.901591      2.923200      2.933442      2.955915
      2.990384      3.010645      3.346095      3.356144      3.649854      3.747700      3.779476      3.791265      3.806840      3.854712
      3.885675      3.893829      3.913893      3.941422      3.956514      3.987396      4.012373      4.031828      4.049284      4.084885
      4.100782      4.286339      4.305399      4.347582      4.373900      4.530063      4.562199      4.633016      4.664088      4.753955
      4.771186      4.863186      5.346867      5.368246      5.619989      5.654765      5.744180      5.764334      6.769730      7.003623
      7.631492      7.996203      8.024540      8.076521      8.103891      8.139146      8.292146      8.319278      8.338679      8.363495
      8.376219      8.423304      8.438129      8.469314      8.496271      8.511532      8.530221      8.558963      9.119368      9.144492
      9.161233      9.194985      9.289790      9.306040      9.326653
            0.000000  0.303046  0.000000
     -5.587773     -5.042992     -4.902638     -4.870023     -4.788750     -4.750323     -3.816105     -3.775230     -3.732828     -3.690998
     -3.644766     -3.620983     -3.586543     -3.562782     -3.309208     -3.260588     -3.220347     -3.171798     -2.959634     -2.939408
     -2.884980     -2.847499     -2.324037     -1.805096     -1.752557     -1.726206     -1.667514     -1.281886     -1.234815     -1.220404
     -1.165130     -0.836180     -0.605365     -0.589440     -0.562403     -0.534589     -0.222414     -0.173217     -0.163192     -0.123248
      0.214363      0.268258      0.280268      0.332064      0.842050      0.885329      0.902501      0.961183      2.011035      2.038232
      2.062568      2.081824      2.128440      2.153429      2.169741      2.210314      2.239300      2.272053      2.282810      2.329126
      2.672402      2.710814      2.746016      2.768701      2.913498      2.949666      2.959581      3.005410      3.034066      3.046353
      3.064024      3.111460      3.349496      3.374105      3.438209      3.764690      3.778636      3.800801      3.805293      3.959638
      3.973869      4.000571      4.015185      4.054079      4.082064      4.102881      4.131326      4.136945      4.176615      4.221706
      4.238253      4.272253      4.278001      4.335125      4.352737      4.558684      4.588243      4.672687      4.688283      4.704673
      4.740343      5.073113      5.457627      5.494111      5.606922      5.641367      5.732072      5.754765      6.746161      7.080225
      7.530128      7.927528      7.951673      7.999319      8.034778      8.066810      8.129933      8.159733      8.188491      8.226959
      8.269008      8.284192      8.334221      8.355140      8.408528      8.435004      8.472586      8.480802      8.991832      9.022884
      9.032824      9.071523      9.096266      9.112371      9.150302
            0.000000  0.323249  0.000000
     -5.643103     -4.946207     -4.874559     -4.845559     -4.761584     -4.723292     -3.882455     -3.846080     -3.812214     -3.759810
     -3.723021     -3.681945     -3.658101     -3.638860     -3.236617     -3.184366     -3.146034     -3.094578     -2.875160     -2.849767
     -2.799869     -2.758474     -2.517476     -1.883171     -1.831917     -1.804363     -1.746554     -1.211243     -1.162076     -1.150202
     -1.092179     -0.665482     -0.618309     -0.586857     -0.566366     -0.526262     -0.134146     -0.086697     -0.074647     -0.036448
      0.124698      0.177456      0.183958      0.236088      0.914964      0.957858      0.975036      1.035477      1.905038      1.930856
      1.953927      1.979407      2.001146      2.036106      2.043787      2.097880      2.124451      2.145915      2.163522      2.208584
      2.487283      2.527028      2.559372      2.584191      3.048351      3.074725      3.096292      3.126105      3.159201      3.180093
      3.197638      3.222527      3.260318      3.400308      3.407468      3.759614      3.772158      3.793987      3.800837      4.015891
      4.030967      4.052923      4.077688      4.162130      4.186753      4.210941      4.229188      4.253789      4.269924      4.295845
      4.320404      4.357593      4.389679      4.415439      4.462936      4.516115      4.537570      4.705551      4.725136      4.765248
      4.800318      5.285278      5.524027      5.584313      5.603276      5.644614      5.730811      5.764411      6.731169      7.164046
      7.432564      7.810732      7.827405      7.859273      7.908233      7.923886      7.960831      7.996585      8.008869      8.098035
      8.130165      8.151274      8.200519      8.347398      8.407702      8.426056      8.466477      8.479808      8.815746      8.861689
      8.877921      8.901522      8.923319      8.937964      8.979786
            0.000000  0.343452  0.000000
     -5.691627     -4.867840     -4.826077     -4.811188     -4.724951     -4.684648     -3.962328     -3.929791     -3.881449     -3.841460
     -3.796595     -3.733231     -3.725612     -3.688494     -3.156341     -3.104504     -3.067662     -3.013066     -2.814668     -2.774976
     -2.744729     -2.680233     -2.652673     -1.964821     -1.914380     -1.885410     -1.828565     -1.139170     -1.088408     -1.078108
     -1.018426     -0.639303     -0.622879     -0.584640     -0.567722     -0.343577     -0.053456     -0.033446      0.007982      0.026533
      0.074749      0.095366      0.129233      0.157589      0.980588      1.022952      1.039547      1.102230      1.785992      1.818582
      1.833185      1.867161      1.896511      1.905103      1.946535      1.971566      2.022520      2.037779      2.062910      2.102364
      2.312968      2.353597      2.381455      2.405070      2.891616      3.186594      3.227221      3.248055      3.275826      3.304463
      3.334673      3.356267      3.397196      3.441049      3.444878      3.753434      3.769158      3.788119      3.798066      4.043719
      4.072208      4.090885      4.117103      4.154683      4.193512      4.212113      4.253198      4.348832      4.362729      4.405528
      4.440713      4.446393      4.496229      4.536889      4.580454      4.626066      4.662292      4.769627      4.794169      4.834245
      4.870903      5.466706      5.529852      5.567783      5.627224      5.653371      5.800852      5.828928      6.725211      7.249732
      7.344641      7.604464      7.635045      7.672809      7.718626      7.832128      7.863478      7.911209      7.922969      7.967090
      8.004244      8.022670      8.069376      8.364987      8.378330      8.394377      8.422008      8.479979      8.638272      8.686254
      8.711046      8.730520      8.750768      8.779969      8.804794
            0.000000  0.363655  0.000000
     -5.733674     -4.820658     -4.781065     -4.744552     -4.679361     -4.622285     -4.048986     -4.018558     -3.955059     -3.925282
     -3.857629     -3.780229     -3.769240     -3.726378     -3.071093     -3.035687     -2.995942     -2.930383     -2.905039     -2.718844
     -2.686251     -2.628202     -2.599098     -2.048480     -1.998566     -1.968231     -1.912313     -1.066137     -1.014546     -1.004330
     -0.944095     -0.633825     -0.619206     -0.579819     -0.563986     -0.149281     -0.086732     -0.065816     -0.017508      0.022706
      0.102180      0.143694      0.171866      0.219072      1.037271      1.079084      1.094550      1.159971      1.643274      1.675467
      1.695581      1.742667      1.803606      1.823823      1.854035      1.871525      1.936065      1.951642      1.975123      2.012559
      2.155147      2.197052      2.219019      2.239505      2.646448      3.312560      3.350892      3.377085      3.393189      3.424174
      3.457045      3.476592      3.501021      3.526392      3.548412      3.751398      3.771510      3.786576      3.799920      4.051619
      4.094813      4.110924      4.128868      4.160285      4.179793      4.197855      4.228824      4.298784      4.309343      4.548931
      4.586701      4.601608      4.658298      4.707551      4.742688      4.788736      4.825404      4.853365      4.878238      4.910473
      4.953200      5.482884      5.522728      5.573141      5.615477      5.728862      5.912217      5.928338      6.725235      7.230841
      7.359863      7.411537      7.441514      7.485786      7.520804      7.760523      7.798747      7.827795      7.841035      7.870405
      7.908447      7.934322      7.967893      8.300564      8.308597      8.325133      8.343360      8.450586      8.470228      8.527896
      8.551399      8.569451      8.596133      8.606759      8.635735
            0.000000  0.383858  0.000000
     -5.768169     -4.775757     -4.738271     -4.683350     -4.630719     -4.526060     -4.136275     -4.105597     -4.040050     -4.008172
     -3.899986     -3.816561     -3.800986     -3.756292     -3.140074     -2.982825     -2.924409     -2.880605     -2.840784     -2.661166
     -2.623865     -2.571770     -2.536552     -2.133213     -2.083911     -2.052333     -1.997369     -0.991747     -0.940487     -0.928309
     -0.868788     -0.624346     -0.608159     -0.568937     -0.552639     -0.198015     -0.152654     -0.128326     -0.077845      0.131969
      0.214308      0.254110      0.284551      0.336016      1.083419      1.124870      1.138666      1.207301      1.490429      1.520252
      1.540402      1.598891      1.731688      1.763714      1.780866      1.810089      1.860269      1.877305      1.900341      1.934635
      2.018731      2.062497      2.078010      2.092662      2.398922      3.423189      3.454576      3.471833      3.500774      3.518712
      3.534198      3.592380      3.618253      3.650121      3.680147      3.758351      3.780102      3.794457      3.810104      4.039418
      4.090843      4.097763      4.125228      4.150323      4.180215      4.195172      4.209936      4.240336      4.271712      4.702653
      4.739627      4.755280      4.810596      4.856145      4.880725      4.904645      4.958170      4.966429      4.989677      4.998072
      5.058750      5.446837      5.482634      5.544198      5.576480      5.891167      6.022934      6.032466      6.735634      7.144034
      7.223950      7.263376      7.298015      7.343194      7.493125      7.693165      7.735448      7.747076      7.769667      7.803612
      7.842064      7.881904      7.898937      8.189178      8.212966      8.227766      8.245116      8.290552      8.323503      8.371655
      8.391570      8.409896      8.426567      8.456037      8.466987
            0.000000  0.404061  0.000000
     -5.795912     -4.726618     -4.690411     -4.628041     -4.579383     -4.414666     -4.219001     -4.185393     -4.126139     -4.090251
     -3.928831     -3.843863     -3.825955     -3.779824     -3.310092     -2.893550     -2.839750     -2.798303     -2.755330     -2.612297
     -2.572756     -2.524485     -2.486308     -2.218751     -2.170904     -2.138293     -2.084360     -0.917122     -0.867957     -0.851352
     -0.793916     -0.611008     -0.591860     -0.553775     -0.537982     -0.285481     -0.241649     -0.218617     -0.168148      0.310720
      0.356715      0.374924      0.421594      0.480338      1.113876      1.157189      1.167702      1.239170      1.344536      1.369045
      1.383862      1.447544      1.676812      1.717213      1.730004      1.764187      1.789460      1.815471      1.838519      1.864727
      1.908552      1.948182      1.967035      1.973974      2.157424      3.502652      3.532670      3.546498      3.590881      3.607481
      3.621092      3.690664      3.715333      3.739064      3.770977      3.792313      3.812382      3.834660      3.845728      4.007617
      4.048063      4.074952      4.094217      4.143550      4.175055      4.189987      4.203189      4.224515      4.263914      4.838619
      4.870500      4.890950      4.934005      4.972510      4.991819      5.005931      5.051284      5.081594      5.093695      5.123931
      5.177317      5.406042      5.438527      5.502691      5.532234      6.039493      6.121420      6.127332      6.753038      7.046311
      7.081321      7.114307      7.162265      7.193708      7.581132      7.648794      7.679790      7.687594      7.723191      7.758719
      7.796842      7.846486      7.853781      8.054384      8.103244      8.121953      8.138114      8.150447      8.169171      8.210069
      8.240122      8.277582      8.283015      8.313997      8.329865
            0.000000  0.424264  0.000000
     -5.816213     -4.673792     -4.638819     -4.573097     -4.525073     -4.347925     -4.288494     -4.227030     -4.206393     -4.157806
     -3.947724     -3.863275     -3.844667     -3.796605     -3.478307     -2.804305     -2.756469     -2.714661     -2.673711     -2.571748
     -2.533982     -2.488707     -2.451606     -2.300012     -2.257078     -2.223692     -2.171208     -0.842384     -0.798673     -0.773978
     -0.720248     -0.596255     -0.571611     -0.537563     -0.526371     -0.367895     -0.330131     -0.305342     -0.257054      0.447896
      0.501940      0.507537      0.566205      0.678830      1.095903      1.147755      1.169953      1.200995      1.233252      1.253156
      1.287302      1.317388      1.631397      1.678041      1.691530      1.724063      1.730036      1.766472      1.788556      1.799938
      1.826794      1.852800      1.879541      1.896813      1.949432      3.559510      3.593787      3.619811      3.660489      3.674552
      3.696724      3.732608      3.762758      3.774715      3.790188      3.867827      3.889119      3.897928      3.926845      3.965765
      3.998022      4.059756      4.078249      4.137371      4.157674      4.186613      4.194025      4.223751      4.259070      4.945877
      4.971624      4.997437      5.032831      5.060750      5.084245      5.109872      5.125510      5.181325      5.189290      5.229669
      5.273617      5.368584      5.395845      5.457112      5.486932      6.158647      6.200795      6.205187      6.776285      6.942255
      6.979872      6.997352      7.060888      7.081028      7.581988      7.641765      7.647887      7.665099      7.719471      7.748191
      7.773693      7.817951      7.843700      7.920269      7.983579      7.998068      8.028804      8.045052      8.071193      8.087832
      8.117022      8.167083      8.178061      8.198487      8.212360
            0.000000  0.444467  0.000000
     -5.829375     -4.619173     -4.586354     -4.519808     -4.469433     -4.392206     -4.347690     -4.285181     -4.260273     -4.100763
     -3.956518     -3.876193     -3.859303     -3.806257     -3.635526     -2.718919     -2.683799     -2.639369     -2.604434     -2.539027
     -2.506050     -2.463734     -2.440133     -2.361373     -2.336613     -2.303205     -2.253206     -0.771386     -0.740217     -0.701861
     -0.652840     -0.581869     -0.547905     -0.529072     -0.520232     -0.436283     -0.412372     -0.379664     -0.339331      0.580991
      0.635092      0.648385      0.706672      0.899669      0.987954      1.026434      1.063494      1.104455      1.189602      1.237836
      1.259300      1.302581      1.551208      1.623946      1.663728      1.678955      1.691686      1.727702      1.739539      1.754255
      1.776092      1.792549      1.817119      1.826992      1.874885      3.605817      3.650085      3.671744      3.701753      3.715612
      3.740377      3.753249      3.782231      3.794646      3.808262      3.868193      3.892148      3.960282      3.972804      3.999351
      4.038128      4.057357      4.075346      4.132331      4.146372      4.172394      4.181746      4.211881      4.247547      5.023813
      5.045585      5.070723      5.107401      5.128458      5.149484      5.174659      5.194068      5.246462      5.256616      5.288095
      5.320598      5.347769      5.382905      5.414947      5.448583      6.239865      6.255628      6.260010      6.797280      6.867134
      6.912264      6.918875      6.987007      7.008723      7.576163      7.630466      7.642602      7.665267      7.704279      7.737687
      7.774264      7.780958      7.813735      7.868888      7.884292      7.909639      7.953159      7.989010      8.010888      8.027289
      8.044184      8.088493      8.101924      8.111544      8.122047
            0.000000  0.464670  0.000000
     -5.835337     -4.574559     -4.549263     -4.481331     -4.448682     -4.420524     -4.372068     -4.340886     -4.317871     -4.013974
     -3.936088     -3.889395     -3.874191     -3.802825     -3.756869     -2.654931     -2.639063     -2.598563     -2.563598     -2.519302
     -2.498727     -2.446017     -2.437633     -2.396168     -2.378310     -2.359348     -2.312944     -0.718897     -0.708163     -0.658482
     -0.605695     -0.562408     -0.549685     -0.520931     -0.507542     -0.489926     -0.456815     -0.427841     -0.396699      0.700269
      0.761393      0.782005      0.834961      0.869899      0.891442      0.918970      0.962455      1.140671      1.194190      1.238945
      1.256674      1.291769      1.382810      1.601278      1.645325      1.663968      1.671255      1.709304      1.722660      1.738758
      1.755116      1.770098      1.785796      1.803681      1.856177      3.632156      3.684707      3.708149      3.722689      3.729636
      3.750326      3.769892      3.784073      3.806715      3.815432      3.826792      3.870193      3.996687      4.019090      4.039116
      4.045573      4.081887      4.092939      4.138125      4.139293      4.154761      4.168111      4.194692      4.234381      5.070987
      5.087487      5.109800      5.136693      5.163820      5.174522      5.206606      5.230152      5.259411      5.286183      5.300796
      5.331673      5.354574      5.382834      5.402079      5.430033      6.277922      6.281857      6.286584      6.802300      6.836899
      6.877857      6.892222      6.948643      6.970515      7.586743      7.626896      7.654469      7.678536      7.707968      7.714932
      7.732118      7.764946      7.781720      7.804627      7.829005      7.867281      7.946266      7.979285      7.995601      8.014457
      8.029764      8.057738      8.058773      8.073386      8.117883
            0.000000  0.484873  0.000000
     -5.834146     -4.586346     -4.557552     -4.491452     -4.441980     -4.423518     -4.370746     -4.326511     -4.301629     -4.033676
     -3.949128     -3.882935     -3.869514     -3.806274     -3.724524     -2.670661     -2.650100     -2.605212     -2.572456     -2.525223
     -2.497012     -2.448098     -2.443721     -2.384555     -2.372666     -2.345783     -2.298239     -0.732132     -0.714683     -0.667059
     -0.617408     -0.569926     -0.544735     -0.526722     -0.509863     -0.473589     -0.451093     -0.414704     -0.383348      0.665562
      0.723165      0.740000      0.797863      0.899774      0.931203      0.954658      1.004712      1.080497      1.193084      1.239373
      1.256083      1.301211      1.433571      1.605304      1.649404      1.666554      1.675129      1.713076      1.725495      1.741724
      1.759463      1.774288      1.791632      1.808271      1.859730      3.626534      3.678002      3.696402      3.718082      3.729154
      3.747677      3.765020      3.787127      3.803657      3.814569      3.837545      3.874121      3.991307      4.005468      4.030578
      4.046576      4.077481      4.085676      4.133404      4.141475      4.160395      4.172051      4.199412      4.237868      5.059854
      5.078714      5.100686      5.132673      5.156875      5.170422      5.198140      5.223618      5.259726      5.279288      5.299932
      5.330170      5.349267      5.388354      5.400336      5.433324      6.270334      6.276499      6.281147      6.802356      6.841461
      6.884839      6.895375      6.956346      6.978613      7.582736      7.628183      7.650365      7.674137      7.703534      7.722174
      7.745493      7.769753      7.786354      7.818775      7.840818      7.877513      7.950302      7.983054      7.998523      8.018490
      8.028947      8.063800      8.068631      8.083105      8.097302
            0.000000  0.505076  0.000000
     -5.825791     -4.637255     -4.603477     -4.536886     -4.487712     -4.373228     -4.329430     -4.261724     -4.239653     -4.134626
     -3.955087     -3.872552     -3.854661     -3.803996     -3.585072     -2.746523     -2.705914     -2.662637     -2.625432     -2.548743
     -2.514389     -2.471234     -2.440711     -2.344953     -2.311532     -2.277927     -2.226922     -0.794187     -0.757745     -0.724549
     -0.674089     -0.586768     -0.555906     -0.529022     -0.523479     -0.415660     -0.386403     -0.357206     -0.313188      0.536736
      0.590348      0.601601      0.659926      0.827970      1.028531      1.071358      1.108990      1.146975      1.188533      1.237668
      1.265037      1.300884      1.591938      1.641876      1.672257      1.690698      1.704529      1.739034      1.753686      1.764269
      1.788691      1.807622      1.837739      1.842526      1.887976      3.591846      3.632055      3.657131      3.690802      3.704430
      3.730920      3.746583      3.776679      3.789366      3.802329      3.882362      3.902325      3.936245      3.958950      3.978131
      4.020767      4.055526      4.074392      4.133655      4.149508      4.177884      4.186532      4.217191      4.252156      5.000755
      5.023650      5.049931      5.086458      5.108393      5.131789      5.158658      5.172407      5.229365      5.238764      5.275726
      5.309827      5.353629      5.380130      5.427944      5.459864      6.217226      6.240288      6.244579      6.791220      6.887519
      6.930740      6.940117      7.008147      7.029002      7.575754      7.632555      7.641522      7.663219      7.708280      7.743444
      7.775748      7.795929      7.836588      7.889423      7.906829      7.924736      7.965002      8.001354      8.026391      8.041396
      8.062632      8.110004      8.123381      8.136104      8.148187
            0.000000  0.525279  0.000000
     -5.810228     -4.691639     -4.656229     -4.591352     -4.543402     -4.356318     -4.267139     -4.222286     -4.180973     -4.139842
     -3.942371     -3.857534     -3.838971     -3.791694     -3.423028     -2.833942     -2.783695     -2.742229     -2.700138     -2.584507
     -2.545596     -2.499346     -2.461157     -2.273874     -2.228542     -2.195378     -2.142316     -0.867135     -0.821074     -0.799590
     -0.744439     -0.601250     -0.578868     -0.542951     -0.529497     -0.341496     -0.300978     -0.277275     -0.227881      0.403273
      0.457187      0.460728      0.518744      0.607170      1.112575      1.166078      1.169333      1.227882      1.273025      1.279734
      1.299233      1.353903      1.646109      1.691375      1.703098      1.739515      1.745843      1.781552      1.804063      1.821343
      1.851227      1.881990      1.905113      1.920715      2.009872      3.541756      3.574105      3.597187      3.640191      3.655522
      3.673973      3.723129      3.753383      3.763696      3.785564      3.841409      3.864162      3.880279      3.899874      3.978791
      4.008272      4.063832      4.082154      4.139511      4.162736      4.189194      4.196908      4.224918      4.261221      4.913682
      4.941239      4.965738      5.001838      5.033803      5.055607      5.077253      5.101970      5.151527      5.159267      5.198432
      5.245954      5.379895      5.409359      5.472528      5.501926      6.122685      6.176686      6.181377      6.767673      6.975260
      7.009936      7.032444      7.091498      7.113882      7.587437      7.647895      7.655578      7.668449      7.721593      7.744518
      7.777502      7.827934      7.839823      7.962120      8.024277      8.040701      8.065005      8.074293      8.098594      8.121568
      8.152849      8.200860      8.210145      8.234478      8.249015
            0.000000  0.545482  0.000000
     -5.787564     -4.743436     -4.706831     -4.646275     -4.596787     -4.451307     -4.192331     -4.160260     -4.097731     -4.063318
     -3.920417     -3.835679     -3.818357     -3.772710     -3.252992     -2.923499     -2.868225     -2.826456     -2.783736     -2.627598
     -2.588450     -2.539033     -2.501533     -2.190565     -2.142049     -2.109757     -2.055441     -0.942164     -0.892037     -0.877234
     -0.818935     -0.615780     -0.597791     -0.559153     -0.542919     -0.256491     -0.211791     -0.188538     -0.137908      0.258290
      0.305194      0.333766      0.373558      0.427463      1.106243      1.148230      1.160296      1.231171      1.390917      1.418216
      1.435443      1.497709      1.693596      1.731277      1.745245      1.777908      1.812630      1.834531      1.857677      1.887287
      1.942053      1.984445      2.000948      2.008809      2.236595      3.480021      3.509245      3.520940      3.563014      3.578903
      3.592359      3.663768      3.686851      3.718925      3.749349      3.778352      3.792217      3.815781      3.828028      4.020483
      4.067888      4.081364      4.103378      4.145086      4.180864      4.189524      4.206374      4.224917      4.265187      4.796118
      4.830122      4.848449      4.896578      4.937346      4.956977      4.970978      5.024172      5.042478      5.060317      5.081976
      5.138709      5.419848      5.453491      5.517298      5.547393      5.992730      6.090307      6.097184      6.746522      7.080656
      7.124188      7.160719      7.203612      7.239940      7.557478      7.657664      7.696368      7.704219      7.734463      7.771384
      7.809878      7.856584      7.866611      8.101047      8.140926      8.157951      8.175333      8.192240      8.217529      8.261798
      8.289035      8.319878      8.325278      8.357783      8.373849
            0.000000  0.565685  0.000000
     -5.757457     -4.791102     -4.753060     -4.702502     -4.647096     -4.561096     -4.107400     -4.077016     -4.011130     -3.980406
     -3.887505     -3.805331     -3.790975     -3.746803     -3.087629     -3.012330     -2.951512     -2.904658     -2.869365     -2.679934
     -2.644016     -2.590269     -2.556644     -2.104666     -2.055109     -2.023929     -1.968640     -1.016589     -0.965066     -0.953780
     -0.893870     -0.628125     -0.612647     -0.573289     -0.557149     -0.169797     -0.124245     -0.099903     -0.049646      0.066446
      0.174132      0.215781      0.243875      0.294627      1.069430      1.110956      1.125386      1.192897      1.541673      1.572276
      1.593088      1.648805      1.753376      1.782176      1.801939      1.828667      1.884715      1.900799      1.923814      1.959532
      2.061396      2.104625      2.121987      2.139048      2.481210      3.388899      3.423174      3.445228      3.465701      3.488528
      3.507908      3.552709      3.579564      3.609222      3.637922      3.754504      3.776787      3.789999      3.805455      4.045547
      4.094927      4.105169      4.130161      4.156699      4.178244      4.195246      4.214323      4.256413      4.279389      4.652637
      4.690275      4.705477      4.762197      4.809768      4.838234      4.870798      4.915621      4.931861      4.946426      4.966840
      5.020368      5.459759      5.496717      5.556112      5.590350      5.837163      5.987001      5.998308      6.731319      7.173965
      7.278959      7.318929      7.348398      7.399621      7.462461      7.714609      7.756266      7.772335      7.791181      7.823079
      7.861121      7.896663      7.918528      8.229368      8.246815      8.261589      8.278756      8.345179      8.375551      8.425690
      8.444731      8.460322      8.482913      8.509836      8.516787
            0.000000  0.585888  0.000000
     -5.720605     -4.835308     -4.794590     -4.768030     -4.695211     -4.646920     -4.019750     -3.988930     -3.928829     -3.897630
     -3.839240     -3.765507     -3.756552     -3.714676     -3.099707     -3.052883     -3.016962     -2.956930     -2.869983     -2.739150
     -2.708607     -2.647294     -2.621845     -2.020358     -1.970280     -1.940388     -1.884163     -1.090606     -1.039183     -1.029144
     -0.968958     -0.635922     -0.621325     -0.582114     -0.566198     -0.203004     -0.068967     -0.048696      0.004003      0.041534
      0.073782      0.112610      0.144290      0.186344      1.019452      1.061446      1.077344      1.141802      1.692735      1.725869
      1.743987      1.785707      1.832828      1.847194      1.885944      1.897223      1.963438      1.978945      2.002963      2.040982
      2.205638      2.247029      2.271143      2.292895      2.728902      3.271809      3.311233      3.336003      3.355721      3.387565
      3.421549      3.441847      3.468794      3.489812      3.504251      3.751447      3.770071      3.786509      3.798659      4.051320
      4.089818      4.107820      4.127568      4.156207      4.183611      4.202008      4.236939      4.322270      4.329946      4.496495
      4.533886      4.548329      4.604027      4.652394      4.690138      4.737730      4.773646      4.822018      4.848509      4.884177
      4.923955      5.491075      5.532806      5.573446      5.625063      5.682543      5.874109      5.893494      6.723522      7.254973
      7.341547      7.470741      7.504059      7.543979      7.585025      7.784063      7.819849      7.856647      7.868579      7.898481
      7.937266      7.958468      7.998115      8.328985      8.335403      8.352469      8.372544      8.477173      8.523383      8.578367
      8.604771      8.620685      8.643761      8.665974      8.689987
            0.000000  0.606092  0.000000
     -5.676218     -4.889358     -4.845437     -4.824648     -4.738274     -4.699260     -3.934445     -3.900631     -3.859049     -3.813183
     -3.772975     -3.716679     -3.705397     -3.673528     -3.183710     -3.131265     -3.093895     -3.040597     -2.827184     -2.796133
     -2.756250     -2.703740     -2.625912     -1.937420     -1.886761     -1.858264     -1.801112     -1.163166     -1.112879     -1.102180
     -1.042941     -0.641803     -0.622249     -0.585000     -0.567110     -0.414285     -0.076365     -0.039090     -0.014315      0.008484
      0.083780      0.118135      0.136995      0.177586      0.959827      1.002372      1.019221      1.081084      1.828534      1.857992
      1.875897      1.906866      1.926288      1.946288      1.976971      2.014863      2.054802      2.070262      2.095109      2.135813
      2.369471      2.409794      2.439278      2.463508      2.969660      3.142879      3.183794      3.203156      3.234517      3.261032
      3.288330      3.309738      3.351253      3.425644      3.429111      3.755341      3.769779      3.789830      3.798742      4.036565
      4.060377      4.079485      4.106103      4.158290      4.197959      4.216875      4.260225      4.318095      4.342029      4.374023
      4.410576      4.429567      4.455234      4.479187      4.527733      4.570883      4.606231      4.746514      4.769508      4.810599
      4.846466      5.414739      5.529805      5.574871      5.623287      5.654665      5.768334      5.801198      6.726260      7.222899
      7.370726      7.674226      7.701371      7.738812      7.786279      7.858005      7.888344      7.937134      7.949380      8.007775
      8.042804      8.062440      8.110171      8.369381      8.392874      8.409221      8.441783      8.477453      8.696904      8.743934
      8.766312      8.788034      8.806735      8.833663      8.863374
            0.000000  0.626295  0.000000
     -5.625415     -4.978165     -4.885202     -4.854427     -4.771517     -4.733242     -3.858930     -3.821432     -3.786595     -3.735727
     -3.696930     -3.663038     -3.633592     -3.617305     -3.261941     -3.210360     -3.171534     -3.120909     -2.902314     -2.878831
     -2.826778     -2.787465     -2.454977     -1.856817     -1.805204     -1.778098     -1.719968     -1.234974     -1.186456     -1.173825
     -1.116590     -0.706854     -0.615043     -0.591096     -0.568212     -0.541879     -0.164276     -0.115451     -0.105379     -0.064991
      0.152993      0.207000      0.215008      0.267541      0.891395      0.934441      0.951686      1.011477      1.940655      1.966588
      1.990444      2.012704      2.044648      2.077243      2.083737      2.136329      2.161228      2.189387      2.199820      2.247724
      2.548139      2.587564      2.621126      2.645831      3.004450      3.041102      3.051962      3.091517      3.121002      3.139393
      3.157525      3.200584      3.261344      3.390218      3.400846      3.761830      3.774011      3.796450      3.802260      4.001580
      4.013092      4.037403      4.060261      4.142390      4.161786      4.181304      4.193681      4.232835      4.245292      4.272251
      4.295900      4.305630      4.342942      4.369247      4.416650      4.533133      4.551233      4.688505      4.706305      4.743073
      4.778110      5.215854      5.510184      5.566302      5.599426      5.639195      5.727349      5.756519      6.735036      7.134940
      7.464443      7.862453      7.883769      7.909303      7.953326      7.970982      8.008199      8.040659      8.054487      8.145817
      8.177831      8.197730      8.249405      8.330845      8.409651      8.429355      8.472032      8.481193      8.876300      8.919845
      8.933228      8.959467      8.984411      8.990817      9.037734
            0.000000  0.646498  0.000000
     -5.567859     -5.075542     -4.909956     -4.876799     -4.796162     -4.757634     -3.796318     -3.753071     -3.706471     -3.669275
     -3.620456     -3.597528     -3.562348     -3.532309     -3.330419     -3.284521     -3.243148     -3.196140     -2.989323     -2.970558
     -2.915523     -2.878237     -2.257147     -1.780051     -1.726916     -1.700835     -1.641920     -1.305211     -1.258933     -1.243553
     -1.189490     -0.907307     -0.598805     -0.583888     -0.556317     -0.526506     -0.250182     -0.201534     -0.190090     -0.151815
      0.245894      0.299525      0.313195      0.364515      0.816406      0.859742      0.876770      0.934988      2.046824      2.074734
      2.099012      2.117983      2.167916      2.192142      2.211204      2.246841      2.280045      2.310253      2.327467      2.370096
      2.734277      2.771117      2.804953      2.823362      2.872721      2.903517      2.916038      2.963600      2.990955      3.002114
      3.018825      3.066736      3.353197      3.367419      3.504788      3.763680      3.780977      3.800999      3.806833      3.929785
      3.950163      3.972894      3.982712      4.016046      4.040504      4.058464      4.085930      4.097074      4.130611      4.172219
      4.191527      4.273369      4.282326      4.334597      4.354066      4.556111      4.588986      4.668092      4.692260      4.698789
      4.734148      5.001013      5.423187      5.453107      5.611375      5.645577      5.736080      5.757323      6.753039      7.053706
      7.563584      7.953158      7.977380      8.029001      8.060019      8.124823      8.193599      8.226391      8.235879      8.268529
      8.307684      8.331197      8.373132      8.397798      8.418498      8.449815      8.471001      8.483252      9.043093      9.067746
      9.078141      9.118094      9.159100      9.177160      9.208770
            0.000000  0.666701  0.000000
     -5.504051     -5.170341     -4.926988     -4.892898     -4.813564     -4.774794     -3.740778     -3.690594     -3.637126     -3.605587
     -3.560014     -3.525886     -3.492480     -3.441060     -3.374596     -3.347202     -3.298085     -3.261995     -3.080585     -3.066179
     -3.010853     -2.971968     -2.052968     -1.708987     -1.653243     -1.626738     -1.568290     -1.374671     -1.331071     -1.313213
     -1.263864     -1.118116     -0.573157     -0.559352     -0.530306     -0.494375     -0.326937     -0.281884     -0.262083     -0.232711
      0.340367      0.393327      0.411388      0.460824      0.736816      0.779797      0.795829      0.853096      2.158338      2.188323
      2.211868      2.231534      2.281473      2.305119      2.328919      2.356128      2.398042      2.418924      2.449135      2.484608
      2.719951      2.753559      2.763116      2.805475      2.840152      2.851537      2.866979      2.914827      2.960532      2.992776
      3.034167      3.061772      3.342346      3.351624      3.699512      3.734102      3.760245      3.787294      3.802455      3.814190
      3.846438      3.863398      3.876225      3.904834      3.920913      3.963333      3.983334      4.005373      4.022289      4.052118
      4.068757      4.296519      4.318358      4.357608      4.385419      4.512306      4.544515      4.613737      4.646208      4.759208
      4.794977      4.831889      5.306907      5.325394      5.623818      5.658961      5.747833      5.767858      6.779600      6.980152
      7.665870      8.010918      8.047431      8.092079      8.118626      8.136606      8.302327      8.318237      8.367205      8.385000
      8.440801      8.451123      8.496345      8.530003      8.553380      8.572014      8.590868      8.624347      9.142240      9.174797
      9.195664      9.225223      9.319800      9.347262      9.364900
            0.000000  0.686904  0.000000
     -5.436358     -5.257725     -4.937181     -4.902688     -4.824039     -4.785120     -3.690605     -3.637774     -3.583281     -3.557222
     -3.538810     -3.475802     -3.459759     -3.408613     -3.365002     -3.332423     -3.310389     -3.287336     -3.169657     -3.157982
     -3.106918     -3.061101     -1.847980     -1.649196     -1.589275     -1.557193     -1.512888     -1.437538     -1.400645     -1.390302
     -1.340358     -1.284022     -0.544464     -0.528202     -0.497347     -0.455821     -0.387266     -0.350542     -0.316606     -0.300384
      0.429280      0.482320      0.506305      0.550378      0.658816      0.698321      0.712186      0.769081      2.274860      2.306086
      2.328000      2.347974      2.389002      2.405951      2.424114      2.456927      2.490124      2.498690      2.532607      2.565891
      2.603157      2.622334      2.637695      2.676235      2.723734      2.739325      2.751918      2.800389      3.151129      3.184314
      3.226045      3.254965      3.338354      3.345615      3.567381      3.594266      3.646779      3.661047      3.754712      3.766126
      3.791701      3.811504      3.850984      3.870032      3.885885      3.919449      3.948545      3.966365      3.993282      4.000260
      4.054578      4.328579      4.356308      4.390041      4.416321      4.442078      4.488385      4.543662      4.587596      4.619522
      4.904099      4.927524      5.186539      5.199347      5.632152      5.668117      5.755852      5.775928      6.815343      6.916043
      7.769912      7.971352      8.113688      8.122135      8.170021      8.190537      8.263463      8.273618      8.341295      8.361764
      8.646543      8.664981      8.693515      8.741356      8.773988      8.793401      8.816282      8.851441      9.085999      9.128283
      9.153396      9.180638      9.233971      9.261144      9.276772
            0.000000  0.707107  0.000000
     -5.386179     -5.314362     -4.940634     -4.906013     -4.827587     -4.788616     -3.663045     -3.615988     -3.563940     -3.546020
     -3.531377     -3.475017     -3.456287     -3.423770     -3.335612     -3.291412     -3.276725     -3.251356     -3.242461     -3.199260
     -3.174256     -3.111540     -1.684239     -1.628630     -1.600459     -1.545773     -1.495207     -1.462709     -1.439636     -1.426173
     -1.384063     -1.341842     -0.531003     -0.502744     -0.482677     -0.434133     -0.405562     -0.388569     -0.346481     -0.330047
      0.481988      0.535533      0.575363      0.585090      0.623280      0.646192      0.659870      0.711600      2.364774      2.397507
      2.399839      2.412794      2.431271      2.447149      2.471230      2.487331      2.500125      2.526548      2.544668      2.553339
      2.571449      2.583771      2.609789      2.614856      2.642356      2.679919      2.696338      2.725328      3.302298      3.310707
      3.346726      3.350749      3.391153      3.424675      3.455093      3.459742      3.463594      3.486443      3.724363      3.746306
      3.757469      3.784204      3.842248      3.872164      3.899326      3.910801      3.936500      3.954863      3.971293      3.988778
      4.233945      4.261916      4.352913      4.394964      4.415918      4.428039      4.445824      4.501049      4.557373      4.591946
      4.978546      5.013090      5.100180      5.117825      5.635037      5.671283      5.758655      5.778815      6.858572      6.864016
      7.865631      7.882495      8.158671      8.165978      8.192018      8.205895      8.232242      8.250962      8.309901      8.332523
      8.816852      8.831852      8.858707      8.871138      8.936645      8.949058      8.961891      9.000760      9.008422      9.030599
      9.052779      9.068052      9.101587      9.121191      9.135242
