Dynamical matrix file
this is a comment line                                                     
  1    2  2  6.6640700  0.0000000  0.0000000  0.0000000  0.0000000  0.0000000
           1  'C   '    10947.083358978085     
    1    1      0.0000000000      0.0000000000      0.0000000000
    2    1     -0.2500000000      0.2500000000      0.2500000000

     Dynamical  Matrix in cartesian axes

     q = (    0.000000000   0.000000000   0.000000000 ) 

    1    1
  0.80533569  0.00000000   -0.00000000  0.00000000   -0.00000000  0.00000000
 -0.00000000  0.00000000    0.80533569  0.00000000   -0.00000000  0.00000000
 -0.00000000  0.00000000   -0.00000000  0.00000000    0.80533569  0.00000000
    1    2
 -0.80537831  0.00000000    0.00000000  0.00000000   -0.00000000  0.00000000
  0.00000000  0.00000000   -0.80537831  0.00000000   -0.00000000  0.00000000
 -0.00000000  0.00000000    0.00000000  0.00000000   -0.80537831  0.00000000
    2    1
 -0.80537831  0.00000000    0.00000000  0.00000000   -0.00000000  0.00000000
  0.00000000  0.00000000   -0.80537831  0.00000000    0.00000000  0.00000000
 -0.00000000  0.00000000    0.00000000  0.00000000   -0.80537831  0.00000000
    2    2
  0.80533569  0.00000000   -0.00000000  0.00000000    0.00000000  0.00000000
 -0.00000000  0.00000000    0.80533569  0.00000000    0.00000000  0.00000000
 -0.00000000  0.00000000    0.00000000  0.00000000    0.80533569  0.00000000

     Dielectric Tensor:

          5.712807031129          0.000000000000         -0.000000000000
         -0.000000000000          5.712807031129          0.000000000000
         -0.000000000000          0.000000000000          5.712807031129

     Effective Charges E-U: Z_{alpha}{s,beta}

     atom #    1
         -0.002392541223         -0.000000000000          0.000000000000
         -0.000000000000         -0.002392541223         -0.000000000000
         -0.000000000000         -0.000000000000         -0.002392541223
     atom #    2
         -0.002392541223          0.000000000000          0.000000000000
          0.000000000000         -0.002392541223         -0.000000000000
          0.000000000000         -0.000000000000         -0.002392541223

     Effective Charges U-E: Z_{s,alpha}{beta}

     atom #    1
     -0.239130226092E-02      0.888178419700E-15      0.177635683940E-14
     -0.444089209850E-15     -0.239130226092E-02     -0.222044604925E-14
      0.444089209850E-15     -0.222044604925E-14     -0.239130226092E-02
     atom #    2
     -0.239130226092E-02      0.000000000000E+00      0.133226762955E-14
      0.133226762955E-14     -0.239130226092E-02     -0.222044604925E-14
      0.444089209850E-15     -0.310862446895E-14     -0.239130226092E-02

     Diagonalizing the dynamical matrix

     q = (    0.000000000   0.000000000   0.000000000 ) 

 **************************************************************************
     freq (    1) =      -0.205284 [THz] =      -6.847541 [cm-1]
 (  0.178285 -0.000000  0.384553 -0.000000  0.565980 -0.000000 ) 
 (  0.178285 -0.000000  0.384553 -0.000000  0.565980 -0.000000 ) 
     freq (    2) =      -0.205284 [THz] =      -6.847541 [cm-1]
 ( -0.602832  0.000000  0.364991  0.000000 -0.058099  0.000000 ) 
 ( -0.602832  0.000000  0.364991  0.000000 -0.058099  0.000000 ) 
     freq (    3) =      -0.205284 [THz] =      -6.847541 [cm-1]
 ( -0.323741  0.000000 -0.467868  0.000000  0.419870 -0.000000 ) 
 ( -0.323741  0.000000 -0.467868  0.000000  0.419870 -0.000000 ) 
     freq (    4) =      39.905710 [THz] =    1331.111197 [cm-1]
 (  0.387192  0.000000 -0.506200  0.000000 -0.306339  0.000000 ) 
 ( -0.387192  0.000000  0.506200  0.000000  0.306339  0.000000 ) 
     freq (    5) =      39.905710 [THz] =    1331.111197 [cm-1]
 ( -0.554858  0.000000 -0.183512  0.000000 -0.398066  0.000000 ) 
 (  0.554858 -0.000000  0.183512 -0.000000  0.398066 -0.000000 ) 
     freq (    6) =      39.905710 [THz] =    1331.111197 [cm-1]
 (  0.205463  0.000000  0.458350  0.000000 -0.497695  0.000000 ) 
 ( -0.205463  0.000000 -0.458350  0.000000  0.497695  0.000000 ) 
 **************************************************************************
