Dynamical matrix file
this is a comment line                                                     
  1    2  2  6.6640700  0.0000000  0.0000000  0.0000000  0.0000000  0.0000000
           1  'C   '    10947.083358978085     
    1    1      0.0000000000      0.0000000000      0.0000000000
    2    1     -0.2500000000      0.2500000000      0.2500000000

     Dynamical  Matrix in cartesian axes

     q = (    0.500000000  -0.500000000   0.500000000 ) 

    1    1
  0.98082311  0.00000000   -0.14390351  0.00000000    0.14390351  0.00000000
 -0.14390351  0.00000000    0.98082311  0.00000000   -0.14390351  0.00000000
  0.14390351  0.00000000   -0.14390351  0.00000000    0.98082311  0.00000000
    1    2
 -0.43983667  0.00000000   -0.11655680  0.00000000    0.11655680  0.00000000
 -0.11655680  0.00000000   -0.43983667  0.00000000   -0.11655680  0.00000000
  0.11655680  0.00000000   -0.11655680  0.00000000   -0.43983667  0.00000000
    2    1
 -0.43983667  0.00000000   -0.11655680  0.00000000    0.11655680  0.00000000
 -0.11655680  0.00000000   -0.43983667  0.00000000   -0.11655680  0.00000000
  0.11655680  0.00000000   -0.11655680  0.00000000   -0.43983667  0.00000000
    2    2
  0.98082311  0.00000000   -0.14390351  0.00000000    0.14390351  0.00000000
 -0.14390351  0.00000000    0.98082311  0.00000000   -0.14390351  0.00000000
  0.14390351  0.00000000   -0.14390351  0.00000000    0.98082311  0.00000000

     Dynamical  Matrix in cartesian axes

     q = (    0.500000000   0.500000000   0.500000000 ) 

    1    1
  0.98082311  0.00000000    0.14390351  0.00000000    0.14390351  0.00000000
  0.14390351  0.00000000    0.98082311  0.00000000    0.14390351  0.00000000
  0.14390351  0.00000000    0.14390351  0.00000000    0.98082311  0.00000000
    1    2
 -0.43983667  0.00000000    0.11655680  0.00000000    0.11655680  0.00000000
  0.11655680  0.00000000   -0.43983667  0.00000000    0.11655680  0.00000000
  0.11655680  0.00000000    0.11655680  0.00000000   -0.43983667  0.00000000
    2    1
 -0.43983667  0.00000000    0.11655680  0.00000000    0.11655680  0.00000000
  0.11655680  0.00000000   -0.43983667  0.00000000    0.11655680  0.00000000
  0.11655680  0.00000000    0.11655680  0.00000000   -0.43983667  0.00000000
    2    2
  0.98082311  0.00000000    0.14390351  0.00000000    0.14390351  0.00000000
  0.14390351  0.00000000    0.98082311  0.00000000    0.14390351  0.00000000
  0.14390351  0.00000000    0.14390351  0.00000000    0.98082311  0.00000000

     Dynamical  Matrix in cartesian axes

     q = (   -0.500000000   0.500000000   0.500000000 ) 

    1    1
  0.98082311  0.00000000   -0.14390351  0.00000000   -0.14390351  0.00000000
 -0.14390351  0.00000000    0.98082311  0.00000000    0.14390351  0.00000000
 -0.14390351  0.00000000    0.14390351  0.00000000    0.98082311  0.00000000
    1    2
  0.43983667  0.00000000    0.11655680  0.00000000    0.11655680  0.00000000
  0.11655680  0.00000000    0.43983667  0.00000000   -0.11655680 -0.00000000
  0.11655680  0.00000000   -0.11655680 -0.00000000    0.43983667  0.00000000
    2    1
  0.43983667 -0.00000000    0.11655680 -0.00000000    0.11655680 -0.00000000
  0.11655680 -0.00000000    0.43983667 -0.00000000   -0.11655680  0.00000000
  0.11655680 -0.00000000   -0.11655680  0.00000000    0.43983667 -0.00000000
    2    2
  0.98082311  0.00000000   -0.14390351  0.00000000   -0.14390351  0.00000000
 -0.14390351  0.00000000    0.98082311  0.00000000    0.14390351  0.00000000
 -0.14390351  0.00000000    0.14390351  0.00000000    0.98082311  0.00000000

     Dynamical  Matrix in cartesian axes

     q = (    0.500000000   0.500000000  -0.500000000 ) 

    1    1
  0.98082311  0.00000000    0.14390351  0.00000000   -0.14390351  0.00000000
  0.14390351  0.00000000    0.98082311  0.00000000   -0.14390351  0.00000000
 -0.14390351  0.00000000   -0.14390351  0.00000000    0.98082311  0.00000000
    1    2
 -0.43983667  0.00000000    0.11655680  0.00000000   -0.11655680  0.00000000
  0.11655680  0.00000000   -0.43983667  0.00000000   -0.11655680  0.00000000
 -0.11655680  0.00000000   -0.11655680  0.00000000   -0.43983667  0.00000000
    2    1
 -0.43983667  0.00000000    0.11655680  0.00000000   -0.11655680  0.00000000
  0.11655680  0.00000000   -0.43983667  0.00000000   -0.11655680  0.00000000
 -0.11655680  0.00000000   -0.11655680  0.00000000   -0.43983667  0.00000000
    2    2
  0.98082311  0.00000000    0.14390351  0.00000000   -0.14390351  0.00000000
  0.14390351  0.00000000    0.98082311  0.00000000   -0.14390351  0.00000000
 -0.14390351  0.00000000   -0.14390351  0.00000000    0.98082311  0.00000000

     Diagonalizing the dynamical matrix

     q = (    0.500000000  -0.500000000   0.500000000 ) 

 **************************************************************************
     freq (    1) =      16.653767 [THz] =     555.509867 [cm-1]
 ( -0.482833  0.000000  0.032726  0.000000  0.515559  0.000000 ) 
 ( -0.482833  0.000000  0.032726  0.000000  0.515559  0.000000 ) 
     freq (    2) =      16.653767 [THz] =     555.509867 [cm-1]
 (  0.316553 -0.000000  0.576422 -0.000000  0.259869 -0.000000 ) 
 (  0.316553 -0.000000  0.576422 -0.000000  0.259869 -0.000000 ) 
     freq (    3) =      32.401796 [THz] =    1080.807562 [cm-1]
 (  0.408248  0.000000 -0.408248  0.000000  0.408248  0.000000 ) 
 (  0.408248  0.000000 -0.408248  0.000000  0.408248  0.000000 ) 
     freq (    4) =      37.115061 [THz] =    1238.025178 [cm-1]
 (  0.536811  0.000000  0.084353  0.000000 -0.452458  0.000000 ) 
 ( -0.536811  0.000000 -0.084353  0.000000  0.452458  0.000000 ) 
     freq (    5) =      37.115061 [THz] =    1238.025178 [cm-1]
 (  0.212526  0.000000  0.571155  0.000000  0.358629  0.000000 ) 
 ( -0.212526  0.000000 -0.571155  0.000000 -0.358629  0.000000 ) 
     freq (    6) =      38.192125 [THz] =    1273.952161 [cm-1]
 (  0.408248  0.000000 -0.408248  0.000000  0.408248  0.000000 ) 
 ( -0.408248  0.000000  0.408248  0.000000 -0.408248  0.000000 ) 
 **************************************************************************
