Dynamical matrix file
this is a comment line                                                     
  1    2  2  6.6640700  0.0000000  0.0000000  0.0000000  0.0000000  0.0000000
           1  'C   '    10947.083358978085     
    1    1      0.0000000000      0.0000000000      0.0000000000
    2    1     -0.2500000000      0.2500000000      0.2500000000

     Dynamical  Matrix in cartesian axes

     q = (    0.000000000   0.500000000   0.000000000 ) 

    1    1
  0.82578876  0.00000000    0.00000000  0.00000000    0.00000000  0.00000000
  0.00000000  0.00000000    1.09819123  0.00000000    0.00000000  0.00000000
  0.00000000  0.00000000    0.00000000  0.00000000    0.82578876  0.00000000
    1    2
 -0.38376547  0.38376547   -0.00000000 -0.00000000    0.09530437  0.09530437
 -0.00000000 -0.00000000   -0.39990378  0.39990378    0.00000000 -0.00000000
  0.09530437  0.09530437   -0.00000000 -0.00000000   -0.38376547  0.38376547
    2    1
 -0.38376547 -0.38376547    0.00000000  0.00000000    0.09530437 -0.09530437
 -0.00000000 -0.00000000   -0.39990378 -0.39990378    0.00000000  0.00000000
  0.09530437 -0.09530437    0.00000000  0.00000000   -0.38376547 -0.38376547
    2    2
  0.82578876  0.00000000    0.00000000  0.00000000   -0.00000000  0.00000000
  0.00000000  0.00000000    1.09819123  0.00000000    0.00000000  0.00000000
 -0.00000000  0.00000000    0.00000000  0.00000000    0.82578876  0.00000000

     Dynamical  Matrix in cartesian axes

     q = (    0.000000000  -0.500000000   0.000000000 ) 

    1    1
  0.82578876  0.00000000    0.00000000  0.00000000   -0.00000000  0.00000000
  0.00000000  0.00000000    1.09819123  0.00000000    0.00000000  0.00000000
 -0.00000000  0.00000000    0.00000000  0.00000000    0.82578876  0.00000000
    1    2
 -0.38376547 -0.38376547    0.00000000  0.00000000    0.09530437 -0.09530437
 -0.00000000 -0.00000000   -0.39990378 -0.39990378   -0.00000000 -0.00000000
  0.09530437 -0.09530437    0.00000000  0.00000000   -0.38376547 -0.38376547
    2    1
 -0.38376547  0.38376547   -0.00000000  0.00000000    0.09530437  0.09530437
 -0.00000000  0.00000000   -0.39990378  0.39990378    0.00000000  0.00000000
  0.09530437  0.09530437   -0.00000000  0.00000000   -0.38376547  0.38376547
    2    2
  0.82578876  0.00000000    0.00000000  0.00000000   -0.00000000  0.00000000
  0.00000000  0.00000000    1.09819123  0.00000000    0.00000000  0.00000000
 -0.00000000  0.00000000    0.00000000  0.00000000    0.82578876  0.00000000

     Dynamical  Matrix in cartesian axes

     q = (    0.500000000   0.000000000   0.000000000 ) 

    1    1
  1.09819123  0.00000000    0.00000000  0.00000000    0.00000000  0.00000000
  0.00000000  0.00000000    0.82578876  0.00000000    0.00000000  0.00000000
 -0.00000000  0.00000000    0.00000000  0.00000000    0.82578876  0.00000000
    1    2
 -0.39990378 -0.39990378   -0.00000000 -0.00000000    0.00000000  0.00000000
  0.00000000  0.00000000   -0.38376547 -0.38376547   -0.09530437  0.09530437
 -0.00000000 -0.00000000   -0.09530437  0.09530437   -0.38376547 -0.38376547
    2    1
 -0.39990378  0.39990378   -0.00000000  0.00000000    0.00000000 -0.00000000
  0.00000000  0.00000000   -0.38376547  0.38376547   -0.09530437 -0.09530437
 -0.00000000  0.00000000   -0.09530437 -0.09530437   -0.38376547  0.38376547
    2    2
  1.09819123  0.00000000    0.00000000  0.00000000    0.00000000  0.00000000
  0.00000000  0.00000000    0.82578876  0.00000000    0.00000000  0.00000000
 -0.00000000  0.00000000    0.00000000  0.00000000    0.82578876  0.00000000

     Dynamical  Matrix in cartesian axes

     q = (    0.000000000   0.000000000   0.500000000 ) 

    1    1
  0.82578876  0.00000000    0.00000000  0.00000000   -0.00000000  0.00000000
 -0.00000000  0.00000000    0.82578876  0.00000000   -0.00000000  0.00000000
  0.00000000  0.00000000    0.00000000  0.00000000    1.09819123  0.00000000
    1    2
 -0.38376547  0.38376547    0.09530437  0.09530437    0.00000000  0.00000000
  0.09530437  0.09530437   -0.38376547  0.38376547    0.00000000  0.00000000
 -0.00000000 -0.00000000    0.00000000  0.00000000   -0.39990378  0.39990378
    2    1
 -0.38376547 -0.38376547    0.09530437 -0.09530437    0.00000000 -0.00000000
  0.09530437 -0.09530437   -0.38376547 -0.38376547    0.00000000 -0.00000000
  0.00000000  0.00000000    0.00000000  0.00000000   -0.39990378 -0.39990378
    2    2
  0.82578876  0.00000000   -0.00000000  0.00000000    0.00000000  0.00000000
 -0.00000000  0.00000000    0.82578876  0.00000000   -0.00000000  0.00000000
  0.00000000  0.00000000   -0.00000000  0.00000000    1.09819123  0.00000000

     Dynamical  Matrix in cartesian axes

     q = (    0.000000000   0.000000000  -0.500000000 ) 

    1    1
  0.82578876  0.00000000   -0.00000000  0.00000000    0.00000000  0.00000000
 -0.00000000  0.00000000    0.82578876  0.00000000    0.00000000  0.00000000
 -0.00000000  0.00000000    0.00000000  0.00000000    1.09819123  0.00000000
    1    2
 -0.38376547 -0.38376547    0.09530437 -0.09530437    0.00000000 -0.00000000
  0.09530437 -0.09530437   -0.38376547 -0.38376547    0.00000000 -0.00000000
  0.00000000  0.00000000   -0.00000000  0.00000000   -0.39990378 -0.39990378
    2    1
 -0.38376547  0.38376547    0.09530437  0.09530437   -0.00000000  0.00000000
  0.09530437  0.09530437   -0.38376547  0.38376547   -0.00000000  0.00000000
  0.00000000 -0.00000000    0.00000000  0.00000000   -0.39990378  0.39990378
    2    2
  0.82578876  0.00000000   -0.00000000  0.00000000    0.00000000  0.00000000
 -0.00000000  0.00000000    0.82578876  0.00000000    0.00000000  0.00000000
 -0.00000000  0.00000000   -0.00000000  0.00000000    1.09819123  0.00000000

     Dynamical  Matrix in cartesian axes

     q = (   -0.500000000   0.000000000   0.000000000 ) 

    1    1
  1.09819123  0.00000000   -0.00000000  0.00000000    0.00000000  0.00000000
  0.00000000  0.00000000    0.82578876  0.00000000    0.00000000  0.00000000
 -0.00000000  0.00000000   -0.00000000  0.00000000    0.82578876  0.00000000
    1    2
 -0.39990378  0.39990378   -0.00000000  0.00000000    0.00000000 -0.00000000
  0.00000000 -0.00000000   -0.38376547  0.38376547   -0.09530437 -0.09530437
 -0.00000000  0.00000000   -0.09530437 -0.09530437   -0.38376547  0.38376547
    2    1
 -0.39990378 -0.39990378    0.00000000 -0.00000000    0.00000000  0.00000000
  0.00000000  0.00000000   -0.38376547 -0.38376547   -0.09530437  0.09530437
  0.00000000 -0.00000000   -0.09530437  0.09530437   -0.38376547 -0.38376547
    2    2
  1.09819123  0.00000000    0.00000000  0.00000000   -0.00000000  0.00000000
  0.00000000  0.00000000    0.82578876  0.00000000    0.00000000  0.00000000
  0.00000000  0.00000000    0.00000000  0.00000000    0.82578876  0.00000000

     Diagonalizing the dynamical matrix

     q = (    0.000000000   0.500000000   0.000000000 ) 

 **************************************************************************
     freq (    1) =      16.234436 [THz] =     541.522508 [cm-1]
 (  0.434243 -0.036775  0.000000 -0.000000 -0.447870  0.330897 ) 
 (  0.343177  0.140045  0.000000 -0.000000 -0.602177  0.000000 ) 
     freq (    2) =      16.234436 [THz] =     541.522508 [cm-1]
 (  0.475589 -0.289647 -0.000000  0.000000  0.198120 -0.388159 ) 
 (  0.557540  0.227523 -0.000000 -0.000000  0.370652  0.000000 ) 
     freq (    3) =      22.947928 [THz] =     765.460485 [cm-1]
 (  0.000000  0.000000 -0.518104  0.481215 -0.000000  0.000000 ) 
 (  0.000000  0.000000 -0.706626 -0.026084 -0.000000  0.000000 ) 
     freq (    4) =      37.004180 [THz] =    1234.326572 [cm-1]
 (  0.320968 -0.314212 -0.000000  0.000000 -0.456898  0.299157 ) 
 ( -0.462782  0.124215  0.000000  0.000000  0.520003  0.000000 ) 
     freq (    5) =      37.004180 [THz] =    1234.326572 [cm-1]
 (  0.170487 -0.518830 -0.000000 -0.000000  0.220264 -0.391450 ) 
 ( -0.502226  0.134803  0.000000  0.000000 -0.479163  0.000000 ) 
     freq (    6) =      40.557262 [THz] =    1352.844639 [cm-1]
 ( -0.000000  0.000000 -0.390039  0.589805  0.000000 -0.000000 ) 
 ( -0.000000 -0.000000  0.692854 -0.141255  0.000000  0.000000 ) 
 **************************************************************************
