Dynamical matrix file
this is a comment line                                                     
  1    2  2  6.6640700  0.0000000  0.0000000  0.0000000  0.0000000  0.0000000
           1  'C   '    10947.083358978085     
    1    1      0.0000000000      0.0000000000      0.0000000000
    2    1     -0.2500000000      0.2500000000      0.2500000000

     Dynamical  Matrix in cartesian axes

     q = (    0.500000000   0.000000000   0.500000000 ) 

    1    1
  0.95707361  0.00000000    0.00000000 -0.05905116    0.13253504  0.00000000
  0.00000000  0.05905116    0.98265552  0.00000000    0.00000000  0.05905116
  0.13253504  0.00000000    0.00000000 -0.05905116    0.95707361  0.00000000
    1    2
 -0.38879274  0.00000000   -0.00000000  0.09878517    0.07721074  0.00000000
  0.00000000  0.09878517   -0.41490817  0.00000000    0.00000000  0.09878517
  0.07721074  0.00000000   -0.00000000  0.09878517   -0.38879274  0.00000000
    2    1
 -0.38879274  0.00000000   -0.00000000 -0.09878517    0.07721074  0.00000000
  0.00000000 -0.09878517   -0.41490817  0.00000000   -0.00000000 -0.09878517
  0.07721074  0.00000000   -0.00000000 -0.09878517   -0.38879274  0.00000000
    2    2
  0.95707361  0.00000000    0.00000000  0.05905116    0.13253504  0.00000000
  0.00000000 -0.05905116    0.98265552  0.00000000    0.00000000 -0.05905116
  0.13253504  0.00000000    0.00000000  0.05905116    0.95707361  0.00000000

     Dynamical  Matrix in cartesian axes

     q = (   -0.500000000   0.000000000   0.500000000 ) 

    1    1
  0.95707361  0.00000000    0.00000000 -0.05905116   -0.13253504  0.00000000
  0.00000000  0.05905116    0.98265552  0.00000000    0.00000000 -0.05905116
 -0.13253504  0.00000000    0.00000000  0.05905116    0.95707361  0.00000000
    1    2
 -0.00000000  0.38879274    0.09878517  0.00000000    0.00000000  0.07721074
  0.09878517  0.00000000   -0.00000000  0.41490817   -0.09878517  0.00000000
  0.00000000  0.07721074   -0.09878517  0.00000000   -0.00000000  0.38879274
    2    1
 -0.00000000 -0.38879274    0.09878517  0.00000000    0.00000000 -0.07721074
  0.09878517 -0.00000000   -0.00000000 -0.41490817   -0.09878517  0.00000000
  0.00000000 -0.07721074   -0.09878517  0.00000000   -0.00000000 -0.38879274
    2    2
  0.95707361  0.00000000    0.00000000  0.05905116   -0.13253504  0.00000000
  0.00000000 -0.05905116    0.98265552  0.00000000    0.00000000  0.05905116
 -0.13253504  0.00000000   -0.00000000 -0.05905116    0.95707361  0.00000000

     Dynamical  Matrix in cartesian axes

     q = (   -0.500000000   0.000000000  -0.500000000 ) 

    1    1
  0.95707361  0.00000000    0.00000000  0.05905116    0.13253504  0.00000000
  0.00000000 -0.05905116    0.98265552  0.00000000    0.00000000 -0.05905116
  0.13253504  0.00000000    0.00000000  0.05905116    0.95707361  0.00000000
    1    2
 -0.38879274  0.00000000   -0.00000000 -0.09878517    0.07721074  0.00000000
  0.00000000 -0.09878517   -0.41490817  0.00000000    0.00000000 -0.09878517
  0.07721074  0.00000000   -0.00000000 -0.09878517   -0.38879274  0.00000000
    2    1
 -0.38879274  0.00000000   -0.00000000  0.09878517    0.07721074  0.00000000
  0.00000000  0.09878517   -0.41490817  0.00000000    0.00000000  0.09878517
  0.07721074  0.00000000    0.00000000  0.09878517   -0.38879274  0.00000000
    2    2
  0.95707361  0.00000000    0.00000000 -0.05905116    0.13253504  0.00000000
  0.00000000  0.05905116    0.98265552  0.00000000    0.00000000  0.05905116
  0.13253504  0.00000000    0.00000000 -0.05905116    0.95707361  0.00000000

     Dynamical  Matrix in cartesian axes

     q = (    0.500000000   0.000000000  -0.500000000 ) 

    1    1
  0.95707361  0.00000000    0.00000000  0.05905116   -0.13253504  0.00000000
  0.00000000 -0.05905116    0.98265552  0.00000000    0.00000000  0.05905116
 -0.13253504  0.00000000    0.00000000 -0.05905116    0.95707361  0.00000000
    1    2
 -0.00000000 -0.38879274    0.09878517  0.00000000    0.00000000 -0.07721074
  0.09878517 -0.00000000   -0.00000000 -0.41490817   -0.09878517  0.00000000
  0.00000000 -0.07721074   -0.09878517  0.00000000   -0.00000000 -0.38879274
    2    1
 -0.00000000  0.38879274    0.09878517  0.00000000    0.00000000  0.07721074
  0.09878517  0.00000000   -0.00000000  0.41490817   -0.09878517  0.00000000
  0.00000000  0.07721074   -0.09878517  0.00000000   -0.00000000  0.38879274
    2    2
  0.95707361  0.00000000    0.00000000 -0.05905116   -0.13253504  0.00000000
  0.00000000  0.05905116    0.98265552  0.00000000    0.00000000 -0.05905116
 -0.13253504  0.00000000    0.00000000  0.05905116    0.95707361  0.00000000

     Dynamical  Matrix in cartesian axes

     q = (    0.000000000   0.500000000  -0.500000000 ) 

    1    1
  0.98265552  0.00000000    0.00000000 -0.05905116   -0.00000000  0.05905116
  0.00000000  0.05905116    0.95707361  0.00000000   -0.13253504  0.00000000
  0.00000000 -0.05905116   -0.13253504  0.00000000    0.95707361  0.00000000
    1    2
 -0.41490817  0.00000000    0.00000000 -0.09878517    0.00000000  0.09878517
  0.00000000 -0.09878517   -0.38879274  0.00000000   -0.07721074  0.00000000
  0.00000000  0.09878517   -0.07721074  0.00000000   -0.38879274  0.00000000
    2    1
 -0.41490817  0.00000000    0.00000000  0.09878517    0.00000000 -0.09878517
 -0.00000000  0.09878517   -0.38879274  0.00000000   -0.07721074  0.00000000
  0.00000000 -0.09878517   -0.07721074  0.00000000   -0.38879274  0.00000000
    2    2
  0.98265552  0.00000000    0.00000000  0.05905116   -0.00000000 -0.05905116
  0.00000000 -0.05905116    0.95707361  0.00000000   -0.13253504  0.00000000
  0.00000000  0.05905116   -0.13253504  0.00000000    0.95707361  0.00000000

     Dynamical  Matrix in cartesian axes

     q = (   -0.500000000   0.500000000   0.000000000 ) 

    1    1
  0.95707361  0.00000000   -0.13253504  0.00000000    0.00000000 -0.05905116
 -0.13253504  0.00000000    0.95707361  0.00000000    0.00000000  0.05905116
  0.00000000  0.05905116    0.00000000 -0.05905116    0.98265552  0.00000000
    1    2
 -0.00000000  0.38879274   -0.00000000  0.07721074    0.09878517  0.00000000
  0.00000000  0.07721074   -0.00000000  0.38879274   -0.09878517  0.00000000
  0.09878517 -0.00000000   -0.09878517  0.00000000   -0.00000000  0.41490817
    2    1
 -0.00000000 -0.38879274   -0.00000000 -0.07721074    0.09878517  0.00000000
  0.00000000 -0.07721074   -0.00000000 -0.38879274   -0.09878517  0.00000000
  0.09878517  0.00000000   -0.09878517  0.00000000   -0.00000000 -0.41490817
    2    2
  0.95707361  0.00000000   -0.13253504  0.00000000    0.00000000  0.05905116
 -0.13253504  0.00000000    0.95707361  0.00000000    0.00000000 -0.05905116
  0.00000000 -0.05905116    0.00000000  0.05905116    0.98265552  0.00000000

     Dynamical  Matrix in cartesian axes

     q = (    0.000000000   0.500000000   0.500000000 ) 

    1    1
  0.98265552  0.00000000    0.00000000  0.05905116    0.00000000  0.05905116
  0.00000000 -0.05905116    0.95707361  0.00000000    0.13253504  0.00000000
  0.00000000 -0.05905116    0.13253504  0.00000000    0.95707361  0.00000000
    1    2
 -0.00000000  0.41490817    0.09878517  0.00000000    0.09878517 -0.00000000
  0.09878517  0.00000000   -0.00000000  0.38879274    0.00000000 -0.07721074
  0.09878517  0.00000000   -0.00000000 -0.07721074   -0.00000000  0.38879274
    2    1
 -0.00000000 -0.41490817    0.09878517 -0.00000000    0.09878517  0.00000000
  0.09878517  0.00000000   -0.00000000 -0.38879274    0.00000000  0.07721074
  0.09878517  0.00000000   -0.00000000  0.07721074   -0.00000000 -0.38879274
    2    2
  0.98265552  0.00000000    0.00000000 -0.05905116    0.00000000 -0.05905116
  0.00000000  0.05905116    0.95707361  0.00000000    0.13253504  0.00000000
  0.00000000  0.05905116    0.13253504  0.00000000    0.95707361  0.00000000

     Dynamical  Matrix in cartesian axes

     q = (    0.000000000  -0.500000000  -0.500000000 ) 

    1    1
  0.98265552  0.00000000    0.00000000 -0.05905116    0.00000000 -0.05905116
  0.00000000  0.05905116    0.95707361  0.00000000    0.13253504  0.00000000
  0.00000000  0.05905116    0.13253504  0.00000000    0.95707361  0.00000000
    1    2
 -0.00000000 -0.41490817    0.09878517 -0.00000000    0.09878517  0.00000000
  0.09878517  0.00000000   -0.00000000 -0.38879274    0.00000000  0.07721074
  0.09878517  0.00000000   -0.00000000  0.07721074   -0.00000000 -0.38879274
    2    1
 -0.00000000  0.41490817    0.09878517  0.00000000    0.09878517 -0.00000000
  0.09878517  0.00000000   -0.00000000  0.38879274    0.00000000 -0.07721074
  0.09878517  0.00000000   -0.00000000 -0.07721074   -0.00000000  0.38879274
    2    2
  0.98265552  0.00000000    0.00000000  0.05905116    0.00000000  0.05905116
  0.00000000 -0.05905116    0.95707361  0.00000000    0.13253504  0.00000000
  0.00000000 -0.05905116    0.13253504  0.00000000    0.95707361  0.00000000

     Dynamical  Matrix in cartesian axes

     q = (    0.500000000   0.500000000   0.000000000 ) 

    1    1
  0.95707361  0.00000000    0.13253504  0.00000000    0.00000000 -0.05905116
  0.13253504  0.00000000    0.95707361  0.00000000    0.00000000 -0.05905116
 -0.00000000  0.05905116   -0.00000000  0.05905116    0.98265552  0.00000000
    1    2
 -0.38879274  0.00000000    0.07721074  0.00000000    0.00000000  0.09878517
  0.07721074  0.00000000   -0.38879274  0.00000000    0.00000000  0.09878517
  0.00000000  0.09878517    0.00000000  0.09878517   -0.41490817  0.00000000
    2    1
 -0.38879274  0.00000000    0.07721074  0.00000000    0.00000000 -0.09878517
  0.07721074  0.00000000   -0.38879274  0.00000000    0.00000000 -0.09878517
  0.00000000 -0.09878517    0.00000000 -0.09878517   -0.41490817  0.00000000
    2    2
  0.95707361  0.00000000    0.13253504  0.00000000    0.00000000  0.05905116
  0.13253504  0.00000000    0.95707361  0.00000000    0.00000000  0.05905116
  0.00000000 -0.05905116   -0.00000000 -0.05905116    0.98265552  0.00000000

     Dynamical  Matrix in cartesian axes

     q = (    0.500000000  -0.500000000   0.000000000 ) 

    1    1
  0.95707361  0.00000000   -0.13253504  0.00000000    0.00000000  0.05905116
 -0.13253504  0.00000000    0.95707361  0.00000000   -0.00000000 -0.05905116
  0.00000000 -0.05905116    0.00000000  0.05905116    0.98265552  0.00000000
    1    2
 -0.00000000 -0.38879274   -0.00000000 -0.07721074    0.09878517  0.00000000
  0.00000000 -0.07721074   -0.00000000 -0.38879274   -0.09878517  0.00000000
  0.09878517  0.00000000   -0.09878517  0.00000000   -0.00000000 -0.41490817
    2    1
 -0.00000000  0.38879274   -0.00000000  0.07721074    0.09878517  0.00000000
  0.00000000  0.07721074   -0.00000000  0.38879274   -0.09878517  0.00000000
  0.09878517 -0.00000000   -0.09878517  0.00000000   -0.00000000  0.41490817
    2    2
  0.95707361  0.00000000   -0.13253504  0.00000000    0.00000000 -0.05905116
 -0.13253504  0.00000000    0.95707361  0.00000000    0.00000000  0.05905116
  0.00000000  0.05905116    0.00000000 -0.05905116    0.98265552  0.00000000

     Dynamical  Matrix in cartesian axes

     q = (   -0.500000000  -0.500000000   0.000000000 ) 

    1    1
  0.95707361  0.00000000    0.13253504  0.00000000    0.00000000  0.05905116
  0.13253504  0.00000000    0.95707361  0.00000000    0.00000000  0.05905116
 -0.00000000 -0.05905116   -0.00000000 -0.05905116    0.98265552  0.00000000
    1    2
 -0.38879274  0.00000000    0.07721074  0.00000000    0.00000000 -0.09878517
  0.07721074  0.00000000   -0.38879274  0.00000000    0.00000000 -0.09878517
  0.00000000 -0.09878517    0.00000000 -0.09878517   -0.41490817  0.00000000
    2    1
 -0.38879274  0.00000000    0.07721074  0.00000000    0.00000000  0.09878517
  0.07721074  0.00000000   -0.38879274  0.00000000    0.00000000  0.09878517
  0.00000000  0.09878517    0.00000000  0.09878517   -0.41490817  0.00000000
    2    2
  0.95707361  0.00000000    0.13253504  0.00000000    0.00000000 -0.05905116
  0.13253504  0.00000000    0.95707361  0.00000000    0.00000000 -0.05905116
 -0.00000000  0.05905116   -0.00000000  0.05905116    0.98265552  0.00000000

     Dynamical  Matrix in cartesian axes

     q = (    0.000000000  -0.500000000   0.500000000 ) 

    1    1
  0.98265552  0.00000000    0.00000000  0.05905116   -0.00000000 -0.05905116
  0.00000000 -0.05905116    0.95707361  0.00000000   -0.13253504  0.00000000
  0.00000000  0.05905116   -0.13253504  0.00000000    0.95707361  0.00000000
    1    2
 -0.41490817  0.00000000    0.00000000  0.09878517    0.00000000 -0.09878517
 -0.00000000  0.09878517   -0.38879274  0.00000000   -0.07721074  0.00000000
  0.00000000 -0.09878517   -0.07721074  0.00000000   -0.38879274  0.00000000
    2    1
 -0.41490817  0.00000000    0.00000000 -0.09878517    0.00000000  0.09878517
 -0.00000000 -0.09878517   -0.38879274  0.00000000   -0.07721074  0.00000000
 -0.00000000  0.09878517   -0.07721074  0.00000000   -0.38879274  0.00000000
    2    2
  0.98265552  0.00000000    0.00000000 -0.05905116    0.00000000  0.05905116
 -0.00000000  0.05905116    0.95707361  0.00000000   -0.13253504  0.00000000
  0.00000000 -0.05905116   -0.13253504  0.00000000    0.95707361  0.00000000

     Diagonalizing the dynamical matrix

     q = (    0.500000000   0.000000000   0.500000000 ) 

 **************************************************************************
     freq (    1) =      18.827456 [THz] =     628.016347 [cm-1]
 (  0.500000 -0.000000 -0.000000  0.000000 -0.500000  0.000000 ) 
 (  0.500000 -0.000000 -0.000000 -0.000000 -0.500000  0.000000 ) 
     freq (    2) =      23.613266 [THz] =     787.653783 [cm-1]
 (  0.033484  0.000000  0.000000  0.705519  0.033484 -0.000000 ) 
 ( -0.033484  0.000000  0.000000  0.705519 -0.033484  0.000000 ) 
     freq (    3) =      26.419385 [THz] =     881.255809 [cm-1]
 ( -0.475829  0.000000  0.000000  0.217193 -0.475829  0.000000 ) 
 ( -0.475829  0.000000  0.000000 -0.217193 -0.475829  0.000000 ) 
     freq (    4) =      35.720037 [THz] =    1191.492190 [cm-1]
 (  0.500000 -0.000000 -0.000000 -0.000000 -0.500000  0.000000 ) 
 ( -0.500000  0.000000  0.000000  0.000000  0.500000  0.000000 ) 
     freq (    5) =      37.269892 [THz] =    1243.189794 [cm-1]
 ( -0.498878  0.000000 -0.000000  0.047353 -0.498878  0.000000 ) 
 (  0.498878 -0.000000  0.000000  0.047353  0.498878  0.000000 ) 
     freq (    6) =      38.117692 [THz] =    1271.469350 [cm-1]
 (  0.153578 -0.000000  0.000000  0.672925  0.153578 -0.000000 ) 
 (  0.153578 -0.000000 -0.000000 -0.672925  0.153578  0.000000 ) 
 **************************************************************************
