Dynamical matrix file
this is a comment line                                                     
  1    2  2  6.6640700  0.0000000  0.0000000  0.0000000  0.0000000  0.0000000
           1  'C   '    10947.083358978085     
    1    1      0.0000000000      0.0000000000      0.0000000000
    2    1     -0.2500000000      0.2500000000      0.2500000000

     Dynamical  Matrix in cartesian axes

     q = (    0.000000000  -1.000000000   0.000000000 ) 

    1    1
  0.83957523  0.00000000    0.00000000  0.00000000    0.00000000  0.00000000
  0.00000000  0.00000000    1.36915721  0.00000000    0.00000000  0.00000000
  0.00000000  0.00000000    0.00000000  0.00000000    0.83957523  0.00000000
    1    2
 -0.00000000  0.00000000   -0.00000000  0.00000000    0.26436830 -0.00000000
  0.00000000 -0.00000000   -0.00000000 -0.00000000    0.00000000 -0.00000000
  0.26436830 -0.00000000    0.00000000 -0.00000000    0.00000000  0.00000000
    2    1
  0.00000000 -0.00000000    0.00000000 -0.00000000    0.26436830  0.00000000
  0.00000000  0.00000000   -0.00000000  0.00000000   -0.00000000 -0.00000000
  0.26436830  0.00000000    0.00000000 -0.00000000   -0.00000000  0.00000000
    2    2
  0.83957523  0.00000000   -0.00000000  0.00000000    0.00000000  0.00000000
 -0.00000000  0.00000000    1.36915721  0.00000000    0.00000000  0.00000000
  0.00000000  0.00000000   -0.00000000  0.00000000    0.83957523  0.00000000

     Dynamical  Matrix in cartesian axes

     q = (   -1.000000000   0.000000000   0.000000000 ) 

    1    1
  1.36915721  0.00000000    0.00000000  0.00000000   -0.00000000  0.00000000
 -0.00000000  0.00000000    0.83957523  0.00000000   -0.00000000  0.00000000
  0.00000000  0.00000000   -0.00000000  0.00000000    0.83957523  0.00000000
    1    2
 -0.00000000 -0.00000000   -0.00000000  0.00000000    0.00000000 -0.00000000
 -0.00000000  0.00000000   -0.00000000 -0.00000000   -0.26436830 -0.00000000
 -0.00000000 -0.00000000   -0.26436830 -0.00000000    0.00000000 -0.00000000
    2    1
  0.00000000 -0.00000000   -0.00000000  0.00000000   -0.00000000 -0.00000000
 -0.00000000 -0.00000000   -0.00000000  0.00000000   -0.26436830  0.00000000
 -0.00000000  0.00000000   -0.26436830  0.00000000   -0.00000000  0.00000000
    2    2
  1.36915721  0.00000000    0.00000000  0.00000000   -0.00000000  0.00000000
  0.00000000  0.00000000    0.83957523  0.00000000   -0.00000000  0.00000000
  0.00000000  0.00000000   -0.00000000  0.00000000    0.83957523  0.00000000

     Dynamical  Matrix in cartesian axes

     q = (    0.000000000   0.000000000  -1.000000000 ) 

    1    1
  0.83957523  0.00000000    0.00000000  0.00000000    0.00000000  0.00000000
  0.00000000  0.00000000    0.83957523  0.00000000    0.00000000  0.00000000
  0.00000000  0.00000000   -0.00000000  0.00000000    1.36915721  0.00000000
    1    2
  0.00000000  0.00000000    0.26436830 -0.00000000    0.00000000  0.00000000
  0.26436830 -0.00000000   -0.00000000  0.00000000    0.00000000  0.00000000
 -0.00000000  0.00000000    0.00000000  0.00000000   -0.00000000  0.00000000
    2    1
 -0.00000000 -0.00000000    0.26436830  0.00000000   -0.00000000  0.00000000
  0.26436830  0.00000000    0.00000000  0.00000000    0.00000000  0.00000000
 -0.00000000 -0.00000000    0.00000000  0.00000000    0.00000000  0.00000000
    2    2
  0.83957523  0.00000000    0.00000000  0.00000000   -0.00000000  0.00000000
  0.00000000  0.00000000    0.83957523  0.00000000   -0.00000000  0.00000000
  0.00000000  0.00000000    0.00000000  0.00000000    1.36915721  0.00000000

     Diagonalizing the dynamical matrix

     q = (    0.000000000  -1.000000000   0.000000000 ) 

 **************************************************************************
     freq (    1) =      23.847226 [THz] =     795.457852 [cm-1]
 (  0.629376  0.000000  0.000000  0.000000  0.322312  0.000000 ) 
 ( -0.322312  0.000000 -0.000000  0.000000 -0.629376  0.000000 ) 
     freq (    2) =      23.847226 [THz] =     795.457852 [cm-1]
 (  0.322312  0.000000 -0.000000  0.000000 -0.629376  0.000000 ) 
 (  0.629376  0.000000 -0.000000  0.000000 -0.322312  0.000000 ) 
     freq (    3) =      33.036897 [THz] =    1101.992275 [cm-1]
 (  0.623341  0.000000 -0.000000  0.000000  0.333835  0.000000 ) 
 (  0.333835  0.000000  0.000000  0.000000  0.623341  0.000000 ) 
     freq (    4) =      33.036897 [THz] =    1101.992275 [cm-1]
 ( -0.333835  0.000000  0.000000  0.000000  0.623341  0.000000 ) 
 (  0.623341  0.000000  0.000000  0.000000 -0.333835  0.000000 ) 
     freq (    5) =      36.791923 [THz] =    1227.246436 [cm-1]
 ( -0.000000  0.000000  0.098769  0.000000  0.000000  0.000000 ) 
 (  0.000000  0.000000 -0.995110  0.000000  0.000000  0.000000 ) 
     freq (    6) =      36.791923 [THz] =    1227.246436 [cm-1]
 (  0.000000  0.000000  0.995110  0.000000 -0.000000  0.000000 ) 
 (  0.000000  0.000000  0.098769  0.000000  0.000000  0.000000 ) 
 **************************************************************************
