Dynamical matrix file
this is a comment line                                                     
  1    2  2  6.6640700  0.0000000  0.0000000  0.0000000  0.0000000  0.0000000
           1  'C   '    10947.083358978085     
    1    1      0.0000000000      0.0000000000      0.0000000000
    2    1     -0.2500000000      0.2500000000      0.2500000000

     Dynamical  Matrix in cartesian axes

     q = (   -0.500000000  -1.000000000   0.000000000 ) 

    1    1
  0.87115504  0.00000000   -0.00000000  0.00000000   -0.00000000  0.00000000
 -0.00000000 -0.00000000    1.07853899 -0.00000000   -0.00000000  0.13213676
 -0.00000000  0.00000000    0.00000000 -0.13213676    1.07853899  0.00000000
    1    2
  0.00000000  0.00000000    0.09272820  0.09272820    0.09272820 -0.09272820
  0.09272820  0.09272820    0.00000000  0.00000000    0.00000000  0.00000000
  0.09272820 -0.09272820   -0.00000000  0.00000000    0.00000000  0.00000000
    2    1
 -0.00000000 -0.00000000    0.09272820 -0.09272820    0.09272820  0.09272820
  0.09272820 -0.09272820    0.00000000  0.00000000    0.00000000 -0.00000000
  0.09272820  0.09272820    0.00000000 -0.00000000   -0.00000000  0.00000000
    2    2
  0.87115504 -0.00000000   -0.00000000 -0.00000000    0.00000000 -0.00000000
 -0.00000000 -0.00000000    1.07853899 -0.00000000    0.00000000 -0.13213676
  0.00000000 -0.00000000   -0.00000000  0.13213676    1.07853899 -0.00000000

     Dynamical  Matrix in cartesian axes

     q = (    0.000000000   1.000000000   0.500000000 ) 

    1    1
  1.07853899  0.00000000   -0.00000000  0.13213676   -0.00000000  0.00000000
  0.00000000 -0.13213676    1.07853899 -0.00000000    0.00000000  0.00000000
 -0.00000000  0.00000000    0.00000000  0.00000000    0.87115504  0.00000000
    1    2
  0.00000000  0.00000000    0.00000000 -0.00000000    0.09272820 -0.09272820
  0.00000000  0.00000000    0.00000000 -0.00000000   -0.09272820 -0.09272820
  0.09272820 -0.09272820   -0.09272820 -0.09272820   -0.00000000 -0.00000000
    2    1
  0.00000000 -0.00000000    0.00000000  0.00000000    0.09272820  0.09272820
 -0.00000000 -0.00000000   -0.00000000  0.00000000   -0.09272820  0.09272820
  0.09272820  0.09272820   -0.09272820  0.09272820   -0.00000000  0.00000000
    2    2
  1.07853899  0.00000000    0.00000000 -0.13213676   -0.00000000  0.00000000
 -0.00000000  0.13213676    1.07853899 -0.00000000    0.00000000  0.00000000
 -0.00000000 -0.00000000    0.00000000  0.00000000    0.87115504 -0.00000000

     Dynamical  Matrix in cartesian axes

     q = (    0.000000000  -1.000000000  -0.500000000 ) 

    1    1
  1.07853899 -0.00000000    0.00000000 -0.13213676   -0.00000000 -0.00000000
  0.00000000  0.13213676    1.07853899 -0.00000000    0.00000000  0.00000000
 -0.00000000 -0.00000000    0.00000000  0.00000000    0.87115504 -0.00000000
    1    2
  0.00000000 -0.00000000    0.00000000 -0.00000000    0.09272820  0.09272820
  0.00000000 -0.00000000    0.00000000 -0.00000000   -0.09272820  0.09272820
  0.09272820  0.09272820   -0.09272820  0.09272820    0.00000000 -0.00000000
    2    1
  0.00000000  0.00000000    0.00000000  0.00000000    0.09272820 -0.09272820
  0.00000000  0.00000000    0.00000000  0.00000000   -0.09272820 -0.09272820
  0.09272820 -0.09272820   -0.09272820 -0.09272820   -0.00000000  0.00000000
    2    2
  1.07853899  0.00000000   -0.00000000  0.13213676   -0.00000000  0.00000000
  0.00000000 -0.13213676    1.07853899  0.00000000    0.00000000 -0.00000000
 -0.00000000  0.00000000    0.00000000 -0.00000000    0.87115504  0.00000000

     Dynamical  Matrix in cartesian axes

     q = (    0.500000000   1.000000000   0.000000000 ) 

    1    1
  0.87115504 -0.00000000   -0.00000000 -0.00000000    0.00000000  0.00000000
 -0.00000000 -0.00000000    1.07853899 -0.00000000    0.00000000 -0.13213676
  0.00000000 -0.00000000   -0.00000000  0.13213676    1.07853899  0.00000000
    1    2
 -0.00000000 -0.00000000    0.09272820 -0.09272820    0.09272820  0.09272820
  0.09272820 -0.09272820    0.00000000  0.00000000    0.00000000 -0.00000000
  0.09272820  0.09272820    0.00000000 -0.00000000    0.00000000  0.00000000
    2    1
  0.00000000  0.00000000    0.09272820  0.09272820    0.09272820 -0.09272820
  0.09272820  0.09272820    0.00000000  0.00000000    0.00000000  0.00000000
  0.09272820 -0.09272820   -0.00000000  0.00000000   -0.00000000  0.00000000
    2    2
  0.87115504  0.00000000   -0.00000000 -0.00000000   -0.00000000  0.00000000
 -0.00000000 -0.00000000    1.07853899 -0.00000000   -0.00000000  0.13213676
 -0.00000000 -0.00000000    0.00000000 -0.13213676    1.07853899 -0.00000000

     Dynamical  Matrix in cartesian axes

     q = (   -1.000000000  -0.500000000   0.000000000 ) 

    1    1
  1.07853899  0.00000000   -0.00000000  0.00000000   -0.00000000  0.13213676
 -0.00000000 -0.00000000    0.87115504  0.00000000    0.00000000 -0.00000000
  0.00000000 -0.13213676    0.00000000 -0.00000000    1.07853899  0.00000000
    1    2
  0.00000000  0.00000000    0.09272820 -0.09272820    0.00000000  0.00000000
  0.09272820 -0.09272820    0.00000000  0.00000000   -0.09272820 -0.09272820
  0.00000000  0.00000000   -0.09272820 -0.09272820    0.00000000  0.00000000
    2    1
  0.00000000  0.00000000    0.09272820  0.09272820   -0.00000000  0.00000000
  0.09272820  0.09272820    0.00000000  0.00000000   -0.09272820  0.09272820
  0.00000000  0.00000000   -0.09272820  0.09272820   -0.00000000  0.00000000
    2    2
  1.07853899 -0.00000000   -0.00000000 -0.00000000    0.00000000 -0.13213676
 -0.00000000  0.00000000    0.87115504  0.00000000    0.00000000  0.00000000
  0.00000000  0.13213676    0.00000000 -0.00000000    1.07853899  0.00000000

     Dynamical  Matrix in cartesian axes

     q = (    0.000000000  -0.500000000  -1.000000000 ) 

    1    1
  1.07853899  0.00000000   -0.00000000 -0.00000000    0.00000000 -0.13213676
 -0.00000000 -0.00000000    0.87115504 -0.00000000    0.00000000  0.00000000
  0.00000000  0.13213676    0.00000000  0.00000000    1.07853899 -0.00000000
    1    2
  0.00000000 -0.00000000    0.09272820  0.09272820    0.00000000 -0.00000000
  0.09272820  0.09272820    0.00000000  0.00000000   -0.09272820  0.09272820
  0.00000000 -0.00000000   -0.09272820  0.09272820    0.00000000 -0.00000000
    2    1
 -0.00000000  0.00000000    0.09272820 -0.09272820    0.00000000  0.00000000
  0.09272820 -0.09272820   -0.00000000 -0.00000000   -0.09272820 -0.09272820
 -0.00000000  0.00000000   -0.09272820 -0.09272820    0.00000000  0.00000000
    2    2
  1.07853899  0.00000000   -0.00000000  0.00000000   -0.00000000  0.13213676
 -0.00000000 -0.00000000    0.87115504  0.00000000    0.00000000 -0.00000000
 -0.00000000 -0.13213676    0.00000000 -0.00000000    1.07853899  0.00000000

     Diagonalizing the dynamical matrix

     q = (   -0.500000000  -1.000000000   0.000000000 ) 

 **************************************************************************
     freq (    1) =      27.938319 [THz] =     931.922015 [cm-1]
 ( -0.548522  0.548522  0.088534  0.122579  0.122579 -0.088534 ) 
 ( -0.479449 -0.077317 -0.000000 -0.241527  0.241527 -0.000000 ) 
     freq (    2) =      27.938319 [THz] =     931.922015 [cm-1]
 (  0.343402 -0.343402  0.141417  0.195797  0.195797 -0.141417 ) 
 ( -0.765833 -0.123500 -0.000000  0.151208 -0.151208  0.000000 ) 
     freq (    3) =      30.588889 [THz] =    1020.335504 [cm-1]
 ( -0.000000  0.000000 -0.157646  0.630584 -0.630584 -0.157646 ) 
 (  0.000000 -0.000000  0.000000 -0.278408 -0.278408  0.000000 ) 
     freq (    4) =      30.588889 [THz] =    1020.335504 [cm-1]
 ( -0.000000  0.000000  0.067524 -0.270096  0.270096  0.067524 ) 
 (  0.000000  0.000000 -0.000000 -0.649991 -0.649991  0.000000 ) 
     freq (    5) =      35.744865 [THz] =    1192.320340 [cm-1]
 ( -0.000000  0.000000 -0.303090  0.571784  0.571784  0.303090 ) 
 (  0.118312  0.385228  0.000000  0.000000 -0.000000  0.000000 ) 
     freq (    6) =      35.744865 [THz] =    1192.320340 [cm-1]
 (  0.284955 -0.284955 -0.000000  0.000000  0.000000  0.000000 ) 
 (  0.000000  0.000000 -0.000000 -0.647148  0.647148  0.000000 ) 
 **************************************************************************
