# energy grid [eV]  eels components [arbitrary units]
#
    0.200000000    0.000000000    0.000000000    0.000000000
    0.207178631    0.000000000    0.000000000    0.000000000
    0.214357262    0.000000000    0.000000000    0.000000000
    0.221535893    0.000000000    0.000000000    0.000000000
    0.228714524    0.000000000    0.000000000    0.000000000
    0.235893155    0.000000000    0.000000000    0.000000000
    0.243071786    0.000000000    0.000000000    0.000000000
    0.250250417    0.000000000    0.000000000    0.000000000
    0.257429048    0.000000000    0.000000000    0.000000000
    0.264607679    0.000000000    0.000000000    0.000000000
    0.271786311    0.000000000    0.000000000    0.000000000
    0.278964942    0.000000000    0.000000000    0.000000000
    0.286143573    0.000000000    0.000000000    0.000000000
    0.293322204    0.000000000    0.000000000    0.000000000
    0.300500835    0.000000000    0.000000000    0.000000000
    0.307679466    0.000000000    0.000000000    0.000000000
    0.314858097    0.000000000    0.000000000    0.000000000
    0.322036728    0.000000000    0.000000000    0.000000000
    0.329215359    0.000000000    0.000000000    0.000000000
    0.336393990    0.000000000    0.000000000    0.000000000
    0.343572621    0.000000000    0.000000000    0.000000000
    0.350751252    0.000000000    0.000000000    0.000000000
    0.357929883    0.000000000    0.000000000    0.000000000
    0.365108514    0.000000000    0.000000000    0.000000000
    0.372287145    0.000000000    0.000000000    0.000000000
    0.379465776    0.000000000    0.000000000    0.000000000
    0.386644407    0.000000000    0.000000000    0.000000000
    0.393823038    0.000000000    0.000000000    0.000000000
    0.401001669    0.000000000    0.000000000    0.000000000
    0.408180301    0.000000000    0.000000000    0.000000000
    0.415358932    0.000000000    0.000000000    0.000000000
    0.422537563    0.000000000    0.000000000    0.000000000
    0.429716194    0.000000000    0.000000000    0.000000000
    0.436894825    0.000000000    0.000000000    0.000000000
    0.444073456    0.000000000    0.000000000    0.000000000
    0.451252087    0.000000000    0.000000000    0.000000000
    0.458430718    0.000000000    0.000000000    0.000000000
    0.465609349    0.000000000    0.000000000    0.000000000
    0.472787980    0.000000000    0.000000000    0.000000000
    0.479966611    0.000000000    0.000000000    0.000000000
    0.487145242    0.000000000    0.000000000    0.000000000
    0.494323873    0.000000000    0.000000000    0.000000000
    0.501502504    0.000000000    0.000000000    0.000000000
    0.508681135    0.000000000    0.000000000    0.000000000
    0.515859766    0.000000000    0.000000000    0.000000000
    0.523038397    0.000000000    0.000000000    0.000000000
    0.530217028    0.000000000    0.000000000    0.000000000
    0.537395659    0.000000000    0.000000000    0.000000000
    0.544574290    0.000000000    0.000000000    0.000000000
    0.551752922    0.000000000    0.000000000    0.000000000
    0.558931553    0.000000000    0.000000000    0.000000000
    0.566110184    0.000000000    0.000000000    0.000000000
    0.573288815    0.000000000    0.000000000    0.000000000
    0.580467446    0.000000000    0.000000000    0.000000000
    0.587646077    0.000000000    0.000000000    0.000000000
    0.594824708    0.000000000    0.000000000    0.000000000
    0.602003339    0.000000000    0.000000000    0.000000000
    0.609181970    0.000000000    0.000000000    0.000000000
    0.616360601    0.000000000    0.000000000    0.000000000
    0.623539232    0.000000000    0.000000000    0.000000000
    0.630717863    0.000000000    0.000000000    0.000000000
    0.637896494    0.000000000    0.000000000    0.000000000
    0.645075125    0.000000000    0.000000000    0.000000000
    0.652253756    0.000000000    0.000000000    0.000000000
    0.659432387    0.000000000    0.000000000    0.000000000
    0.666611018    0.000000000    0.000000000    0.000000000
    0.673789649    0.000000000    0.000000000    0.000000000
    0.680968280    0.000000000    0.000000000    0.000000000
    0.688146912    0.000000000    0.000000000    0.000000000
    0.695325543    0.000000000    0.000000000    0.000000000
    0.702504174    0.000000000    0.000000000    0.000000000
    0.709682805    0.000000000    0.000000000    0.000000000
    0.716861436    0.000000000    0.000000000    0.000000000
    0.724040067    0.000000000    0.000000000    0.000000000
    0.731218698    0.000000000    0.000000000    0.000000000
    0.738397329    0.000000000    0.000000000    0.000000000
    0.745575960    0.000000000    0.000000000    0.000000000
    0.752754591    0.000000000    0.000000000    0.000000000
    0.759933222    0.000000000    0.000000000    0.000000000
    0.767111853    0.000000000    0.000000000    0.000000000
    0.774290484    0.000000000    0.000000000    0.000000000
    0.781469115    0.000000000    0.000000000    0.000000000
    0.788647746    0.000000000    0.000000000    0.000000000
    0.795826377    0.000000000    0.000000000    0.000000000
    0.803005008    0.000000000    0.000000000    0.000000000
    0.810183639    0.000000000    0.000000000    0.000000000
    0.817362270    0.000000000    0.000000000    0.000000000
    0.824540902    0.000000000    0.000000000    0.000000000
    0.831719533    0.000000000    0.000000000    0.000000000
    0.838898164    0.000000000    0.000000000    0.000000000
    0.846076795    0.000000000    0.000000000    0.000000000
    0.853255426    0.000000000    0.000000000    0.000000000
    0.860434057    0.000000000    0.000000000    0.000000000
    0.867612688    0.000000000    0.000000000    0.000000000
    0.874791319    0.000000000    0.000000000    0.000000000
    0.881969950    0.000000000    0.000000000    0.000000000
    0.889148581    0.000000000    0.000000000    0.000000000
    0.896327212    0.000000000    0.000000000    0.000000000
    0.903505843    0.000000000    0.000000000    0.000000000
    0.910684474    0.000000000    0.000000000    0.000000000
    0.917863105    0.000000000    0.000000000    0.000000000
    0.925041736    0.000000000    0.000000000    0.000000000
    0.932220367    0.000000000    0.000000000    0.000000000
    0.939398998    0.000000000    0.000000000    0.000000000
    0.946577629    0.000000000    0.000000000    0.000000000
    0.953756260    0.000000000    0.000000000    0.000000000
    0.960934891    0.000000000    0.000000000    0.000000000
    0.968113523    0.000000000    0.000000000    0.000000000
    0.975292154    0.000000000    0.000000000    0.000000000
    0.982470785    0.000000000    0.000000000    0.000000000
    0.989649416    0.000000000    0.000000000    0.000000000
    0.996828047    0.000000000    0.000000000    0.000000000
    1.004006678    0.000000000    0.000000000    0.000000000
    1.011185309    0.000000000    0.000000000    0.000000000
    1.018363940    0.000000000    0.000000000    0.000000000
    1.025542571    0.000000000    0.000000000    0.000000000
    1.032721202    0.000000000    0.000000000    0.000000000
    1.039899833    0.000000000    0.000000000    0.000000000
    1.047078464    0.000000000    0.000000000    0.000000000
    1.054257095    0.000000000    0.000000000    0.000000000
    1.061435726    0.000000000    0.000000000    0.000000000
    1.068614357    0.000000000    0.000000000    0.000000000
    1.075792988    0.000000000    0.000000000    0.000000000
    1.082971619    0.000000000    0.000000000    0.000000000
    1.090150250    0.000000000    0.000000000    0.000000000
    1.097328881    0.000000000    0.000000000    0.000000000
    1.104507513    0.000000000    0.000000000    0.000000000
    1.111686144    0.000000000    0.000000000    0.000000000
    1.118864775    0.000000000    0.000000000    0.000000000
    1.126043406    0.000000000    0.000000000    0.000000000
    1.133222037    0.000000000    0.000000000    0.000000000
    1.140400668    0.000000000    0.000000000    0.000000000
    1.147579299    0.000000000    0.000000000    0.000000000
    1.154757930    0.000000000    0.000000000    0.000000000
    1.161936561    0.000000000    0.000000000    0.000000000
    1.169115192    0.000000000    0.000000000    0.000000000
    1.176293823    0.000000000    0.000000000    0.000000000
    1.183472454    0.000000000    0.000000000    0.000000000
    1.190651085    0.000000000    0.000000000    0.000000000
    1.197829716    0.000000000    0.000000000    0.000000000
    1.205008347    0.000000000    0.000000000    0.000000000
    1.212186978    0.000000000    0.000000000    0.000000000
    1.219365609    0.000000000    0.000000000    0.000000000
    1.226544240    0.000000000    0.000000000    0.000000000
    1.233722871    0.000000000    0.000000000    0.000000000
    1.240901503    0.000000000    0.000000000    0.000000000
    1.248080134    0.000000000    0.000000000    0.000000000
    1.255258765    0.000000000    0.000000000    0.000000000
    1.262437396    0.000000000    0.000000000    0.000000000
    1.269616027    0.000000000    0.000000000    0.000000000
    1.276794658    0.000000000    0.000000000    0.000000000
    1.283973289    0.000000000    0.000000000    0.000000000
    1.291151920    0.000000000    0.000000000    0.000000000
    1.298330551    0.000000000    0.000000000    0.000000000
    1.305509182    0.000000000    0.000000000    0.000000000
    1.312687813    0.000000000    0.000000000    0.000000000
    1.319866444    0.000000000    0.000000000    0.000000000
    1.327045075    0.000000000    0.000000000    0.000000000
    1.334223706    0.000000000    0.000000000    0.000000000
    1.341402337    0.000000000    0.000000000    0.000000000
    1.348580968    0.000000000    0.000000000    0.000000000
    1.355759599    0.000000000    0.000000000    0.000000000
    1.362938230    0.000000000    0.000000000    0.000000000
    1.370116861    0.000000000    0.000000000    0.000000000
    1.377295492    0.000000000    0.000000000    0.000000000
    1.384474124    0.000000000    0.000000000    0.000000000
    1.391652755    0.000000000    0.000000000    0.000000000
    1.398831386    0.000000000    0.000000000    0.000000000
    1.406010017    0.000000000    0.000000000    0.000000000
    1.413188648    0.000000000    0.000000000    0.000000000
    1.420367279    0.000000000    0.000000000    0.000000000
    1.427545910    0.000000000    0.000000000    0.000000000
    1.434724541    0.000000000    0.000000000    0.000000000
    1.441903172    0.000000000    0.000000000    0.000000000
    1.449081803    0.000000000    0.000000000    0.000000000
    1.456260434    0.000000000    0.000000000    0.000000000
    1.463439065    0.000000000    0.000000000    0.000000000
    1.470617696    0.000000000    0.000000000    0.000000000
    1.477796327    0.000000000    0.000000000    0.000000000
    1.484974958    0.000000000    0.000000000    0.000000000
    1.492153589    0.000000000    0.000000000    0.000000000
    1.499332220    0.000000000    0.000000000    0.000000000
    1.506510851    0.000000000    0.000000000    0.000000000
    1.513689482    0.000000000    0.000000000    0.000000000
    1.520868114    0.000000000    0.000000000    0.000000000
    1.528046745    0.000000000    0.000000000    0.000000000
    1.535225376    0.000000000    0.000000000    0.000000000
    1.542404007    0.000000000    0.000000000    0.000000000
    1.549582638    0.000000000    0.000000000    0.000000000
    1.556761269    0.000000000    0.000000000    0.000000000
    1.563939900    0.000000000    0.000000000    0.000000000
    1.571118531    0.000000000    0.000000000    0.000000000
    1.578297162    0.000000000    0.000000000    0.000000000
    1.585475793    0.000000000    0.000000000    0.000000000
    1.592654424    0.000000000    0.000000000    0.000000000
    1.599833055    0.000000001    0.000000000    0.000000001
    1.607011686    0.000000001    0.000000000    0.000000001
    1.614190317    0.000000001    0.000000001    0.000000001
    1.621368948    0.000000001    0.000000001    0.000000001
    1.628547579    0.000000001    0.000000001    0.000000001
    1.635726210    0.000000001    0.000000001    0.000000001
    1.642904841    0.000000001    0.000000001    0.000000001
    1.650083472    0.000000001    0.000000001    0.000000001
    1.657262104    0.000000001    0.000000001    0.000000001
    1.664440735    0.000000001    0.000000001    0.000000001
    1.671619366    0.000000001    0.000000000    0.000000001
    1.678797997    0.000000001    0.000000001    0.000000001
    1.685976628    0.000000001    0.000000001    0.000000001
    1.693155259    0.000000001    0.000000001    0.000000001
    1.700333890    0.000000001    0.000000001    0.000000001
    1.707512521    0.000000001    0.000000001    0.000000001
    1.714691152    0.000000001    0.000000001    0.000000001
    1.721869783    0.000000001    0.000000001    0.000000001
    1.729048414    0.000000001    0.000000001    0.000000001
    1.736227045    0.000000001    0.000000001    0.000000001
    1.743405676    0.000000001    0.000000001    0.000000001
    1.750584307    0.000000001    0.000000001    0.000000001
    1.757762938    0.000000001    0.000000001    0.000000001
    1.764941569    0.000000002    0.000000001    0.000000001
    1.772120200    0.000000002    0.000000001    0.000000001
    1.779298831    0.000000002    0.000000002    0.000000002
    1.786477462    0.000000002    0.000000002    0.000000002
    1.793656093    0.000000002    0.000000002    0.000000002
    1.800834725    0.000000002    0.000000002    0.000000002
    1.808013356    0.000000001    0.000000002    0.000000001
    1.815191987    0.000000001    0.000000001    0.000000001
    1.822370618    0.000000001    0.000000001    0.000000001
    1.829549249    0.000000001    0.000000001    0.000000001
    1.836727880    0.000000001    0.000000001    0.000000001
    1.843906511    0.000000001    0.000000001    0.000000001
    1.851085142    0.000000001    0.000000001    0.000000001
    1.858263773    0.000000001    0.000000000    0.000000001
    1.865442404    0.000000001    0.000000000    0.000000000
    1.872621035    0.000000001    0.000000000    0.000000000
    1.879799666    0.000000000    0.000000000    0.000000000
    1.886978297    0.000000000    0.000000000    0.000000000
    1.894156928    0.000000000    0.000000000    0.000000000
    1.901335559    0.000000000    0.000000000    0.000000000
    1.908514190    0.000000000    0.000000000    0.000000000
    1.915692821    0.000000000    0.000000000    0.000000000
    1.922871452    0.000000000    0.000000000    0.000000000
    1.930050083    0.000000000    0.000000001    0.000000001
    1.937228715    0.000000000    0.000000001    0.000000001
    1.944407346    0.000000001    0.000000001    0.000000001
    1.951585977    0.000000001    0.000000001    0.000000001
    1.958764608    0.000000001    0.000000001    0.000000001
    1.965943239    0.000000001    0.000000001    0.000000001
    1.973121870    0.000000001    0.000000001    0.000000001
    1.980300501    0.000000001    0.000000001    0.000000001
    1.987479132    0.000000001    0.000000001    0.000000001
    1.994657763    0.000000001    0.000000001    0.000000001
    2.001836394    0.000000001    0.000000001    0.000000001
    2.009015025    0.000000001    0.000000001    0.000000001
    2.016193656    0.000000001    0.000000001    0.000000001
    2.023372287    0.000000001    0.000000001    0.000000001
    2.030550918    0.000000000    0.000000001    0.000000001
    2.037729549    0.000000000    0.000000001    0.000000001
    2.044908180    0.000000000    0.000000001    0.000000001
    2.052086811    0.000000000    0.000000001    0.000000001
    2.059265442    0.000000001    0.000000001    0.000000001
    2.066444073    0.000000001    0.000000001    0.000000001
    2.073622705    0.000000001    0.000000001    0.000000001
    2.080801336    0.000000001    0.000000001    0.000000001
    2.087979967    0.000000001    0.000000001    0.000000001
    2.095158598    0.000000001    0.000000001    0.000000001
    2.102337229    0.000000001    0.000000001    0.000000001
    2.109515860    0.000000001    0.000000001    0.000000002
    2.116694491    0.000000001    0.000000001    0.000000002
    2.123873122    0.000000001    0.000000001    0.000000002
    2.131051753    0.000000001    0.000000001    0.000000002
    2.138230384    0.000000001    0.000000001    0.000000002
    2.145409015    0.000000001    0.000000001    0.000000001
    2.152587646    0.000000001    0.000000001    0.000000001
    2.159766277    0.000000001    0.000000001    0.000000001
    2.166944908    0.000000001    0.000000001    0.000000001
    2.174123539    0.000000001    0.000000001    0.000000001
    2.181302170    0.000000001    0.000000001    0.000000001
    2.188480801    0.000000001    0.000000001    0.000000001
    2.195659432    0.000000001    0.000000001    0.000000001
    2.202838063    0.000000001    0.000000001    0.000000001
    2.210016694    0.000000001    0.000000001    0.000000001
    2.217195326    0.000000001    0.000000001    0.000000001
    2.224373957    0.000000001    0.000000001    0.000000001
    2.231552588    0.000000001    0.000000001    0.000000001
    2.238731219    0.000000001    0.000000001    0.000000001
    2.245909850    0.000000001    0.000000001    0.000000001
    2.253088481    0.000000001    0.000000001    0.000000001
    2.260267112    0.000000001    0.000000001    0.000000001
    2.267445743    0.000000001    0.000000001    0.000000001
    2.274624374    0.000000001    0.000000001    0.000000001
    2.281803005    0.000000001    0.000000001    0.000000001
    2.288981636    0.000000001    0.000000001    0.000000001
    2.296160267    0.000000001    0.000000001    0.000000001
    2.303338898    0.000000001    0.000000001    0.000000001
    2.310517529    0.000000001    0.000000001    0.000000001
    2.317696160    0.000000001    0.000000001    0.000000001
    2.324874791    0.000000001    0.000000001    0.000000001
    2.332053422    0.000000001    0.000000001    0.000000001
    2.339232053    0.000000001    0.000000001    0.000000001
    2.346410684    0.000000001    0.000000001    0.000000001
    2.353589316    0.000000001    0.000000001    0.000000001
    2.360767947    0.000000001    0.000000001    0.000000001
    2.367946578    0.000000001    0.000000001    0.000000001
    2.375125209    0.000000001    0.000000001    0.000000001
    2.382303840    0.000000001    0.000000001    0.000000001
    2.389482471    0.000000002    0.000000001    0.000000001
    2.396661102    0.000000002    0.000000001    0.000000002
    2.403839733    0.000000002    0.000000001    0.000000002
    2.411018364    0.000000002    0.000000001    0.000000002
    2.418196995    0.000000002    0.000000001    0.000000002
    2.425375626    0.000000002    0.000000001    0.000000002
    2.432554257    0.000000002    0.000000001    0.000000002
    2.439732888    0.000000003    0.000000002    0.000000002
    2.446911519    0.000000003    0.000000002    0.000000002
    2.454090150    0.000000003    0.000000002    0.000000002
    2.461268781    0.000000003    0.000000002    0.000000003
    2.468447412    0.000000003    0.000000002    0.000000003
    2.475626043    0.000000003    0.000000003    0.000000003
    2.482804674    0.000000003    0.000000003    0.000000003
    2.489983306    0.000000003    0.000000003    0.000000003
    2.497161937    0.000000003    0.000000004    0.000000003
    2.504340568    0.000000003    0.000000005    0.000000003
    2.511519199    0.000000003    0.000000005    0.000000003
    2.518697830    0.000000003    0.000000005    0.000000003
    2.525876461    0.000000003    0.000000006    0.000000004
    2.533055092    0.000000004    0.000000006    0.000000004
    2.540233723    0.000000005    0.000000010    0.000000005
    2.547412354    0.000000005    0.000000029    0.000000005
    2.554590985    0.000000006    0.000000120    0.000000008
    2.561769616    0.000000006    0.000000494    0.000000017
    2.568948247    0.000000006    0.000001855    0.000000049
    2.576126878    0.000000005    0.000006224    0.000000154
    2.583305509    0.000000005    0.000018616    0.000000455
    2.590484140    0.000000006    0.000049566    0.000001216
    2.597662771    0.000000008    0.000117425    0.000002905
    2.604841402    0.000000015    0.000247427    0.000006198
    2.612020033    0.000000033    0.000463589    0.000011816
    2.619198664    0.000000086    0.000772550    0.000020209
    2.626377295    0.000000235    0.001147495    0.000031331
    2.633555927    0.000000617    0.001532093    0.000045101
    2.640734558    0.000001496    0.001889564    0.000063262
    2.647913189    0.000003287    0.002276224    0.000092766
    2.655091820    0.000006488    0.002675659    0.000149128
    2.662270451    0.000011452    0.002859523    0.000256328
    2.669449082    0.000018046    0.002918536    0.000439706
    2.676627713    0.000025388    0.003024226    0.000709853
    2.683806344    0.000031976    0.003230777    0.001044276
    2.690984975    0.000036445    0.003639328    0.001384534
    2.698163606    0.000038950    0.004378011    0.001670355
    2.705342237    0.000043265    0.004836969    0.001901998
    2.712520868    0.000060319    0.004626378    0.002055065
    2.719699499    0.000113487    0.004309380    0.001963407
    2.726878130    0.000244564    0.004033824    0.001759578
    2.734056761    0.000514804    0.003557935    0.001719785
    2.741235392    0.000990256    0.003117187    0.002000807
    2.748414023    0.001702796    0.002979957    0.002626786
    2.755592654    0.002598804    0.003133230    0.003508602
    2.762771285    0.003535460    0.003402000    0.004549776
    2.769949917    0.004427454    0.003798144    0.005806440
    2.777128548    0.005592593    0.004369551    0.007260241
    2.784307179    0.007996741    0.005227895    0.009441707
    2.791485810    0.011598982    0.006497323    0.013340675
    2.798664441    0.013815603    0.008185581    0.018159779
    2.805843072    0.014764582    0.009718407    0.021447385
    2.813021703    0.016072211    0.011723034    0.023334552
    2.820200334    0.017142734    0.014856582    0.025110922
    2.827378965    0.017985571    0.018273954    0.023797470
    2.834557596    0.017662817    0.019244582    0.019175908
    2.841736227    0.015978273    0.017252687    0.013822729
    2.848914858    0.014255607    0.015862336    0.010328280
    2.856093489    0.013581093    0.015322394    0.008965176
    2.863272120    0.014042812    0.014272165    0.009445645
    2.870450751    0.015305416    0.013231819    0.010888341
    2.877629382    0.017351345    0.012509267    0.011531122
    2.884808013    0.019147798    0.013135752    0.011657482
    2.891986644    0.019495410    0.014527595    0.012462264
    2.899165275    0.020416245    0.014788870    0.014722079
    2.906343907    0.021286602    0.013453688    0.017135057
    2.913522538    0.020550821    0.012635942    0.018778378
    2.920701169    0.019963576    0.013374943    0.021931582
    2.927879800    0.019832275    0.014740847    0.025503809
    2.935058431    0.020493256    0.014880466    0.025087095
    2.942237062    0.022147129    0.013776368    0.020466156
    2.949415693    0.021637212    0.012545185    0.016616952
    2.956594324    0.020503597    0.012123039    0.014320222
    2.963772955    0.022157530    0.012920635    0.012936569
    2.970951586    0.026178197    0.014825918    0.013097928
    2.978130217    0.026210855    0.016037436    0.013426104
    2.985308848    0.020739619    0.015802756    0.012766941
    2.992487479    0.016126052    0.014902322    0.011866369
    2.999666110    0.013944234    0.013552837    0.010974894
    3.006844741    0.012263257    0.011932127    0.009986671
    3.014023372    0.010917310    0.010490755    0.009155552
    3.021202003    0.010587063    0.010054607    0.009121718
    3.028380634    0.012067745    0.011459018    0.010581206
    3.035559265    0.015288340    0.014460223    0.012911863
    3.042737896    0.018183448    0.017569236    0.014613465
    3.049916528    0.019989572    0.021123894    0.016524546
    3.057095159    0.020423156    0.026398225    0.017981348
    3.064273790    0.019122741    0.030177026    0.016963938
    3.071452421    0.016280319    0.027290869    0.014312701
    3.078631052    0.013607690    0.022318221    0.013046829
    3.085809683    0.012953067    0.020352165    0.013906826
    3.092988314    0.013579337    0.021807843    0.014713975
    3.100166945    0.013810462    0.023164325    0.014523064
    3.107345576    0.015046994    0.022311961    0.015677525
    3.114524207    0.017588092    0.021052051    0.019491751
    3.121702838    0.019161511    0.019121269    0.023760172
    3.128881469    0.018353678    0.015951270    0.025337558
    3.136060100    0.018037935    0.013706551    0.025227161
    3.143238731    0.021072178    0.013024240    0.025260381
    3.150417362    0.028309101    0.013324734    0.027335781
    3.157595993    0.035970553    0.014105845    0.032757679
    3.164774624    0.040880951    0.015489556    0.037057703
    3.171953255    0.041359915    0.018138228    0.038097021
    3.179131886    0.037278647    0.023440475    0.040488355
    3.186310518    0.032246871    0.029674911    0.045163227
    3.193489149    0.030070255    0.035854010    0.051406012
    3.200667780    0.027806955    0.042880457    0.057627044
    3.207846411    0.025467721    0.044944091    0.056336691
    3.215025042    0.023873582    0.036709932    0.044085231
    3.222203673    0.020626309    0.026747919    0.030649396
    3.229382304    0.017312840    0.020981465    0.021578758
    3.236560935    0.015864166    0.018178524    0.016066181
    3.243739566    0.015932592    0.017700476    0.012785357
    3.250918197    0.017754748    0.019439318    0.011070880
    3.258096828    0.019665700    0.022389051    0.010356006
    3.265275459    0.019580546    0.024182189    0.010623296
    3.272454090    0.019889609    0.025462390    0.011643450
    3.279632721    0.021132824    0.027266570    0.012717920
    3.286811352    0.022050304    0.029973441    0.013617079
    3.293989983    0.020716794    0.029878482    0.013906422
    3.301168614    0.018343082    0.025144480    0.014506904
    3.308347245    0.016994910    0.020247578    0.015994082
    3.315525876    0.016618211    0.016835762    0.017467556
    3.322704508    0.016730225    0.014363098    0.017276036
    3.329883139    0.018025050    0.013301885    0.016814369
    3.337061770    0.019019537    0.012841653    0.016773497
    3.344240401    0.019617269    0.011853652    0.016322279
    3.351419032    0.020587925    0.011018396    0.016974169
    3.358597663    0.020147630    0.011198180    0.019343783
    3.365776294    0.019167000    0.011910884    0.021387169
    3.372954925    0.018787742    0.012327230    0.021027917
    3.380133556    0.019089389    0.013423286    0.019608184
    3.387312187    0.018766396    0.014753431    0.019234415
    3.394490818    0.016762960    0.014747225    0.020619325
    3.401669449    0.015469652    0.014899166    0.024468009
    3.408848080    0.015557398    0.015665697    0.030888163
    3.416026711    0.016830251    0.015114311    0.037544994
    3.423205342    0.020348862    0.014128859    0.045228840
    3.430383973    0.024315894    0.013565943    0.047774518
    3.437562604    0.024836066    0.013718507    0.038186971
    3.444741235    0.021095852    0.013774816    0.025315792
    3.451919866    0.016334686    0.012374669    0.017630261
    3.459098497    0.013063637    0.010844412    0.014409068
    3.466277129    0.011063392    0.010069569    0.013355563
    3.473455760    0.009719732    0.009569838    0.012365080
    3.480634391    0.009053772    0.009217335    0.011436976
    3.487813022    0.009625768    0.009506723    0.010836904
    3.494991653    0.012027238    0.010843764    0.010504115
    3.502170284    0.015321389    0.012554921    0.010599025
    3.509348915    0.017562482    0.013512451    0.012020771
    3.516527546    0.019386154    0.013726748    0.015468640
    3.523706177    0.021192639    0.013957065    0.019077864
    3.530884808    0.021322555    0.014518842    0.021102002
    3.538063439    0.019790610    0.015649186    0.022744843
    3.545242070    0.016867029    0.016427281    0.023055278
    3.552420701    0.013514506    0.014744866    0.019371972
    3.559599332    0.011056975    0.011969385    0.014570867
    3.566777963    0.010081226    0.010231574    0.011865942
    3.573956594    0.010285261    0.009522984    0.010936596
    3.581135225    0.011160020    0.009777038    0.011116308
    3.588313856    0.012840732    0.010788397    0.011902586
    3.595492487    0.014886098    0.011815274    0.013183728
    3.602671119    0.017271252    0.013281650    0.014687578
    3.609849750    0.020239308    0.015205490    0.016610914
    3.617028381    0.022945953    0.016708162    0.018641227
    3.624207012    0.024368119    0.017415968    0.020055596
    3.631385643    0.024413848    0.017947341    0.020955571
    3.638564274    0.022416532    0.017627250    0.020263754
    3.645742905    0.019830176    0.016706474    0.019574365
    3.652921536    0.018905501    0.017300596    0.020282503
    3.660100167    0.018947306    0.019710319    0.021605185
    3.667278798    0.019467494    0.022124704    0.023462572
    3.674457429    0.022098865    0.024251524    0.026074364
    3.681636060    0.025363101    0.025492644    0.028574783
    3.688814691    0.027342836    0.024897576    0.031401830
    3.695993322    0.027298810    0.022812236    0.034240918
    3.703171953    0.025260848    0.020381476    0.034883015
    3.710350584    0.023286769    0.018706652    0.031611239
    3.717529215    0.021281741    0.018423083    0.027873571
    3.724707846    0.018770945    0.018634918    0.024600081
    3.731886477    0.017017010    0.018530003    0.021644471
    3.739065109    0.016671602    0.018339690    0.019893732
    3.746243740    0.016611371    0.017591511    0.019125235
    3.753422371    0.016595250    0.016785331    0.019415439
    3.760601002    0.016905520    0.016581666    0.020270838
    3.767779633    0.017184724    0.016500425    0.020442288
    3.774958264    0.017447068    0.016419001    0.020333442
    3.782136895    0.017922727    0.016404868    0.020462856
    3.789315526    0.018127824    0.016093456    0.020438904
    3.796494157    0.018046936    0.015805390    0.020171247
    3.803672788    0.018363379    0.015963136    0.020314532
    3.810851419    0.018587672    0.016096730    0.020836096
    3.818030050    0.018093766    0.015665302    0.020755605
    3.825208681    0.016979183    0.014720421    0.019910588
    3.832387312    0.016734153    0.014017095    0.019420039
    3.839565943    0.016650900    0.013234808    0.019486411
    3.846744574    0.015713744    0.012059030    0.019031503
    3.853923205    0.014155359    0.011004859    0.018133571
    3.861101836    0.013326857    0.010867205    0.018028963
    3.868280467    0.014665261    0.011824487    0.018865766
    3.875459098    0.018914721    0.012725857    0.018974177
    3.882637730    0.024188171    0.012866013    0.018417401
    3.889816361    0.026092582    0.012820215    0.019280827
    3.896994992    0.024437380    0.012328497    0.021376771
    3.904173623    0.023182346    0.011922605    0.023896437
    3.911352254    0.021981920    0.011377529    0.024379088
    3.918530885    0.020433174    0.010902764    0.022452417
    3.925709516    0.018682919    0.010815129    0.020822545
    3.932888147    0.017081137    0.011066997    0.019918116
    3.940066778    0.016235548    0.012640523    0.019549167
    3.947245409    0.014979952    0.014889609    0.019411290
    3.954424040    0.012935156    0.015250529    0.019211899
    3.961602671    0.011015862    0.013313501    0.017946068
    3.968781302    0.010276448    0.011613386    0.016042072
    3.975959933    0.010823336    0.011544649    0.015869392
    3.983138564    0.013120302    0.013560626    0.018490253
    3.990317195    0.017408705    0.016782130    0.022741897
    3.997495826    0.021739767    0.019243373    0.025441869
    4.004674457    0.022545922    0.018972846    0.025181118
    4.011853088    0.021235259    0.017389865    0.024263993
    4.019031720    0.019922529    0.016859362    0.025187710
    4.026210351    0.019627991    0.016222191    0.025748364
    4.033388982    0.019471646    0.014663294    0.025178582
    4.040567613    0.018629718    0.012926289    0.025442707
    4.047746244    0.017452789    0.012234314    0.026284632
    4.054924875    0.017684946    0.012742980    0.026473238
    4.062103506    0.020615976    0.013604861    0.026885934
    4.069282137    0.024857683    0.014528859    0.029316297
    4.076460768    0.026151360    0.014814910    0.033219111
    4.083639399    0.024098784    0.014789821    0.035081997
    4.090818030    0.022061014    0.014481641    0.031250598
    4.097996661    0.021998008    0.013159846    0.025266636
    4.105175292    0.022610481    0.011741381    0.022766759
    4.112353923    0.021356866    0.010647779    0.022300290
    4.119532554    0.019329628    0.009877478    0.021866347
    4.126711185    0.017399477    0.009353798    0.021068880
    4.133889816    0.016693958    0.009423155    0.021446787
    4.141068447    0.017015368    0.010190416    0.022026284
    4.148247078    0.017744638    0.011594431    0.022791220
    4.155425710    0.018712907    0.013270927    0.025359074
    4.162604341    0.019052913    0.014238629    0.026565553
    4.169782972    0.018454301    0.014625572    0.024371853
    4.176961603    0.017772784    0.014775712    0.023055189
    4.184140234    0.017316966    0.014175042    0.022838804
    4.191318865    0.017521201    0.014062256    0.022962284
    4.198497496    0.017703604    0.014431774    0.022327063
    4.205676127    0.017388042    0.014639210    0.021695117
    4.212854758    0.018180893    0.014169189    0.022918400
    4.220033389    0.020524286    0.014356914    0.026309809
    4.227212020    0.022314536    0.015593827    0.029056294
    4.234390651    0.020999983    0.017231998    0.028554645
    4.241569282    0.017247111    0.018539051    0.025635699
    4.248747913    0.015939783    0.018504753    0.023678388
    4.255926544    0.016764571    0.016982031    0.022641736
    4.263105175    0.018093368    0.015091102    0.021840627
    4.270283806    0.019653327    0.013346296    0.021403024
    4.277462437    0.021267332    0.012556767    0.022148886
    4.284641068    0.022875573    0.012887440    0.023609903
    4.291819699    0.024301150    0.013640014    0.024360971
    4.298998331    0.024045302    0.014983273    0.023925063
    4.306176962    0.023436871    0.017414083    0.022997211
    4.313355593    0.023547713    0.018962599    0.021933362
    4.320534224    0.022223805    0.017535941    0.019561165
    4.327712855    0.019892600    0.015071143    0.016356269
    4.334891486    0.018373866    0.013655626    0.014159354
    4.342070117    0.018040586    0.013644255    0.014245256
    4.349248748    0.019427506    0.015404133    0.016393744
    4.356427379    0.021919805    0.019273816    0.019538064
    4.363606010    0.022612943    0.023520236    0.021280406
    4.370784641    0.020159644    0.023200787    0.019967469
    4.377963272    0.017398812    0.019095995    0.017309043
    4.385141903    0.016938177    0.016556879    0.015255293
    4.392320534    0.016993853    0.015304543    0.013650987
    4.399499165    0.016196439    0.013564621    0.012923034
    4.406677796    0.015206843    0.011307410    0.012966975
    4.413856427    0.015464349    0.009860222    0.013540770
    4.421035058    0.017390838    0.009247688    0.014259972
    4.428213689    0.020714612    0.009267852    0.014123318
    4.435392321    0.023560180    0.009602320    0.013810513
    4.442570952    0.023659602    0.009563997    0.014485131
    4.449749583    0.023363404    0.008982413    0.016026879
    4.456928214    0.024330962    0.008329304    0.017234522
    4.464106845    0.025021475    0.007777499    0.017635318
    4.471285476    0.026223930    0.007552697    0.018406478
    4.478464107    0.028985514    0.008243870    0.019986181
    4.485642738    0.031262907    0.010435344    0.021505271
    4.492821369    0.031102830    0.014907182    0.021464448
    4.500000000    0.030578746    0.021659564    0.020606353
