# energy grid [eV]     epsr_x  epsr_y  epsr_z
#
    0.200000000   11.510229910   12.502247769   11.078678906
    0.207178631   11.512625461   12.504926170   11.080977035
    0.214357262   11.515106740   12.507700448   11.083357408
    0.221535893   11.517673880   12.510570752   11.085820152
    0.228714524   11.520327017   12.513537240   11.088365400
    0.235893155   11.523066293   12.516600072   11.090993287
    0.243071786   11.525891854   12.519759415   11.093703953
    0.250250417   11.528803852   12.523015440   11.096497545
    0.257429048   11.531802441   12.526368327   11.099374211
    0.264607679   11.534887784   12.529818256   11.102334107
    0.271786311   11.538060045   12.533365418   11.105377391
    0.278964942   11.541319394   12.537010006   11.108504226
    0.286143573   11.544666008   12.540752219   11.111714783
    0.293322204   11.548100065   12.544592263   11.115009233
    0.300500835   11.551621751   12.548530348   11.118387754
    0.307679466   11.555231255   12.552566691   11.121850529
    0.314858097   11.558928774   12.556701515   11.125397746
    0.322036728   11.562714506   12.560935046   11.129029596
    0.329215359   11.566588657   12.565267518   11.132746277
    0.336393990   11.570551437   12.569699172   11.136547991
    0.343572621   11.574603061   12.574230251   11.140434944
    0.350751252   11.578743749   12.578861007   11.144407349
    0.357929883   11.582973727   12.583591698   11.148465422
    0.365108514   11.587293225   12.588422585   11.152609385
    0.372287145   11.591702480   12.593353938   11.156839464
    0.379465776   11.596201733   12.598386032   11.161155892
    0.386644407   11.600791229   12.603519148   11.165558906
    0.393823038   11.605471222   12.608753572   11.170048747
    0.401001669   11.610241967   12.614089599   11.174625663
    0.408180301   11.615103729   12.619527526   11.179289907
    0.415358932   11.620056774   12.625067661   11.184041736
    0.422537563   11.625101377   12.630710314   11.188881413
    0.429716194   11.630237817   12.636455805   11.193809207
    0.436894825   11.635466378   12.642304458   11.198825392
    0.444073456   11.640787352   12.648256604   11.203930246
    0.451252087   11.646201033   12.654312580   11.209124055
    0.458430718   11.651707724   12.660472731   11.214407108
    0.465609349   11.657307732   12.666737408   11.219779701
    0.472787980   11.663001371   12.673106968   11.225242136
    0.479966611   11.668788960   12.679581775   11.230794719
    0.487145242   11.674670824   12.686162200   11.236437764
    0.494323873   11.680647295   12.692848620   11.242171588
    0.501502504   11.686718709   12.699641421   11.247996515
    0.508681135   11.692885409   12.706540994   11.253912876
    0.515859766   11.699147746   12.713547737   11.259921007
    0.523038397   11.705506075   12.720662056   11.266021249
    0.530217028   11.711960756   12.727884364   11.272213951
    0.537395659   11.718512160   12.735215081   11.278499465
    0.544574290   11.725160660   12.742654635   11.284878153
    0.551752922   11.731906636   12.750203459   11.291350381
    0.558931553   11.738750477   12.757861997   11.297916520
    0.566110184   11.745692576   12.765630697   11.304576951
    0.573288815   11.752733334   12.773510017   11.311332057
    0.580467446   11.759873158   12.781500422   11.318182231
    0.587646077   11.767112462   12.789602384   11.325127870
    0.594824708   11.774451667   12.797816384   11.332169379
    0.602003339   11.781891200   12.806142910   11.339307169
    0.609181970   11.789431495   12.814582458   11.346541659
    0.616360601   11.797072994   12.823135532   11.353873272
    0.623539232   11.804816146   12.831802645   11.361302439
    0.630717863   11.812661408   12.840584318   11.368829598
    0.637896494   11.820609243   12.849481080   11.376455198
    0.645075125   11.828660121   12.858493467   11.384179691
    0.652253756   11.836814519   12.867622027   11.392003534
    0.659432387   11.845072924   12.876867313   11.399927196
    0.666611018   11.853435825   12.886229888   11.407951149
    0.673789649   11.861903725   12.895710324   11.416075875
    0.680968280   11.870477133   12.905309203   11.424301864
    0.688146912   11.879156567   12.915027113   11.432629610
    0.695325543   11.887942552   12.924864653   11.441059618
    0.702504174   11.896835616   12.934822434   11.449592400
    0.709682805   11.905836301   12.944901074   11.458228476
    0.716861436   11.914945156   12.955101198   11.466968373
    0.724040067   11.924162736   12.965423442   11.475812622
    0.731218698   11.933489605   12.975868455   11.484761767
    0.738397329   11.942926339   12.986436892   11.493816365
    0.745575960   11.952473521   12.997129418   11.502976981
    0.752754591   11.962131743   13.007946711   11.512244181
    0.759933222   11.971901603   13.018889455   11.521618538
    0.767111853   11.981783710   13.029958347   11.531100638
    0.774290484   11.991778683   13.041154094   11.540691075
    0.781469115   12.001887148   13.052477413   11.550390451
    0.788647746   12.012109740   13.063929032   11.560199380
    0.795826377   12.022447107   13.075509691   11.570118481
    0.803005008   12.032899902   13.087220139   11.580148385
    0.810183639   12.043468791   13.099061137   11.590289732
    0.817362270   12.054154449   13.111033458   11.600543171
    0.824540902   12.064957560   13.123137885   11.610909359
    0.831719533   12.075878818   13.135375213   11.621388965
    0.838898164   12.086918929   13.147746249   11.631982667
    0.846076795   12.098078606   13.160251810   11.642691152
    0.853255426   12.109358576   13.172892728   11.653515118
    0.860434057   12.120759572   13.185669851   11.664455269
    0.867612688   12.132282342   13.198584031   11.675512325
    0.874791319   12.143927648   13.211636137   11.686687020
    0.881969950   12.155696257   13.224827049   11.697980094
    0.889148581   12.167588948   13.238157660   11.709392294
    0.896327212   12.179606512   13.251628873   11.720924380
    0.903505843   12.191749751   13.265241609   11.732577126
    0.910684474   12.204019480   13.278996808   11.744351313
    0.917863105   12.216416525   13.292895418   11.756247737
    0.925041736   12.228941724   13.306938397   11.768267204
    0.932220367   12.241595927   13.321126720   11.780410532
    0.939398998   12.254379996   13.335461376   11.792678551
    0.946577629   12.267294805   13.349943368   11.805072103
    0.953756260   12.280341244   13.364573716   11.817592041
    0.960934891   12.293520215   13.379353454   11.830239233
    0.968113523   12.306832630   13.394283630   11.843014557
    0.975292154   12.320279418   13.409365309   11.855918906
    0.982470785   12.333861520   13.424599571   11.868953186
    0.989649416   12.347579889   13.439987510   11.882118314
    0.996828047   12.361435493   13.455530240   11.895415221
    1.004006678   12.375429315   13.471228888   11.908844854
    1.011185309   12.389562348   13.487084600   11.922408170
    1.018363940   12.403835602   13.503098537   11.936106139
    1.025542571   12.418250106   13.519271878   11.949939745
    1.032721202   12.432806909   13.535605817   11.963909996
    1.039899833   12.447507063   13.552101567   11.978017915
    1.047078464   12.462351637   13.568760356   11.992264532
    1.054257095   12.477341716   13.585583438   12.006650889
    1.061435726   12.492478407   13.602572090   12.021178047
    1.068614357   12.507762833   13.619727603   12.035847084
    1.075792988   12.523196130   13.637051280   12.050659094
    1.082971619   12.538779449   13.654544443   12.065615186
    1.090150250   12.554513960   13.672208439   12.080716486
    1.097328881   12.570400850   13.690044635   12.095964136
    1.104507513   12.586441323   13.708054419   12.111359298
    1.111686144   12.602636601   13.726239195   12.126903146
    1.118864775   12.618987926   13.744600394   12.142596877
    1.126043406   12.635496559   13.763139469   12.158441704
    1.133222037   12.652163779   13.781857893   12.174438856
    1.140400668   12.668990889   13.800757161   12.190589584
    1.147579299   12.685979204   13.819838791   12.206895156
    1.154757930   12.703130059   13.839104322   12.223356857
    1.161936561   12.720444813   13.858555315   12.239975994
    1.169115192   12.737924842   13.878193361   12.256753893
    1.176293823   12.755571544   13.898020078   12.273691899
    1.183472454   12.773386340   13.918037103   12.290791376
    1.190651085   12.791370673   13.938246098   12.308053719
    1.197829716   12.809526008   13.958648751   12.325480337
    1.205008347   12.827853831   13.979246776   12.343072659
    1.212186978   12.846355649   14.000041914   12.360832136
    1.219365609   12.865032994   14.021035935   12.378760244
    1.226544240   12.883887422   14.042230636   12.396858479
    1.233722871   12.902920509   14.063627839   12.415128363
    1.240901503   12.922133863   14.085229400   12.433571440
    1.248080134   12.941529120   14.107037199   12.452189279
    1.255258765   12.961107930   14.129053150   12.470983472
    1.262437396   12.980871972   14.151279194   12.489955638
    1.269616027   13.000822953   14.173717305   12.509107419
    1.276794658   13.020962609   14.196369490   12.528440483
    1.283973289   13.041292702   14.219237785   12.547956530
    1.291151920   13.061815023   14.242324261   12.567657283
    1.298330551   13.082531387   14.265631020   12.587544492
    1.305509182   13.103443642   14.289160201   12.607619935
    1.312687813   13.124553662   14.312913979   12.627885418
    1.319866444   13.145863353   14.336894559   12.648342775
    1.327045075   13.167374657   14.361104186   12.668993874
    1.334223706   13.189089544   14.385545142   12.689840613
    1.341402337   13.211010012   14.410219746   12.710884916
    1.348580968   13.233138092   14.435130351   12.732128740
    1.355759599   13.255475853   14.460279353   12.753574077
    1.362938230   13.278025398   14.485669192   12.775222950
    1.370116861   13.300788863   14.511302346   12.797077415
    1.377295492   13.323768415   14.537181330   12.819139562
    1.384474124   13.346966262   14.563308706   12.841411515
    1.391652755   13.370384647   14.589687078   12.863895435
    1.398831386   13.394025850   14.616319093   12.886593520
    1.406010017   13.417892191   14.643207445   12.909508004
    1.413188648   13.441986029   14.670354878   12.932641156
    1.420367279   13.466309761   14.697764178   12.955995286
    1.427545910   13.490865827   14.725438182   12.979572746
    1.434724541   13.515656706   14.753379774   13.003375924
    1.441903172   13.540684920   14.781591889   13.027407250
    1.449081803   13.565953039   14.810077515   13.051669198
    1.456260434   13.591463677   14.838839691   13.076164286
    1.463439065   13.617219490   14.867881511   13.100895072
    1.470617696   13.643223180   14.897206123   13.125864159
    1.477796327   13.669477498   14.926816733   13.151074193
    1.484974958   13.695985242   14.956716601   13.176527870
    1.492153589   13.722749259   14.986909048   13.202227941
    1.499332220   13.749772451   15.017397456   13.228177204
    1.506510851   13.777057767   15.048185273   13.254378500
    1.513689482   13.804608214   15.079276001   13.280834721
    1.520868114   13.832426847   15.110673209   13.307548812
    1.528046745   13.860516780   15.142380533   13.334523773
    1.535225376   13.888881182   15.174401680   13.361762661
    1.542404007   13.917523281   15.206740422   13.389268586
    1.549582638   13.946446366   15.239400603   13.417044716
    1.556761269   13.975653791   15.272386147   13.445094280
    1.563939900   14.005148968   15.305701044   13.473420570
    1.571118531   14.034935370   15.339349360   13.502026935
    1.578297162   14.065016537   15.373335236   13.530916784
    1.585475793   14.095396074   15.407662896   13.560093594
    1.592654424   14.126077657   15.442336652   13.589560910
    1.599833055   14.157065030   15.477360896   13.619322343
    1.607011686   14.188362005   15.512740106   13.649381564
    1.614190317   14.219972451   15.548478829   13.679742302
    1.621368948   14.251900306   15.584581701   13.710408356
    1.628547579   14.284149628   15.621053484   13.741383643
    1.635726210   14.316724547   15.657899032   13.772672147
    1.642904841   14.349629309   15.695123321   13.804277955
    1.650083472   14.382868245   15.732731415   13.836205239
    1.657262104   14.416445726   15.770728451   13.868458220
    1.664440735   14.450366183   15.809119664   13.901041173
    1.671619366   14.484634141   15.847910401   13.933958461
    1.678797997   14.519254234   15.887106126   13.967214561
    1.685976628   14.554231202   15.926712423   14.000814041
    1.693155259   14.589569871   15.966734984   14.034761553
    1.700333890   14.625275178   16.007179642   14.069061861
    1.707512521   14.661352186   16.048052385   14.103719851
    1.714691152   14.697806039   16.089359290   14.138740488
    1.721869783   14.734641977   16.131106562   14.174128838
    1.729048414   14.771865357   16.173300538   14.209890072
    1.736227045   14.809481643   16.215947688   14.246029460
    1.743405676   14.847496438   16.259054646   14.282552411
    1.750584307   14.885915471   16.302628188   14.319464448
    1.757762938   14.924744585   16.346675235   14.356771193
    1.764941569   14.963989731   16.391202849   14.394478385
    1.772120200   15.003657013   16.436218293   14.432591925
    1.779298831   15.043752652   16.481729001   14.471117844
    1.786477462   15.084283004   16.527742542   14.510062302
    1.793656093   15.125254643   16.574266675   14.549431613
    1.800834725   15.166674255   16.621309296   14.589232186
    1.808013356   15.208548628   16.668878508   14.629470594
    1.815191987   15.250884739   16.716982730   14.670153635
    1.822370618   15.293689739   16.765630535   14.711288237
    1.829549249   15.336970922   16.814830585   14.752881421
    1.836727880   15.380735761   16.864591793   14.794940371
    1.843906511   15.424991899   16.914923322   14.837472458
    1.851085142   15.469747139   16.965834539   14.880485257
    1.858263773   15.515009502   17.017335053   14.923986557
    1.865442404   15.560787249   17.069434720   14.967984310
    1.872621035   15.607088798   17.122143625   15.012486638
    1.879799666   15.653922753   17.175472132   15.057501878
    1.886978297   15.701297952   17.229430902   15.103038583
    1.894156928   15.749223457   17.284030845   15.149105507
    1.901335559   15.797708548   17.339283133   15.195711628
    1.908514190   15.846762741   17.395199238   15.242866152
    1.915692821   15.896395795   17.451790935   15.290578529
    1.922871452   15.946617721   17.509070327   15.338858457
    1.930050083   15.997438808   17.567049892   15.387715891
    1.937228715   16.048869622   17.625742432   15.437161045
    1.944407346   16.100920982   17.685161064   15.487204393
    1.951585977   16.153603984   17.745319256   15.537856695
    1.958764608   16.206930039   17.806230866   15.589128998
    1.965943239   16.260910875   17.867910170   15.641032640
    1.973121870   16.315558530   17.930371857   15.693579309
    1.980300501   16.370885392   17.993631041   15.746781056
    1.987479132   16.426904191   18.057703277   15.800650237
    1.994657763   16.483628016   18.122604560   15.855199505
    2.001836394   16.541070308   18.188351347   15.910441875
    2.009015025   16.599244898   18.254960608   15.966390746
    2.016193656   16.658166065   18.322449887   16.023059965
    2.023372287   16.717848461   18.390837239   16.080463791
    2.030550918   16.778307150   18.460141235   16.138616862
    2.037729549   16.839557662   18.530381054   16.197534263
    2.044908180   16.901616005   18.601576490   16.257231539
    2.052086811   16.964498667   18.673747972   16.317724701
    2.059265442   17.028222641   18.746916574   16.379030249
    2.066444073   17.092805459   18.821104075   16.441165220
    2.073622705   17.158265194   18.896333002   16.504147217
    2.080801336   17.224620485   18.972626619   16.567994450
    2.087979967   17.291890568   19.050008982   16.632725637
    2.095158598   17.360095317   19.128504996   16.698360078
    2.102337229   17.429255222   19.208140387   16.764917734
    2.109515860   17.499391447   19.288941795   16.832419246
    2.116694491   17.570525940   19.370936904   16.900885966
    2.123873122   17.642681377   19.454154388   16.970340026
    2.131051753   17.715881148   19.538623893   17.040804288
    2.138230384   17.790149472   19.624376175   17.112302402
    2.145409015   17.865511411   19.711443162   17.184858839
    2.152587646   17.941992913   19.799858035   17.258498978
    2.159766277   18.019620850   19.889655222   17.333249122
    2.166944908   18.098423075   19.980870507   17.409136528
    2.174123539   18.178428502   20.073541121   17.486189489
    2.181302170   18.259667101   20.167705790   17.564437341
    2.188480801   18.342169921   20.263404817   17.643910536
    2.195659432   18.425969204   20.360680172   17.724640747
    2.202838063   18.511098466   20.459575612   17.806660884
    2.210016694   18.597592540   20.560136778   17.890005178
    2.217195326   18.685487606   20.662411278   17.974709224
    2.224373957   18.774821284   20.766448825   18.060810067
    2.231552588   18.865632763   20.872301409   18.148346309
    2.238731219   18.957962842   20.980023413   18.237358187
    2.245909850   19.051854032   21.089671702   18.327887656
    2.253088481   19.147350636   21.201305845   18.419978482
    2.260267112   19.244498838   21.314988262   18.513676362
    2.267445743   19.343346850   21.430784431   18.609029010
    2.274624374   19.443945030   21.548763124   18.706086374
    2.281803005   19.546345958   21.668996605   18.804900766
    2.288981636   19.650604624   21.791560872   18.905526883
    2.296160267   19.756778643   21.916535961   19.008022063
    2.303338898   19.864928302   22.044006206   19.112446375
    2.310517529   19.975116770   22.174060604   19.218862860
    2.317696160   20.087410316   22.306793174   19.327337813
    2.324874791   20.201878407   22.442303269   19.437940912
    2.332053422   20.318593988   22.580696044   19.550745440
    2.339232053   20.437633791   22.722083057   19.665828589
    2.346410684   20.559078520   22.866582686   19.783271685
    2.353589316   20.683013088   23.014320647   19.903160547
    2.360767947   20.809527039   23.165430838   20.025585850
    2.367946578   20.938714888   23.320056051   20.150643469
    2.375125209   21.070676393   23.478348664   20.278434939
    2.382303840   21.205516963   23.640471602   20.409067863
    2.389482471   21.343348033   23.806599386   20.542656319
    2.396661102   21.484287656   23.976919350   20.679321516
    2.403839733   21.628461065   24.151633068   20.819192489
    2.411018364   21.776001149   24.330957796   20.962406669
    2.418196995   21.927049194   24.515128225   21.109110706
    2.425375626   22.081755565   24.704398437   21.259461283
    2.432554257   22.240280319   24.899044137   21.413625963
    2.439732888   22.402794191   25.099365400   21.571784313
    2.446911519   22.569479724   25.305689857   21.734129179
    2.454090150   22.740532437   25.518376377   21.900868250
    2.461268781   22.916161802   25.737819236   22.072225338
    2.468447412   23.096592386   25.964453135   22.248441950
    2.475626043   23.282065587   26.198759424   22.429779539
    2.482804674   23.472841422   26.441273131   22.616521689
    2.489983306   23.669200543   26.692591835   22.808976862
    2.497161937   23.871446544   26.953386529   23.007481599
    2.504340568   24.079908201   27.224414571   23.212403759
    2.511519199   24.294942210   27.506535754   23.424146542
    2.518697830   24.516936661   27.800732981   23.643153499
    2.525876461   24.746314775   28.108138526   23.869914458
    2.533055092   24.983539220   28.430067310   24.104972287
    2.540233723   25.229116952   28.768059667   24.348930668
    2.547412354   25.483604950   29.123937450   24.602464026
    2.554590985   25.747617380   29.499879233   24.866329673
    2.561769616   26.021834083   29.898522879   25.141383140
    2.568948247   26.307009152   30.323104420   25.428595956
    2.576126878   26.603981695   30.777648869   25.729078016
    2.583305509   26.913689155   31.267233801   26.044106753
    2.590484140   27.237183315   31.798346842   26.375164251
    2.597662771   27.575649496   32.379338460   26.723984714
    2.604841402   27.930430088   33.020866013   27.092612736
    2.612020033   28.303052821   33.735792411   27.483468195
    2.619198664   28.695265327   34.536269822   27.899385933
    2.626377295   29.109079569   35.418834077   28.343483674
    2.633555927   29.546824995   36.302289776   28.818278721
    2.640734558   30.011214166   36.824690072   29.322497315
    2.647913189   30.505428333   36.216517516   29.849240008
    2.655091820   31.033248559   34.995369253   30.414872541
    2.662270451   31.599170534   35.076862970   31.061339540
    2.669449082   32.208405148   36.256442207   31.797259503
    2.676627713   32.866607235   37.775647837   32.623260710
    2.683806344   33.578221413   39.058320475   33.537409480
    2.690984975   34.342690793   39.002151586   34.487380331
    2.698163606   35.165384853   36.894902648   35.223215846
    2.705342237   36.088501570   35.541925259   35.112779047
    2.712520868   37.143879145   36.010881409   34.247510635
    2.719699499   38.343962804   36.313603425   34.355013333
    2.726878130   39.715819391   36.162234640   35.598445360
    2.734056761   41.303462968   37.134951241   37.357489259
    2.741235392   43.161101257   38.761455256   39.407873486
    2.748414023   45.350144724   39.802200284   41.714228974
    2.755592654   47.919322093   40.586027320   44.183400239
    2.762771285   50.770968823   42.534815956   46.281278154
    2.769949917   53.148531400   45.290305396   46.882900797
    2.777128548   52.540659990   47.853674413   45.811800703
    2.784307179   45.951107472   48.925490863   41.668858139
    2.791485810   37.581928957   47.746115438   34.056250722
    2.798664441   33.520063414   44.693398054   26.944228645
    2.805843072   31.708814672   41.855773488   23.141338552
    2.813021703   29.298514905   37.606204550   21.165835495
    2.820200334   27.327704333   31.698000896   19.348147919
    2.827378965   25.741189749   26.648730596   19.163555638
    2.834557596   25.455172743   25.123060174   20.611920585
    2.841736227   26.749336546   26.576674774   23.432934266
    2.848914858   28.609113087   27.293908709   26.676181207
    2.856093489   29.688563932   27.181479014   29.106791700
    2.863272120   29.469006510   27.964194591   29.481245609
    2.870450751   28.234735861   29.123650331   28.753561778
    2.877629382   26.119144677   30.159800600   29.381602806
    2.884808013   24.365519144   29.371005560   30.665294220
    2.891986644   23.953219624   27.664452576   30.671537380
    2.899165275   22.983703504   27.386799412   28.396694428
    2.906343907   22.097353264   29.056058705   25.987543141
    2.913522538   22.502525130   30.174698525   24.337274601
    2.920701169   22.838451841   29.096001842   21.445630086
    2.927879800   22.863784273   27.325338233   18.720175429
    2.935058431   22.301001360   27.134385761   18.407459791
    2.942237062   21.054813988   28.561368608   20.358066732
    2.949415693   21.348279860   30.523119093   22.341997616
    2.956594324   22.006952473   31.550776149   23.812055730
    2.963772955   20.519548742   30.627747707   24.962107326
    2.970951586   17.781676268   28.103988339   24.639992844
    2.978130217   17.208610496   26.457217131   24.089741322
    2.985308848   19.234479425   26.241723019   24.472474796
    2.992487479   21.464015239   26.718067024   25.236157762
    2.999666110   22.935286340   28.121634869   26.485522215
    3.006844741   25.188279731   30.912090674   28.760032610
    3.014023372   28.340794818   34.894617054   31.827178526
    3.021202003   30.716426334   37.917724828   33.940688841
    3.028380634   30.027146418   36.781553443   32.924745233
    3.035559265   26.816893963   32.339872825   30.295827611
    3.042737896   24.169343481   28.028224324   28.476602101
    3.049916528   22.494683452   23.669011281   26.281982827
    3.057095159   21.781483083   18.637826197   24.621006491
    3.064273790   22.282890061   16.087130440   25.376609114
    3.071452421   24.311637600   18.317413097   28.286923277
    3.078631052   27.143335311   21.787047968   30.387689193
    3.085809683   28.528845620   23.071415139   29.990412386
    3.092988314   28.632922672   21.643037858   29.837646058
    3.100166945   29.334845808   20.442981510   31.003760191
    3.107345576   28.635970198   20.724544568   29.977576197
    3.114524207   26.349563602   21.236624105   25.405733431
    3.121702838   25.149370413   22.365542441   20.980466559
    3.128881469   26.385588396   25.162226747   19.494448801
    3.136060100   27.024331780   28.347416399   19.616472344
    3.143238731   23.670983133   30.651462412   19.625369153
    3.150417362   17.177543231   31.902710651   17.918093533
    3.157595993   12.216612864   32.193816201   13.990417385
    3.164774624   10.450761976   30.991615191   11.531103944
    3.171953255   11.309947852   27.452925800   11.562539528
    3.179131886   13.383933585   20.902473165   11.037968987
    3.186310518   15.237088792   14.964350370    9.818640375
    3.193489149   15.798152179   11.171782846    8.598485538
    3.200667780   16.405980350    8.878910881    7.913258429
    3.207846411   17.152012394    9.953693471    8.773433028
    3.215025042   17.732988441   13.620270032   10.951919606
    3.222203673   19.494126694   17.516000378   13.348413390
    3.229382304   22.044166698   20.631703771   15.504819518
    3.236560935   23.865887331   23.119401651   17.659835037
    3.243739566   24.540481018   24.304799844   20.111978337
    3.250918197   23.534300287   23.463523710   22.711251941
    3.258096828   22.385212953   21.475637605   25.174823930
    3.265275459   22.644652740   20.285106643   26.711195569
    3.272454090   22.419964953   19.383820212   27.155345681
    3.279632721   21.386456018   18.149902636   27.314468181
    3.286811352   20.597155340   16.539905578   27.418978683
    3.293989983   21.362323358   16.336129373   27.980571448
    3.301168614   23.129475576   18.145871856   27.899616232
    3.308347245   24.455271611   20.320955299   26.609306290
    3.315525876   25.138572483   22.184197909   25.336358820
    3.322704508   25.419667092   24.050134011   25.731631961
    3.329883139   24.501164243   25.205171996   26.447066032
    3.337061770   23.793161661   26.162363241   26.776942107
    3.344240401   23.335748220   28.201032143   27.612326658
    3.351419032   22.497333414   30.536839251   27.150191553
    3.358597663   22.741600364   31.510614826   24.823647636
    3.365776294   23.403433559   31.549863424   23.012414524
    3.372954925   23.587257969   31.859937609   23.476427797
    3.380133556   23.277265034   30.857190239   25.093739277
    3.387312187   23.651482062   29.373812883   25.694731723
    3.394490818   25.845233272   29.540366548   24.213492880
    3.401669449   27.776945913   29.347620754   20.252453115
    3.408848080   28.185578280   28.284870180   14.962461937
    3.416026711   26.977119332   28.841970563   11.226873313
    3.423205342   23.429389803   29.963717401    8.766327873
    3.430383973   20.110298290   30.502130749    9.513061517
    3.437562604   19.398850348   29.973657098   13.060675383
    3.444741235   21.154371261   29.588859821   17.289404134
    3.451919866   23.995518837   31.444803688   20.784980100
    3.459098497   26.880182833   34.236519722   22.954617621
    3.466277129   30.240684258   36.555318562   24.237538067
    3.473455760   34.627611359   39.071900221   26.270697702
    3.480634391   39.006458665   41.750299226   29.117710928
    3.487813022   40.362051082   42.702193707   32.312239502
    3.494991653   36.707774191   40.478470393   35.507273859
    3.502170284   31.459270964   37.244876561   37.725379159
    3.509348915   28.205331036   35.573124014   36.423828533
    3.516527546   25.727788944   35.255125836   31.034296268
    3.523706177   23.562429723   34.745179540   26.096816830
    3.530884808   23.241184285   33.481505546   23.684518648
    3.538063439   24.314027861   31.246422895   21.972712347
    3.545242070   26.902747985   29.782742854   21.561666400
    3.552420701   31.258087152   32.285853017   24.569492106
    3.559599332   36.621076113   37.787841380   29.948120258
    3.566777963   40.929876604   43.064325078   34.986820016
    3.573956594   42.752753805   46.899518978   38.535028317
    3.581135225   42.170648918   47.780892360   40.078011872
    3.588313856   38.542929256   45.412949515   39.739205995
    3.595492487   33.502990991   42.287559366   37.454646304
    3.602671119   27.803274019   37.229373704   34.034291222
    3.609849750   21.705304523   30.771135931   29.395703160
    3.617028381   17.454070092   26.043059381   24.650108092
    3.624207012   16.510276549   24.102912263   21.488231153
    3.631385643   17.650962517   22.732415699   19.522658409
    3.638564274   20.960018485   23.673140226   20.885020330
    3.645742905   24.728052167   26.236145827   22.065881644
    3.652921536   25.999564814   24.304839103   19.942182366
    3.660100167   25.588962870   17.157490203   16.339050195
    3.667278798   24.272211018   10.616747988   11.776010565
    3.674457429   19.277819210    6.448616756    5.679953552
    3.681636060   13.784267526    7.719933591    1.788662316
    3.688814691   11.711577255   12.625704360    1.273385365
    3.695993322   13.587627427   17.592505054    3.194007056
    3.703171953   17.380231303   21.841107786    7.163477225
    3.710350584   20.159299627   24.430995425   12.131252664
    3.717529215   22.668162490   23.856116089   15.646358487
    3.724707846   26.150770932   21.596865834   18.418626062
    3.731886477   28.885293519   19.780538152   21.189967449
    3.739065109   28.752063522   17.883561756   22.479314867
    3.746243740   27.388609161   18.005573447   21.812817782
    3.753422371   25.261507265   18.494221573   17.921630859
    3.760601002   21.349988697   15.709585609   10.462813581
    3.767779633   16.937519713   11.480108058    3.792318114
    3.774958264   12.449660973    6.902654285    1.188377478
    3.782136895    5.851894695   -0.194945530   -1.817890761
    3.789315526   -2.292774590   -8.522895442   -7.185589000
    3.796494157   -6.963074162  -13.109197740  -11.855845017
    3.803672788   -5.509050431  -12.971331584  -13.570199148
    3.810851419   -4.961023160  -12.665279675  -13.620862089
    3.818030050  -11.566382771  -16.681306642  -15.648851201
    3.825208681  -19.235566666  -23.416152380  -19.414352367
    3.832387312  -22.073798085  -28.380398611  -21.725824351
    3.839565943  -24.567451918  -33.659599726  -22.553476726
    3.846744574  -29.571408980  -40.219163778  -24.396895926
    3.853923205  -35.117026787  -45.389049695  -26.818524729
    3.861101836  -37.402926586  -45.930295239  -27.424402459
    3.868280467  -33.925833101  -42.202465923  -26.300491630
    3.875459098  -26.375569334  -39.213183232  -26.308659953
    3.882637730  -19.564371124  -38.656969212  -27.133709604
    3.889816361  -17.015144610  -38.607389933  -25.920249703
    3.896994992  -18.324477161  -39.691363918  -23.360367778
    3.904173623  -19.162443528  -40.429038603  -20.616122519
    3.911352254  -20.218864257  -41.343577343  -20.068648811
    3.918530885  -22.395961108  -41.845642473  -22.100252645
    3.925709516  -25.532268550  -41.179970502  -23.989532329
    3.932888147  -28.814206604  -39.759840974  -25.100495642
    3.940066778  -30.703468371  -35.824782688  -25.533850667
    3.947245409  -33.295016073  -31.637089570  -25.620654520
    3.954424040  -37.162121168  -30.972003731  -25.681122307
    3.961602671  -40.272572852  -33.990261412  -26.809499185
    3.968781302  -39.926431299  -36.885036986  -28.545596652
    3.975959933  -36.457618753  -36.500216424  -28.050755585
    3.983138564  -30.962686210  -32.470421317  -24.703649549
    3.990317195  -25.362403556  -27.915536875  -20.994563574
    3.997495826  -21.805063345  -25.285917784  -19.183143819
    4.004674457  -21.499808941  -25.812746500  -19.402318172
    4.011853088  -22.848571857  -27.972964357  -20.080604781
    4.019031720  -24.247789183  -28.854553548  -19.518225759
    4.026210351  -24.592764115  -29.787614134  -19.167079879
    4.033388982  -24.653954681  -32.012205631  -19.517447029
    4.040567613  -25.266063352  -34.553128949  -19.303969715
    4.047746244  -26.153804155  -35.143149475  -18.734666349
    4.054924875  -25.606613081  -33.508442248  -18.597871756
    4.062103506  -22.805773849  -31.611935706  -18.372818912
    4.069282137  -19.723537868  -30.062182396  -17.033073474
    4.076460768  -18.965049512  -29.690547309  -14.930225998
    4.083639399  -20.471724922  -29.824634845  -13.789693804
    4.090818030  -22.177603292  -30.275475813  -15.790225306
    4.097996661  -22.313438873  -32.044966153  -19.767801191
    4.105175292  -21.820278425  -33.836254946  -21.706109192
    4.112353923  -22.852509292  -34.786471951  -21.957545182
    4.119532554  -24.578978499  -34.772576192  -22.065640506
    4.126711185  -26.239647513  -34.067034439  -22.370142541
    4.133889816  -26.553227453  -32.323493802  -21.744588896
    4.141068447  -25.735607385  -29.935005886  -21.081863258
    4.148247078  -24.628436252  -27.544524488  -20.442438135
    4.155425710  -23.502900299  -25.725387396  -18.849446620
    4.162604341  -23.060841105  -25.154412240  -18.201365998
    4.169782972  -23.435478889  -25.221116272  -19.491958525
    4.176961603  -23.866289906  -25.379684127  -20.304426359
    4.184140234  -24.042740984  -26.127214082  -20.353758542
    4.191318865  -23.579106843  -26.157827383  -20.114329047
    4.198497496  -23.141746383  -25.523594355  -20.321444890
    4.205676127  -23.192707675  -25.021208135  -20.552595104
    4.212854758  -22.464949932  -25.252963975  -19.711091703
    4.220033389  -20.799008629  -24.934078839  -17.887182422
    4.227212020  -19.715240576  -23.810162846  -16.666383718
    4.234390651  -20.510316178  -22.642091618  -17.005592503
    4.241569282  -23.069968787  -21.925636148  -18.600184210
    4.248747913  -23.784129945  -22.187365222  -19.766896516
    4.255926544  -22.547590869  -23.482824069  -20.336662239
    4.263105175  -21.100700738  -25.005152666  -20.687667378
    4.270283806  -19.857343430  -26.276071574  -20.779275459
    4.277462437  -18.952140398  -26.321754049  -20.159647958
    4.284641068  -18.310231565  -25.064643878  -19.256735080
    4.291819699  -17.876113243  -23.720814352  -18.898549917
    4.298998331  -18.268931515  -22.384083615  -19.250867452
    4.306176962  -18.784423608  -20.733693651  -19.875829958
    4.313355593  -18.803178139  -20.005804937  -20.501745150
    4.320534224  -19.492401951  -21.161005805  -21.881206581
    4.327712855  -20.732732066  -23.070979761  -23.899560258
    4.334891486  -21.438354703  -24.071873504  -25.114327181
    4.342070117  -21.305173764  -23.684504312  -24.079696840
    4.349248748  -20.099753444  -21.980694778  -21.613925919
    4.356427379  -18.532444553  -19.532912060  -19.343594196
    4.363606010  -18.135734116  -17.727135153  -18.500854542
    4.370784641  -19.419536867  -18.383352465  -19.430716858
    4.377963272  -21.002208731  -21.252475957  -21.199051689
    4.385141903  -20.888525505  -23.334500958  -22.477529203
    4.392320534  -20.206297630  -24.110518517  -23.160137508
    4.399499165  -19.995924671  -24.962240856  -22.788708917
    4.406677796  -19.933816223  -26.139573119  -21.633377507
    4.413856427  -19.158308943  -26.207887382  -20.244293820
    4.421035058  -17.689368216  -25.107064913  -19.120381773
    4.428213689  -16.072633497  -23.405888011  -18.919432841
    4.435392321  -15.139617994  -21.817788351  -19.013322262
    4.442570952  -15.380339058  -21.089859030  -18.483688452
    4.449749583  -15.739671135  -21.108697118  -17.508762821
    4.456928214  -15.527555981  -21.094875056  -16.899235112
    4.464106845  -15.382155854  -20.744806437  -16.825508546
    4.471285476  -15.059843527  -19.940814116  -16.621099591
    4.478464107  -14.282614518  -18.476710036  -16.079607021
    4.485642738  -13.764629257  -16.695590647  -15.616361409
    4.492821369  -13.991682345  -14.912687916  -15.787716960
    4.500000000  -14.318130060  -13.440752127  -16.250316362
