# energy grid [eV]     ieps_x  ieps_y  ieps_z
#
    0.200000000    6.991468688    7.672643881    6.740471432
    0.207178631    6.990040988    7.671031726    6.739099818
    0.214357262    6.988563711    7.669363601    6.737680577
    0.221535893    6.987036936    7.667639596    6.736213785
    0.228714524    6.985460745    7.665859805    6.734699519
    0.235893155    6.983835221    7.664024323    6.733137861
    0.243071786    6.982160452    7.662133249    6.731528894
    0.250250417    6.980436525    7.660186686    6.729872704
    0.257429048    6.978663533    7.658184738    6.728169378
    0.264607679    6.976841570    7.656127512    6.726419007
    0.271786311    6.974970732    7.654015119    6.724621685
    0.278964942    6.973051118    7.651847672    6.722777506
    0.286143573    6.971082829    7.649625288    6.720886568
    0.293322204    6.969065970    7.647348085    6.718948971
    0.300500835    6.967000647    7.645016185    6.716964818
    0.307679466    6.964886969    7.642629712    6.714934213
    0.314858097    6.962725046    7.640188794    6.712857264
    0.322036728    6.960514993    7.637693560    6.710734079
    0.329215359    6.958256925    7.635144144    6.708564770
    0.336393990    6.955950961    7.632540680    6.706349452
    0.343572621    6.953597221    7.629883306    6.704088240
    0.350751252    6.951195829    7.627172164    6.701781253
    0.357929883    6.948746909    7.624407397    6.699428611
    0.365108514    6.946250589    7.621589150    6.697030437
    0.372287145    6.943707000    7.618717572    6.694586857
    0.379465776    6.941116273    7.615792814    6.692097997
    0.386644407    6.938478542    7.612815030    6.689563987
    0.393823038    6.935793945    7.609784376    6.686984958
    0.401001669    6.933062619    7.606701011    6.684361044
    0.408180301    6.930284707    7.603565096    6.681692381
    0.415358932    6.927460351    7.600376795    6.678979106
    0.422537563    6.924589696    7.597136273    6.676221360
    0.429716194    6.921672890    7.593843700    6.673419283
    0.436894825    6.918710083    7.590499247    6.670573022
    0.444073456    6.915701426    7.587103086    6.667682720
    0.451252087    6.912647072    7.583655394    6.664748526
    0.458430718    6.909547178    7.580156348    6.661770591
    0.465609349    6.906401901    7.576606130    6.658749065
    0.472787980    6.903211402    7.573004921    6.655684104
    0.479966611    6.899975841    7.569352906    6.652575862
    0.487145242    6.896695383    7.565650274    6.649424497
    0.494323873    6.893370193    7.561897212    6.646230168
    0.501502504    6.890000439    7.558093913    6.642993038
    0.508681135    6.886586290    7.554240571    6.639713268
    0.515859766    6.883127918    7.550337380    6.636391025
    0.523038397    6.879625496    7.546384540    6.633026474
    0.530217028    6.876079199    7.542382250    6.629619785
    0.537395659    6.872489205    7.538330713    6.626171128
    0.544574290    6.868855690    7.534230132    6.622680674
    0.551752922    6.865178837    7.530080714    6.619148598
    0.558931553    6.861458828    7.525882667    6.615575074
    0.566110184    6.857695845    7.521636201    6.611960280
    0.573288815    6.853890076    7.517341528    6.608304395
    0.580467446    6.850041706    7.512998862    6.604607598
    0.587646077    6.846150926    7.508608419    6.600870072
    0.594824708    6.842217925    7.504170416    6.597092000
    0.602003339    6.838242896    7.499685074    6.593273567
    0.609181970    6.834226033    7.495152613    6.589414960
    0.616360601    6.830167531    7.490573257    6.585516366
    0.623539232    6.826067587    7.485947230    6.581577976
    0.630717863    6.821926398    7.481274759    6.577599979
    0.637896494    6.817744166    7.476556072    6.573582568
    0.645075125    6.813521092    7.471791399    6.569525938
    0.652253756    6.809257377    7.466980971    6.565430283
    0.659432387    6.804953227    7.462125022    6.561295800
    0.666611018    6.800608847    7.457223786    6.557122687
    0.673789649    6.796224444    7.452277499    6.552911142
    0.680968280    6.791800225    7.447286400    6.548661367
    0.688146912    6.787336402    7.442250727    6.544373563
    0.695325543    6.782833184    7.437170722    6.540047934
    0.702504174    6.778290784    7.432046626    6.535684682
    0.709682805    6.773709416    7.426878682    6.531284014
    0.716861436    6.769089293    7.421667137    6.526846136
    0.724040067    6.764430632    7.416412235    6.522371257
    0.731218698    6.759733649    7.411114225    6.517859584
    0.738397329    6.754998564    7.405773356    6.513311328
    0.745575960    6.750225594    7.400389878    6.508726700
    0.752754591    6.745414962    7.394964041    6.504105912
    0.759933222    6.740566887    7.389496100    6.499449176
    0.767111853    6.735681592    7.383986306    6.494756708
    0.774290484    6.730759301    7.378434917    6.490028722
    0.781469115    6.725800239    7.372842186    6.485265435
    0.788647746    6.720804631    7.367208373    6.480467063
    0.795826377    6.715772703    7.361533734    6.475633824
    0.803005008    6.710704683    7.355818529    6.470765937
    0.810183639    6.705600799    7.350063019    6.465863623
    0.817362270    6.700461280    7.344267465    6.460927100
    0.824540902    6.695286357    7.338432128    6.455956591
    0.831719533    6.690076259    7.332557272    6.450952318
    0.838898164    6.684831219    7.326643162    6.445914503
    0.846076795    6.679551469    7.320690061    6.440843371
    0.853255426    6.674237242    7.314698236    6.435739146
    0.860434057    6.668888772    7.308667953    6.430602052
    0.867612688    6.663506295    7.302599480    6.425432316
    0.874791319    6.658090044    7.296493084    6.420230164
    0.881969950    6.652640256    7.290349036    6.414995823
    0.889148581    6.647157168    7.284167603    6.409729521
    0.896327212    6.641641016    7.277949057    6.404431486
    0.903505843    6.636092040    7.271693668    6.399101947
    0.910684474    6.630510476    7.265401707    6.393741132
    0.917863105    6.624896564    7.259073448    6.388349274
    0.925041736    6.619250543    7.252709162    6.382926600
    0.932220367    6.613572654    7.246309124    6.377473343
    0.939398998    6.607863136    7.239873605    6.371989734
    0.946577629    6.602122231    7.233402882    6.366476004
    0.953756260    6.596350180    7.226897228    6.360932385
    0.960934891    6.590547224    7.220356919    6.355359111
    0.968113523    6.584713605    7.213782230    6.349756414
    0.975292154    6.578849567    7.207173437    6.344124527
    0.982470785    6.572955351    7.200530817    6.338463684
    0.989649416    6.567031201    7.193854645    6.332774119
    0.996828047    6.561077360    7.187145201    6.327056065
    1.004006678    6.555094072    7.180402759    6.321309758
    1.011185309    6.549081580    7.173627598    6.315535432
    1.018363940    6.543040130    7.166819996    6.309733322
    1.025542571    6.536969964    7.159980231    6.303903663
    1.032721202    6.530871328    7.153108580    6.298046690
    1.039899833    6.524744467    7.146205323    6.292162638
    1.047078464    6.518589624    7.139270737    6.286251744
    1.054257095    6.512407046    7.132305101    6.280314243
    1.061435726    6.506196977    7.125308693    6.274350370
    1.068614357    6.499959662    7.118281794    6.268360361
    1.075792988    6.493695346    7.111224680    6.262344452
    1.082971619    6.487404275    7.104137632    6.256302880
    1.090150250    6.481086694    7.097020927    6.250235879
    1.097328881    6.474742848    7.089874846    6.244143687
    1.104507513    6.468372982    7.082699665    6.238026538
    1.111686144    6.461977341    7.075495664    6.231884669
    1.118864775    6.455556171    7.068263122    6.225718316
    1.126043406    6.449109717    7.061002317    6.219527713
    1.133222037    6.442638223    7.053713527    6.213313098
    1.140400668    6.436141934    7.046397031    6.207074704
    1.147579299    6.429621096    7.039053106    6.200812769
    1.154757930    6.423075951    7.031682030    6.194527526
    1.161936561    6.416506746    7.024284081    6.188219211
    1.169115192    6.409913724    7.016859536    6.181888059
    1.176293823    6.403297128    7.009408671    6.175534304
    1.183472454    6.396657204    7.001931765    6.169158181
    1.190651085    6.389994193    6.994429093    6.162759924
    1.197829716    6.383308340    6.986900932    6.156339767
    1.205008347    6.376599887    6.979347556    6.149897943
    1.212186978    6.369869076    6.971769242    6.143434687
    1.219365609    6.363116151    6.964166265    6.136950230
    1.226544240    6.356341353    6.956538899    6.130444807
    1.233722871    6.349544924    6.948887419    6.123918648
    1.240901503    6.342727105    6.941212097    6.117371987
    1.248080134    6.335888137    6.933513209    6.110805054
    1.255258765    6.329028260    6.925791026    6.104218082
    1.262437396    6.322147715    6.918045821    6.097611300
    1.269616027    6.315246740    6.910277865    6.090984941
    1.276794658    6.308325576    6.902487430    6.084339232
    1.283973289    6.301384462    6.894674787    6.077674405
    1.291151920    6.294423634    6.886840206    6.070990689
    1.298330551    6.287443332    6.878983957    6.064288311
    1.305509182    6.280443792    6.871106308    6.057567500
    1.312687813    6.273425251    6.863207528    6.050828485
    1.319866444    6.266387945    6.855287885    6.044071491
    1.327045075    6.259332110    6.847347646    6.037296746
    1.334223706    6.252257982    6.839387078    6.030504476
    1.341402337    6.245165794    6.831406445    6.023694906
    1.348580968    6.238055781    6.823406014    6.016868261
    1.355759599    6.230928176    6.815386049    6.010024766
    1.362938230    6.223783211    6.807346813    6.003164645
    1.370116861    6.216621119    6.799288569    5.996288120
    1.377295492    6.209442132    6.791211580    5.989395414
    1.384474124    6.202246480    6.783116107    5.982486749
    1.391652755    6.195034393    6.775002411    5.975562347
    1.398831386    6.187806100    6.766870751    5.968622428
    1.406010017    6.180561831    6.758721387    5.961667212
    1.413188648    6.173301814    6.750554577    5.954696918
    1.420367279    6.166026276    6.742370578    5.947711766
    1.427545910    6.158735443    6.734169647    5.940711972
    1.434724541    6.151429542    6.725952039    5.933697754
    1.441903172    6.144108798    6.717718010    5.926669329
    1.449081803    6.136773435    6.709467813    5.919626912
    1.456260434    6.129423677    6.701201701    5.912570719
    1.463439065    6.122059746    6.692919927    5.905500963
    1.470617696    6.114681865    6.684622742    5.898417858
    1.477796327    6.107290255    6.676310396    5.891321617
    1.484974958    6.099885136    6.667983139    5.884212452
    1.492153589    6.092466729    6.659641218    5.877090574
    1.499332220    6.085035252    6.651284882    5.869956194
    1.506510851    6.077590923    6.642914377    5.862809520
    1.513689482    6.070133959    6.634529948    5.855650762
    1.520868114    6.062664576    6.626131841    5.848480128
    1.528046745    6.055182991    6.617720297    5.841297824
    1.535225376    6.047689417    6.609295561    5.834104057
    1.542404007    6.040184068    6.600857874    5.826899033
    1.549582638    6.032667158    6.592407475    5.819682956
    1.556761269    6.025138897    6.583944605    5.812456029
    1.563939900    6.017599497    6.575469502    5.805218456
    1.571118531    6.010049169    6.566982404    5.797970438
    1.578297162    6.002488120    6.558483545    5.790712176
    1.585475793    5.994916560    6.549973163    5.783443872
    1.592654424    5.987334696    6.541451490    5.776165723
    1.599833055    5.979742735    6.532918761    5.768877928
    1.607011686    5.972140881    6.524375206    5.761580685
    1.614190317    5.964529339    6.515821058    5.754274191
    1.621368948    5.956908313    6.507256544    5.746958640
    1.628547579    5.949278006    6.498681895    5.739634227
    1.635726210    5.941638618    6.490097338    5.732301147
    1.642904841    5.933990351    6.481503099    5.724959592
    1.650083472    5.926333404    6.472899404    5.717609754
    1.657262104    5.918667976    6.464286476    5.710251824
    1.664440735    5.910994265    6.455664538    5.702885992
    1.671619366    5.903312467    6.447033813    5.695512446
    1.678797997    5.895622778    6.438394521    5.688131375
    1.685976628    5.887925393    6.429746882    5.680742966
    1.693155259    5.880220505    6.421091113    5.673347405
    1.700333890    5.872508306    6.412427433    5.665944877
    1.707512521    5.864788990    6.403756057    5.658535566
    1.714691152    5.857062745    6.395077200    5.651119656
    1.721869783    5.849329762    6.386391076    5.643697327
    1.729048414    5.841590229    6.377697896    5.636268763
    1.736227045    5.833844334    6.368997873    5.628834141
    1.743405676    5.826092263    6.360291217    5.621393643
    1.750584307    5.818334202    6.351578136    5.613947445
    1.757762938    5.810570335    6.342858838    5.606495726
    1.764941569    5.802800844    6.334133529    5.599038660
    1.772120200    5.795025914    6.325402415    5.591576424
    1.779298831    5.787245724    6.316665700    5.584109191
    1.786477462    5.779460455    6.307923586    5.576637134
    1.793656093    5.771670286    6.299176275    5.569160426
    1.800834725    5.763875394    6.290423968    5.561679237
    1.808013356    5.756075958    6.281666864    5.554193737
    1.815191987    5.748272152    6.272905160    5.546704095
    1.822370618    5.740464152    6.264139054    5.539210479
    1.829549249    5.732652132    6.255368740    5.531713057
    1.836727880    5.724836263    6.246594413    5.524211993
    1.843906511    5.717016718    6.237816267    5.516707453
    1.851085142    5.709193667    6.229034492    5.509199600
    1.858263773    5.701367280    6.220249279    5.501688597
    1.865442404    5.693537724    6.211460818    5.494174606
    1.872621035    5.685705168    6.202669297    5.486657787
    1.879799666    5.677869777    6.193874902    5.479138301
    1.886978297    5.670031716    6.185077819    5.471616305
    1.894156928    5.662191150    6.176278232    5.464091956
    1.901335559    5.654348241    6.167476325    5.456565413
    1.908514190    5.646503152    6.158672279    5.449036829
    1.915692821    5.638656042    6.149866275    5.441506360
    1.922871452    5.630807073    6.141058492    5.433974158
    1.930050083    5.622956401    6.132249109    5.426440376
    1.937228715    5.615104185    6.123438301    5.418905165
    1.944407346    5.607250582    6.114626246    5.411368675
    1.951585977    5.599395746    6.105813117    5.403831056
    1.958764608    5.591539831    6.096999087    5.396292455
    1.965943239    5.583682992    6.088184328    5.388753020
    1.973121870    5.575825379    6.079369011    5.381212896
    1.980300501    5.567967145    6.070553305    5.373672228
    1.987479132    5.560108438    6.061737379    5.366131161
    1.994657763    5.552249408    6.052921399    5.358589837
    2.001836394    5.544390203    6.044105532    5.351048398
    2.009015025    5.536530968    6.035289940    5.343506984
    2.016193656    5.528671850    6.026474789    5.335965736
    2.023372287    5.520812993    6.017660239    5.328424792
    2.030550918    5.512954541    6.008846452    5.320884290
    2.037729549    5.505096635    6.000033587    5.313344367
    2.044908180    5.497239418    5.991221802    5.305805157
    2.052086811    5.489383028    5.982411254    5.298266795
    2.059265442    5.481527607    5.973602100    5.290729416
    2.066444073    5.473673290    5.964794494    5.283193151
    2.073622705    5.465820216    5.955988588    5.275658132
    2.080801336    5.457968520    5.947184537    5.268124489
    2.087979967    5.450118337    5.938382489    5.260592351
    2.095158598    5.442269801    5.929582596    5.253061848
    2.102337229    5.434423044    5.920785005    5.245533106
    2.109515860    5.426578198    5.911989865    5.238006251
    2.116694491    5.418735395    5.903197320    5.230481409
    2.123873122    5.410894762    5.894407516    5.222958705
    2.131051753    5.403056429    5.885620598    5.215438260
    2.138230384    5.395220523    5.876836706    5.207920199
    2.145409015    5.387387170    5.868055983    5.200404641
    2.152587646    5.379556496    5.859278569    5.192891707
    2.159766277    5.371728626    5.850504602    5.185381516
    2.166944908    5.363903681    5.841734221    5.177874187
    2.174123539    5.356081785    5.832967561    5.170369836
    2.181302170    5.348263058    5.824204759    5.162868580
    2.188480801    5.340447621    5.815445949    5.155370535
    2.195659432    5.332635593    5.806691263    5.147875813
    2.202838063    5.324827091    5.797940833    5.140384529
    2.210016694    5.317022234    5.789194790    5.132896795
    2.217195326    5.309221136    5.780453265    5.125412722
    2.224373957    5.301423913    5.771716384    5.117932419
    2.231552588    5.293630678    5.762984275    5.110455998
    2.238731219    5.285841546    5.754257065    5.102983565
    2.245909850    5.278056627    5.745534878    5.095515229
    2.253088481    5.270276033    5.736817838    5.088051095
    2.260267112    5.262499873    5.728106068    5.080591269
    2.267445743    5.254728257    5.719399689    5.073135855
    2.274624374    5.246961292    5.710698821    5.065684958
    2.281803005    5.239199086    5.702003585    5.058238679
    2.288981636    5.231441744    5.693314097    5.050797120
    2.296160267    5.223689371    5.684630475    5.043360382
    2.303338898    5.215942072    5.675952835    5.035928564
    2.310517529    5.208199949    5.667281291    5.028501765
    2.317696160    5.200463104    5.658615958    5.021080083
    2.324874791    5.192731639    5.649956948    5.013663615
    2.332053422    5.185005654    5.641304371    5.006252457
    2.339232053    5.177285247    5.632658340    4.998846704
    2.346410684    5.169570516    5.624018963    4.991446449
    2.353589316    5.161861560    5.615386347    4.984051787
    2.360767947    5.154158475    5.606760601    4.976662809
    2.367946578    5.146461355    5.598141831    4.969279606
    2.375125209    5.138770295    5.589530141    4.961902270
    2.382303840    5.131085389    5.580925635    4.954530890
    2.389482471    5.123406728    5.572328416    4.947165553
    2.396661102    5.115734406    5.563738586    4.939806349
    2.403839733    5.108068511    5.555156246    4.932453364
    2.411018364    5.100409135    5.546581495    4.925106684
    2.418196995    5.092756365    5.538014433    4.917766393
    2.425375626    5.085110290    5.529455156    4.910432577
    2.432554257    5.077470997    5.520903761    4.903105318
    2.439732888    5.069838571    5.512360344    4.895784699
    2.446911519    5.062213099    5.503825000    4.888470802
    2.454090150    5.054594663    5.495297822    4.881163707
    2.461268781    5.046983348    5.486778902    4.873863494
    2.468447412    5.039379237    5.478268332    4.866570242
    2.475626043    5.031782409    5.469766203    4.859284029
    2.482804674    5.024192948    5.461272604    4.852004933
    2.489983306    5.016610931    5.452787623    4.844733030
    2.497161937    5.009036439    5.444311349    4.837468396
    2.504340568    5.001469549    5.435843867    4.830211105
    2.511519199    4.993910339    5.427385263    4.822961231
    2.518697830    4.986358885    5.418935623    4.815718848
    2.525876461    4.978815262    5.410495029    4.808484028
    2.533055092    4.971279546    5.402063564    4.801256843
    2.540233723    4.963751810    5.393641311    4.794037362
    2.547412354    4.956232127    5.385228349    4.786825657
    2.554590985    4.948720569    5.376824759    4.779621795
    2.561769616    4.941217207    5.368430620    4.772425846
    2.568948247    4.933722113    5.360046009    4.765237876
    2.576126878    4.926235356    5.351671003    4.758057954
    2.583305509    4.918757005    5.343305680    4.750886143
    2.590484140    4.911287127    5.334950113    4.743722510
    2.597662771    4.903825790    5.326604377    4.736567119
    2.604841402    4.896373061    5.318268547    4.729420034
    2.612020033    4.888929005    5.309942693    4.722281317
    2.619198664    4.881493687    5.301626888    4.715151030
    2.626377295    4.874067171    5.293321202    4.708029235
    2.633555927    4.866649521    5.285025706    4.700915992
    2.640734558    4.859240798    5.276740468    4.693811361
    2.647913189    4.851841065    5.268465556    4.686715401
    2.655091820    4.844450383    5.260201037    4.679628170
    2.662270451    4.837068811    5.251946978    4.672549726
    2.669449082    4.829696410    5.243703445    4.665480126
    2.676627713    4.822333237    5.235470501    4.658419426
    2.683806344    4.814979351    5.227248211    4.651367681
    2.690984975    4.807634809    5.219036637    4.644324946
    2.698163606    4.800299668    5.210835842    4.637291274
    2.705342237    4.792973983    5.202645887    4.630266720
    2.712520868    4.785657809    5.194466832    4.623251335
    2.719699499    4.778351200    5.186298736    4.616245172
    2.726878130    4.771054210    5.178141660    4.609248281
    2.734056761    4.763766891    5.169995660    4.602260713
    2.741235392    4.756489296    5.161860794    4.595282518
    2.748414023    4.749221476    5.153737119    4.588313745
    2.755592654    4.741963482    5.145624689    4.581354442
    2.762771285    4.734715364    5.137523559    4.574404657
    2.769949917    4.727477170    5.129433785    4.567464437
    2.777128548    4.720248950    5.121355418    4.560533828
    2.784307179    4.713030752    5.113288511    4.553612876
    2.791485810    4.705822621    5.105233116    4.546701627
    2.798664441    4.698624606    5.097189285    4.539800124
    2.805843072    4.691436752    5.089157066    4.532908412
    2.813021703    4.684259104    5.081136509    4.526026533
    2.820200334    4.677091706    5.073127664    4.519154530
    2.827378965    4.669934603    5.065130578    4.512292445
    2.834557596    4.662787838    5.057145298    4.505440319
    2.841736227    4.655651453    5.049171871    4.498598193
    2.848914858    4.648525489    5.041210343    4.491766107
    2.856093489    4.641409990    5.033260757    4.484944099
    2.863272120    4.634304994    5.025323160    4.478132210
    2.870450751    4.627210542    5.017397594    4.471330476
    2.877629382    4.620126673    5.009484102    4.464538936
    2.884808013    4.613053427    5.001582726    4.457757627
    2.891986644    4.605990841    4.993693509    4.450986584
    2.899165275    4.598938952    4.985816490    4.444225844
    2.906343907    4.591897798    4.977951709    4.437475441
    2.913522538    4.584867415    4.970099207    4.430735411
    2.920701169    4.577847838    4.962259022    4.424005788
    2.927879800    4.570839103    4.954431192    4.417286604
    2.935058431    4.563841245    4.946615755    4.410577893
    2.942237062    4.556854296    4.938812747    4.403879687
    2.949415693    4.549878291    4.931022204    4.397192017
    2.956594324    4.542913261    4.923244162    4.390514916
    2.963772955    4.535959241    4.915478655    4.383848413
    2.970951586    4.529016260    4.907725719    4.377192539
    2.978130217    4.522084350    4.899985386    4.370547324
    2.985308848    4.515163541    4.892257689    4.363912795
    2.992487479    4.508253864    4.884542660    4.357288983
    2.999666110    4.501355348    4.876840332    4.350675914
    3.006844741    4.494468021    4.869150735    4.344073616
    3.014023372    4.487591912    4.861473900    4.337482116
    3.021202003    4.480727048    4.853809856    4.330901441
    3.028380634    4.473873457    4.846158633    4.324331616
    3.035559265    4.467031166    4.838520260    4.317772667
    3.042737896    4.460200200    4.830894764    4.311224618
    3.049916528    4.453380585    4.823282173    4.304687494
    3.057095159    4.446572347    4.815682513    4.298161319
    3.064273790    4.439775509    4.808095812    4.291646116
    3.071452421    4.432990097    4.800522095    4.285141908
    3.078631052    4.426216133    4.792961387    4.278648717
    3.085809683    4.419453640    4.785413713    4.272166566
    3.092988314    4.412702641    4.777879096    4.265695475
    3.100166945    4.405963159    4.770357560    4.259235465
    3.107345576    4.399235214    4.762849129    4.252786558
    3.114524207    4.392518829    4.755353824    4.246348773
    3.121702838    4.385814022    4.747871668    4.239922129
    3.128881469    4.379120816    4.740402681    4.233506647
    3.136060100    4.372439228    4.732946885    4.227102343
    3.143238731    4.365769279    4.725504300    4.220709237
    3.150417362    4.359110987    4.718074945    4.214327346
    3.157595993    4.352464370    4.710658840    4.207956688
    3.164774624    4.345829447    4.703256004    4.201597280
    3.171953255    4.339206234    4.695866455    4.195249137
    3.179131886    4.332594749    4.688490210    4.188912276
    3.186310518    4.325995007    4.681127287    4.182586712
    3.193489149    4.319407026    4.673777702    4.176272461
    3.200667780    4.312830820    4.666441472    4.169969537
    3.207846411    4.306266404    4.659118613    4.163677955
    3.215025042    4.299713794    4.651809139    4.157397728
    3.222203673    4.293173003    4.644513066    4.151128869
    3.229382304    4.286644046    4.637230407    4.144871393
    3.236560935    4.280126935    4.629961177    4.138625311
    3.243739566    4.273621685    4.622705389    4.132390636
    3.250918197    4.267128307    4.615463057    4.126167380
    3.258096828    4.260646813    4.608234191    4.119955554
    3.265275459    4.254177216    4.601018805    4.113755170
    3.272454090    4.247719527    4.593816910    4.107566237
    3.279632721    4.241273756    4.586628518    4.101388766
    3.286811352    4.234839915    4.579453638    4.095222768
    3.293989983    4.228418013    4.572292281    4.089068251
    3.301168614    4.222008061    4.565144457    4.082925226
    3.308347245    4.215610068    4.558010175    4.076793700
    3.315525876    4.209224042    4.550889445    4.070673682
    3.322704508    4.202849993    4.543782275    4.064565181
    3.329883139    4.196487929    4.536688672    4.058468204
    3.337061770    4.190137857    4.529608645    4.052382759
    3.344240401    4.183799786    4.522542201    4.046308851
    3.351419032    4.177473722    4.515489348    4.040246489
    3.358597663    4.171159673    4.508450090    4.034195679
    3.365776294    4.164857644    4.501424435    4.028156426
    3.372954925    4.158567643    4.494412388    4.022128737
    3.380133556    4.152289674    4.487413955    4.016112615
    3.387312187    4.146023743    4.480429140    4.010108068
    3.394490818    4.139769855    4.473457949    4.004115098
    3.401669449    4.133528016    4.466500385    3.998133712
    3.408848080    4.127298229    4.459556452    3.992163911
    3.416026711    4.121080498    4.452626153    3.986205701
    3.423205342    4.114874827    4.445709492    3.980259085
    3.430383973    4.108681220    4.438806471    3.974324065
    3.437562604    4.102499680    4.431917094    3.968400645
    3.444741235    4.096330210    4.425041360    3.962488827
    3.451919866    4.090172811    4.418179274    3.956588612
    3.459098497    4.084027487    4.411330835    3.950700004
    3.466277129    4.077894238    4.404496044    3.944823003
    3.473455760    4.071773067    4.397674903    3.938957611
    3.480634391    4.065663975    4.390867411    3.933103829
    3.487813022    4.059566962    4.384073569    3.927261657
    3.494991653    4.053482030    4.377293376    3.921431096
    3.502170284    4.047409178    4.370526832    3.915612146
    3.509348915    4.041348407    4.363773934    3.909804806
    3.516527546    4.035299716    4.357034683    3.904009077
    3.523706177    4.029263105    4.350309076    3.898224958
    3.530884808    4.023238573    4.343597111    3.892452447
    3.538063439    4.017226119    4.336898787    3.886691543
    3.545242070    4.011225742    4.330214099    3.880942245
    3.552420701    4.005237439    4.323543047    3.875204551
    3.559599332    3.999261210    4.316885625    3.869478459
    3.566777963    3.993297051    4.310241832    3.863763967
    3.573956594    3.987344960    4.303611662    3.858061071
    3.581135225    3.981404935    4.296995112    3.852369770
    3.588313856    3.975476972    4.290392178    3.846690060
    3.595492487    3.969561069    4.283802855    3.841021938
    3.602671119    3.963657222    4.277227137    3.835365400
    3.609849750    3.957765426    4.270665021    3.829720443
    3.617028381    3.951885679    4.264116499    3.824087062
    3.624207012    3.946017975    4.257581566    3.818465254
    3.631385643    3.940162311    4.251060217    3.812855013
    3.638564274    3.934318682    4.244552445    3.807256335
    3.645742905    3.928487081    4.238058244    3.801669215
    3.652921536    3.922667506    4.231577606    3.796093648
    3.660100167    3.916859949    4.225110524    3.790529628
    3.667278798    3.911064405    4.218656992    3.784977150
    3.674457429    3.905280869    4.212217001    3.779436208
    3.681636060    3.899509333    4.205790544    3.773906795
    3.688814691    3.893749793    4.199377612    3.768388906
    3.695993322    3.888002241    4.192978197    3.762882534
    3.703171953    3.882266670    4.186592291    3.757387672
    3.710350584    3.876543074    4.180219885    3.751904314
    3.717529215    3.870831445    4.173860970    3.746432452
    3.724707846    3.865131775    4.167515536    3.740972079
    3.731886477    3.859444058    4.161183573    3.735523187
    3.739065109    3.853768285    4.154865073    3.730085769
    3.746243740    3.848104448    4.148560026    3.724659816
    3.753422371    3.842452538    4.142268420    3.719245322
    3.760601002    3.836812549    4.135990245    3.713842276
    3.767779633    3.831184470    4.129725492    3.708450672
    3.774958264    3.825568293    4.123474149    3.703070499
    3.782136895    3.819964009    4.117236204    3.697701750
    3.789315526    3.814371608    4.111011647    3.692344415
    3.796494157    3.808791082    4.104800467    3.686998485
    3.803672788    3.803222420    4.098602651    3.681663951
    3.810851419    3.797665613    4.092418188    3.676340803
    3.818030050    3.792120651    4.086247065    3.671029032
    3.825208681    3.786587523    4.080089271    3.665728626
    3.832387312    3.781066220    4.073944793    3.660439577
    3.839565943    3.775556730    4.067813617    3.655161874
    3.846744574    3.770059044    4.061695732    3.649895507
    3.853923205    3.764573149    4.055591125    3.644640465
    3.861101836    3.759099036    4.049499781    3.639396737
    3.868280467    3.753636693    4.043421688    3.634164312
    3.875459098    3.748186109    4.037356832    3.628943180
    3.882637730    3.742747272    4.031305200    3.623733329
    3.889816361    3.737320170    4.025266777    3.618534748
    3.896994992    3.731904792    4.019241549    3.613347425
    3.904173623    3.726501126    4.013229502    3.608171349
    3.911352254    3.721109159    4.007230621    3.603006507
    3.918530885    3.715728880    4.001244892    3.597852888
    3.925709516    3.710360275    3.995272301    3.592710480
    3.932888147    3.705003332    3.989312831    3.587579270
    3.940066778    3.699658039    3.983366469    3.582459247
    3.947245409    3.694324382    3.977433199    3.577350397
    3.954424040    3.689002349    3.971513004    3.572252708
    3.961602671    3.683691926    3.965605871    3.567166167
    3.968781302    3.678393100    3.959711783    3.562090761
    3.975959933    3.673105858    3.953830724    3.557026477
    3.983138564    3.667830186    3.947962678    3.551973302
    3.990317195    3.662566070    3.942107629    3.546931223
    3.997495826    3.657313496    3.936265561    3.541900226
    4.004674457    3.652072451    3.930436457    3.536880298
    4.011853088    3.646842921    3.924620301    3.531871424
    4.019031720    3.641624890    3.918817076    3.526873592
    4.026210351    3.636418345    3.913026764    3.521886787
    4.033388982    3.631223272    3.907249350    3.516910995
    4.040567613    3.626039655    3.901484816    3.511946202
    4.047746244    3.620867480    3.895733145    3.506992394
    4.054924875    3.615706732    3.889994319    3.502049556
    4.062103506    3.610557397    3.884268321    3.497117674
    4.069282137    3.605419459    3.878555133    3.492196734
    4.076460768    3.600292902    3.872854737    3.487286720
    4.083639399    3.595177712    3.867167116    3.482387617
    4.090818030    3.590073874    3.861492252    3.477499412
    4.097996661    3.584981371    3.855830126    3.472622088
    4.105175292    3.579900188    3.850180720    3.467755632
    4.112353923    3.574830310    3.844544017    3.462900026
    4.119532554    3.569771720    3.838919996    3.458055257
    4.126711185    3.564724403    3.833308641    3.453221308
    4.133889816    3.559688343    3.827709932    3.448398165
    4.141068447    3.554663523    3.822123850    3.443585812
    4.148247078    3.549649928    3.816550377    3.438784232
    4.155425710    3.544647540    3.810989494    3.433993411
    4.162604341    3.539656344    3.805441181    3.429213332
    4.169782972    3.534676324    3.799905420    3.424443979
    4.176961603    3.529707461    3.794382190    3.419685336
    4.184140234    3.524749741    3.788871474    3.414937388
    4.191318865    3.519803145    3.783373250    3.410200117
    4.198497496    3.514867658    3.777887501    3.405473509
    4.205676127    3.509943262    3.772414205    3.400757545
    4.212854758    3.505029940    3.766953344    3.396052210
    4.220033389    3.500127676    3.761504897    3.391357488
    4.227212020    3.495236451    3.756068845    3.386673361
    4.234390651    3.490356249    3.750645167    3.381999813
    4.241569282    3.485487052    3.745233843    3.377336827
    4.248747913    3.480628844    3.739834854    3.372684386
    4.255926544    3.475781605    3.734448180    3.368042474
    4.263105175    3.470945320    3.729073798    3.363411074
    4.270283806    3.466119970    3.723711690    3.358790167
    4.277462437    3.461305537    3.718361835    3.354179738
    4.284641068    3.456502003    3.713024212    3.349579770
    4.291819699    3.451709352    3.707698801    3.344990243
    4.298998331    3.446927565    3.702385581    3.340411143
    4.306176962    3.442156623    3.697084531    3.335842450
    4.313355593    3.437396509    3.691795630    3.331284149
    4.320534224    3.432647206    3.686518858    3.326736220
    4.327712855    3.427908693    3.681254193    3.322198647
    4.334891486    3.423180954    3.676001614    3.317671412
    4.342070117    3.418463970    3.670761101    3.313154497
    4.349248748    3.413757722    3.665532632    3.308647885
    4.356427379    3.409062193    3.660316186    3.304151558
    4.363606010    3.404377363    3.655111741    3.299665498
    4.370784641    3.399703215    3.649919276    3.295189686
    4.377963272    3.395039729    3.644738770    3.290724106
    4.385141903    3.390386887    3.639570202    3.286268739
    4.392320534    3.385744670    3.634413549    3.281823567
    4.399499165    3.381113059    3.629268791    3.277388571
    4.406677796    3.376492037    3.624135905    3.272963735
    4.413856427    3.371881583    3.619014870    3.268549039
    4.421035058    3.367281679    3.613905665    3.264144465
    4.428213689    3.362692306    3.608808266    3.259749996
    4.435392321    3.358113445    3.603722653    3.255365612
    4.442570952    3.353545076    3.598648804    3.250991296
    4.449749583    3.348987182    3.593586697    3.246627028
    4.456928214    3.344439742    3.588536309    3.242272791
    4.464106845    3.339902738    3.583497620    3.237928566
    4.471285476    3.335376150    3.578470606    3.233594335
    4.478464107    3.330859959    3.573455245    3.229270078
    4.485642738    3.326354146    3.568451516    3.224955777
    4.492821369    3.321858691    3.563459396    3.220651414
    4.500000000    3.317373576    3.558478864    3.216356971
