 &plot nbnd=   8, nks=   251 /
            0.000000  0.000000  0.000000
    3.465   10.132   10.132   10.132   11.056   11.056   36.719   39.634
            0.000000  0.020000  0.000000
    3.470   10.131   10.134   10.134   11.055   11.057   36.701   39.565
            0.000000  0.040000  0.000000
    3.485   10.126   10.138   10.138   11.050   11.058   36.648   39.375
            0.000000  0.060000  0.000000
    3.511   10.118   10.144   10.144   11.043   11.061   36.564   39.102
            0.000000  0.080000  0.000000
    3.547   10.106   10.153   10.153   11.032   11.066   36.453   38.778
            0.000000  0.100000  0.000000
    3.593   10.092   10.165   10.165   11.019   11.071   36.319   38.425
            0.000000  0.120000  0.000000
    3.649   10.074   10.179   10.179   11.003   11.077   36.169   38.054
            0.000000  0.140000  0.000000
    3.715   10.053   10.195   10.195   10.984   11.085   36.005   37.673
            0.000000  0.160000  0.000000
    3.791   10.030   10.214   10.214   10.963   11.094   35.832   37.286
            0.000000  0.180000  0.000000
    3.876   10.003   10.236   10.236   10.940   11.103   35.654   36.898
            0.000000  0.200000  0.000000
    3.972    9.974   10.260   10.260   10.914   11.114   35.472   36.509
            0.000000  0.220000  0.000000
    4.076    9.943   10.287   10.287   10.886   11.126   35.290   36.121
            0.000000  0.240000  0.000000
    4.191    9.909   10.315   10.315   10.857   11.138   35.108   35.735
            0.000000  0.260000  0.000000
    4.314    9.873   10.347   10.347   10.826   11.152   34.928   35.352
            0.000000  0.280000  0.000000
    4.446    9.834   10.380   10.380   10.794   11.166   34.751   34.973
            0.000000  0.300000  0.000000
    4.587    9.794   10.416   10.416   10.762   11.182   34.577   34.598
            0.000000  0.320000  0.000000
    4.736    9.752   10.453   10.453   10.729   11.197   34.228   34.228
            0.000000  0.340000  0.000000
    4.893    9.709   10.493   10.493   10.696   11.214   33.863   33.863
            0.000000  0.360000  0.000000
    5.057    9.664   10.535   10.535   10.664   11.231   33.503   33.503
            0.000000  0.380000  0.000000
    5.228    9.618   10.579   10.579   10.634   11.249   33.150   33.150
            0.000000  0.400000  0.000000
    5.405    9.571   10.606   10.624   10.624   11.267   32.802   32.802
            0.000000  0.420000  0.000000
    5.588    9.523   10.580   10.671   10.671   11.286   32.461   32.461
            0.000000  0.440000  0.000000
    5.775    9.475   10.559   10.720   10.720   11.305   32.127   32.127
            0.000000  0.460000  0.000000
    5.965    9.426   10.543   10.770   10.770   11.324   31.800   31.800
            0.000000  0.480000  0.000000
    6.158    9.377   10.534   10.822   10.822   11.343   31.481   31.481
            0.000000  0.500000  0.000000
    6.350    9.328   10.533   10.874   10.874   11.363   31.169   31.169
            0.000000  0.520000  0.000000
    6.542    9.279   10.542   10.928   10.928   11.382   30.865   30.865
            0.000000  0.540000  0.000000
    6.730    9.231   10.563   10.982   10.982   11.402   30.570   30.570
            0.000000  0.560000  0.000000
    6.912    9.184   10.599   11.037   11.037   11.421   30.284   30.284
            0.000000  0.580000  0.000000
    7.086    9.137   10.653   11.092   11.092   11.440   30.006   30.006
            0.000000  0.600000  0.000000
    7.248    9.091   10.726   11.147   11.147   11.459   29.574   29.738
            0.000000  0.620000  0.000000
    7.397    9.046   10.822   11.202   11.202   11.478   28.993   29.480
            0.000000  0.640000  0.000000
    7.530    9.002   10.942   11.257   11.257   11.496   28.414   29.232
            0.000000  0.660000  0.000000
    7.646    8.960   11.086   11.311   11.311   11.514   27.840   28.995
            0.000000  0.680000  0.000000
    7.745    8.920   11.256   11.364   11.364   11.531   27.272   28.768
            0.000000  0.700000  0.000000
    7.827    8.881   11.416   11.416   11.450   11.547   26.712   28.553
            0.000000  0.720000  0.000000
    7.893    8.844   11.467   11.467   11.563   11.667   26.160   28.349
            0.000000  0.740000  0.000000
    7.945    8.809   11.516   11.516   11.578   11.904   25.619   28.157
            0.000000  0.760000  0.000000
    7.985    8.776   11.563   11.563   11.592   12.158   25.089   27.978
            0.000000  0.780000  0.000000
    8.015    8.745   11.605   11.607   11.607   12.425   24.574   27.811
            0.000000  0.800000  0.000000
    8.037    8.717   11.617   11.649   11.649   12.703   24.074   27.657
            0.000000  0.820000  0.000000
    8.052    8.691   11.629   11.688   11.688   12.986   23.593   27.517
            0.000000  0.840000  0.000000
    8.063    8.667   11.639   11.723   11.723   13.272   23.133   27.390
            0.000000  0.860000  0.000000
    8.069    8.647   11.648   11.755   11.755   13.554   22.700   27.278
            0.000000  0.880000  0.000000
    8.073    8.628   11.656   11.784   11.784   13.826   22.297   27.180
            0.000000  0.900000  0.000000
    8.075    8.613   11.663   11.808   11.808   14.083   21.932   27.096
            0.000000  0.920000  0.000000
    8.076    8.600   11.668   11.828   11.828   14.314   21.612   27.028
            0.000000  0.940000  0.000000
    8.076    8.590   11.673   11.844   11.844   14.511   21.346   26.974
            0.000000  0.960000  0.000000
    8.076    8.583   11.676   11.856   11.856   14.662   21.147   26.936
            0.000000  0.980000  0.000000
    8.075    8.579   11.678   11.863   11.863   14.758   21.022   26.913
            0.000000  1.000000  0.000000
    8.075    8.577   11.678   11.865   11.865   14.791   20.979   26.905
            0.010000  1.000000  0.000000
    8.076    8.578   11.678   11.862   11.865   14.795   20.979   26.896
            0.020000  1.000000  0.000000
    8.078    8.579   11.676   11.854   11.865   14.806   20.981   26.869
            0.030000  1.000000  0.000000
    8.081    8.581   11.674   11.840   11.865   14.826   20.983   26.824
            0.040000  1.000000  0.000000
    8.085    8.583   11.670   11.822   11.865   14.852   20.986   26.764
            0.050000  1.000000  0.000000
    8.091    8.587   11.666   11.798   11.865   14.886   20.989   26.688
            0.060000  1.000000  0.000000
    8.098    8.591   11.661   11.770   11.865   14.927   20.994   26.599
            0.070000  1.000000  0.000000
    8.106    8.596   11.654   11.737   11.865   14.974   20.999   26.498
            0.080000  1.000000  0.000000
    8.115    8.602   11.647   11.701   11.865   15.027   21.006   26.386
            0.090000  1.000000  0.000000
    8.125    8.608   11.639   11.661   11.865   15.086   21.013   26.266
            0.100000  1.000000  0.000000
    8.137    8.615   11.618   11.630   11.865   15.150   21.021   26.137
            0.110000  1.000000  0.000000
    8.149    8.623   11.573   11.620   11.865   15.219   21.030   26.002
            0.120000  1.000000  0.000000
    8.163    8.632   11.525   11.609   11.865   15.292   21.040   25.861
            0.130000  1.000000  0.000000
    8.178    8.641   11.476   11.597   11.865   15.370   21.050   25.716
            0.140000  1.000000  0.000000
    8.194    8.652   11.424   11.585   11.865   15.452   21.062   25.566
            0.150000  1.000000  0.000000
    8.211    8.663   11.371   11.571   11.865   15.537   21.074   25.413
            0.160000  1.000000  0.000000
    8.229    8.675   11.317   11.557   11.865   15.626   21.088   25.257
            0.170000  1.000000  0.000000
    8.247    8.687   11.262   11.542   11.865   15.717   21.103   25.099
            0.180000  1.000000  0.000000
    8.267    8.701   11.206   11.526   11.865   15.812   21.118   24.940
            0.190000  1.000000  0.000000
    8.288    8.715   11.150   11.509   11.865   15.910   21.135   24.778
            0.200000  1.000000  0.000000
    8.309    8.730   11.093   11.492   11.865   16.010   21.152   24.616
            0.210000  1.000000  0.000000
    8.331    8.746   11.036   11.474   11.865   16.113   21.171   24.452
            0.220000  1.000000  0.000000
    8.353    8.762   10.978   11.456   11.866   16.218   21.191   24.288
            0.230000  1.000000  0.000000
    8.377    8.780   10.921   11.436   11.866   16.326   21.212   24.123
            0.240000  1.000000  0.000000
    8.401    8.798   10.864   11.417   11.866   16.435   21.234   23.958
            0.250000  1.000000  0.000000
    8.425    8.817   10.807   11.397   11.866   16.547   21.257   23.793
            0.260000  1.000000  0.000000
    8.450    8.836   10.750   11.376   11.866   16.660   21.281   23.628
            0.270000  1.000000  0.000000
    8.475    8.857   10.693   11.355   11.866   16.776   21.307   23.463
            0.280000  1.000000  0.000000
    8.500    8.878   10.637   11.334   11.866   16.893   21.333   23.298
            0.290000  1.000000  0.000000
    8.525    8.901   10.581   11.313   11.866   17.012   21.361   23.133
            0.300000  1.000000  0.000000
    8.550    8.924   10.525   11.292   11.866   17.132   21.391   22.969
            0.310000  1.000000  0.000000
    8.576    8.947   10.470   11.270   11.866   17.254   21.421   22.805
            0.320000  1.000000  0.000000
    8.601    8.972   10.416   11.249   11.866   17.378   21.453   22.642
            0.330000  1.000000  0.000000
    8.626    8.998   10.362   11.228   11.866   17.503   21.486   22.479
            0.340000  1.000000  0.000000
    8.650    9.024   10.309   11.207   11.866   17.630   21.521   22.317
            0.350000  1.000000  0.000000
    8.674    9.051   10.257   11.186   11.866   17.758   21.556   22.156
            0.360000  1.000000  0.000000
    8.697    9.079   10.205   11.166   11.866   17.888   21.593   21.995
            0.370000  1.000000  0.000000
    8.720    9.108   10.154   11.147   11.866   18.019   21.631   21.835
            0.380000  1.000000  0.000000
    8.742    9.138   10.103   11.128   11.866   18.151   21.671   21.676
            0.390000  1.000000  0.000000
    8.762    9.168   10.054   11.110   11.866   18.285   21.518   21.711
            0.400000  1.000000  0.000000
    8.781    9.200   10.005   11.093   11.866   18.420   21.360   21.753
            0.410000  1.000000  0.000000
    8.799    9.232    9.957   11.078   11.866   18.556   21.203   21.795
            0.420000  1.000000  0.000000
    8.816    9.265    9.909   11.063   11.866   18.694   21.048   21.838
            0.430000  1.000000  0.000000
    8.831    9.299    9.863   11.050   11.866   18.833   20.893   21.881
            0.440000  1.000000  0.000000
    8.844    9.334    9.817   11.038   11.866   18.972   20.739   21.924
            0.450000  1.000000  0.000000
    8.856    9.369    9.772   11.028   11.866   19.114   20.586   21.965
            0.460000  1.000000  0.000000
    8.865    9.406    9.728   11.020   11.866   19.256   20.434   22.004
            0.470000  1.000000  0.000000
    8.873    9.443    9.685   11.013   11.866   19.399   20.283   22.039
            0.480000  1.000000  0.000000
    8.878    9.481    9.643   11.009   11.866   19.544   20.133   22.067
            0.490000  1.000000  0.000000
    8.881    9.520    9.601   11.006   11.866   19.690   19.984   22.085
            0.500000  1.000000  0.000000
    8.882    9.560    9.560   11.005   11.866   19.836   19.836   22.092
            0.500000  0.990000  0.010000
    8.883    9.558    9.561   11.005   11.865   19.811   19.824   22.120
            0.500000  0.980000  0.020000
    8.886    9.553    9.564   11.005   11.861   19.739   19.790   22.200
            0.500000  0.970000  0.030000
    8.891    9.544    9.568   11.005   11.855   19.629   19.735   22.325
            0.500000  0.960000  0.040000
    8.898    9.532    9.574   11.005   11.846   19.490   19.663   22.484
            0.500000  0.950000  0.050000
    8.907    9.516    9.581   11.004   11.836   19.330   19.579   22.670
            0.500000  0.940000  0.060000
    8.918    9.497    9.590   11.003   11.824   19.156   19.487   22.875
            0.500000  0.930000  0.070000
    8.931    9.475    9.601   11.001   11.810   18.974   19.388   23.095
            0.500000  0.920000  0.080000
    8.945    9.450    9.613   10.999   11.794   18.785   19.286   23.326
            0.500000  0.910000  0.090000
    8.962    9.422    9.627   10.995   11.778   18.592   19.183   23.568
            0.500000  0.900000  0.100000
    8.980    9.391    9.642   10.989   11.761   18.396   19.080   23.817
            0.500000  0.890000  0.110000
    9.001    9.357    9.659   10.981   11.745   18.200   18.979   24.074
            0.500000  0.880000  0.120000
    9.023    9.321    9.678   10.972   11.728   18.003   18.880   24.336
            0.500000  0.870000  0.130000
    9.047    9.283    9.698   10.959   11.712   17.807   18.784   24.604
            0.500000  0.860000  0.140000
    9.073    9.243    9.719   10.944   11.698   17.611   18.692   24.877
            0.500000  0.850000  0.150000
    9.101    9.201    9.742   10.927   11.684   17.416   18.603   25.154
            0.500000  0.840000  0.160000
    9.131    9.157    9.766   10.906   11.673   17.223   18.519   25.436
            0.500000  0.830000  0.170000
    9.111    9.162    9.791   10.883   11.663   17.031   18.438   25.722
            0.500000  0.820000  0.180000
    9.064    9.195    9.818   10.857   11.654   16.841   18.362   26.012
            0.500000  0.810000  0.190000
    9.015    9.229    9.846   10.829   11.648   16.653   18.290   26.306
            0.500000  0.800000  0.200000
    8.966    9.265    9.876   10.799   11.643   16.466   18.222   26.603
            0.500000  0.790000  0.210000
    8.915    9.302    9.907   10.767   11.640   16.282   18.159   26.904
            0.500000  0.780000  0.220000
    8.864    9.340    9.940   10.733   11.638   16.100   18.099   27.208
            0.500000  0.770000  0.230000
    8.812    9.379    9.974   10.699   11.637   15.920   18.043   27.516
            0.500000  0.760000  0.240000
    8.760    9.420   10.010   10.664   11.637   15.742   17.990   27.828
            0.500000  0.750000  0.250000
    8.708    9.461   10.048   10.628   11.638   15.566   17.941   28.142
            0.500000  0.740000  0.260000
    8.655    9.502   10.087   10.592   11.640   15.393   17.896   28.460
            0.500000  0.730000  0.270000
    8.603    9.543   10.129   10.557   11.643   15.222   17.853   28.780
            0.500000  0.720000  0.280000
    8.552    9.585   10.172   10.521   11.646   15.054   17.814   29.104
            0.500000  0.710000  0.290000
    8.501    9.626   10.219   10.487   11.649   14.888   17.778   29.430
            0.500000  0.700000  0.300000
    8.451    9.666   10.267   10.453   11.653   14.724   17.744   29.759
            0.500000  0.690000  0.310000
    8.402    9.705   10.319   10.420   11.656   14.562   17.713   30.091
            0.500000  0.680000  0.320000
    8.354    9.744   10.374   10.388   11.660   14.403   17.684   30.425
            0.500000  0.670000  0.330000
    8.307    9.780   10.358   10.431   11.664   14.247   17.658   30.761
            0.500000  0.660000  0.340000
    8.263    9.815   10.328   10.492   11.668   14.093   17.634   31.099
            0.500000  0.650000  0.350000
    8.220    9.849   10.301   10.556   11.671   13.942   17.612   31.438
            0.500000  0.640000  0.360000
    8.179    9.880   10.275   10.624   11.675   13.793   17.592   31.777
            0.500000  0.630000  0.370000
    8.140    9.909   10.250   10.694   11.678   13.647   17.573   32.117
            0.500000  0.620000  0.380000
    8.103    9.936   10.227   10.768   11.681   13.503   17.557   32.457
            0.500000  0.610000  0.390000
    8.069    9.961   10.206   10.845   11.684   13.363   17.542   32.794
            0.500000  0.600000  0.400000
    8.037    9.984   10.186   10.925   11.687   13.225   17.529   33.127
            0.500000  0.590000  0.410000
    8.008   10.004   10.168   11.008   11.690   13.090   17.517   33.454
            0.500000  0.580000  0.420000
    7.982   10.023   10.152   11.093   11.692   12.958   17.506   33.772
            0.500000  0.570000  0.430000
    7.959   10.039   10.138   11.180   11.694   12.829   17.497   34.075
            0.500000  0.560000  0.440000
    7.938   10.053   10.126   11.270   11.696   12.705   17.489   34.357
            0.500000  0.550000  0.450000
    7.921   10.065   10.116   11.360   11.698   12.585   17.483   34.609
            0.500000  0.540000  0.460000
    7.907   10.075   10.107   11.450   11.699   12.470   17.478   34.819
            0.500000  0.530000  0.470000
    7.895   10.082   10.100   11.537   11.700   12.364   17.474   34.979
            0.500000  0.520000  0.480000
    7.887   10.088   10.096   11.616   11.701   12.272   17.471   35.087
            0.500000  0.510000  0.490000
    7.882   10.091   10.093   11.677   11.701   12.203   17.469   35.147
            0.500000  0.500000  0.500000
    7.881   10.092   10.092   11.701   11.701   12.176   17.469   35.166
            0.490000  0.490000  0.490000
    7.879   10.092   10.092   11.700   11.700   12.156   17.497   35.170
            0.480000  0.480000  0.480000
    7.873   10.094   10.094   11.696   11.696   12.099   17.582   35.179
            0.470000  0.470000  0.470000
    7.862   10.097   10.097   11.690   11.690   12.008   17.720   35.194
            0.460000  0.460000  0.460000
    7.847   10.100   10.100   11.681   11.681   11.889   17.904   35.215
            0.450000  0.450000  0.450000
    7.827   10.105   10.105   11.669   11.669   11.748   18.130   35.242
            0.440000  0.440000  0.440000
    7.801   10.111   10.111   11.592   11.656   11.656   18.391   35.274
            0.430000  0.430000  0.430000
    7.768   10.118   10.118   11.427   11.640   11.640   18.682   35.313
            0.420000  0.420000  0.420000
    7.728   10.125   10.125   11.258   11.621   11.621   18.999   35.357
            0.410000  0.410000  0.410000
    7.680   10.134   10.134   11.089   11.601   11.601   19.338   35.406
            0.400000  0.400000  0.400000
    7.623   10.143   10.143   10.924   11.579   11.579   19.696   35.460
            0.390000  0.390000  0.390000
    7.555   10.153   10.153   10.767   11.555   11.555   20.070   35.520
            0.380000  0.380000  0.380000
    7.477   10.164   10.164   10.620   11.530   11.530   20.459   35.583
            0.370000  0.370000  0.370000
    7.388   10.175   10.175   10.486   11.503   11.503   20.861   35.651
            0.360000  0.360000  0.360000
    7.287   10.187   10.187   10.365   11.474   11.474   21.275   35.724
            0.350000  0.350000  0.350000
    7.174   10.199   10.199   10.258   11.445   11.445   21.700   35.799
            0.340000  0.340000  0.340000
    7.052   10.166   10.212   10.212   11.415   11.415   22.134   35.878
            0.330000  0.330000  0.330000
    6.919   10.087   10.224   10.224   11.384   11.384   22.578   35.960
            0.320000  0.320000  0.320000
    6.778   10.022   10.236   10.236   11.353   11.353   23.030   36.044
            0.310000  0.310000  0.310000
    6.631    9.970   10.248   10.248   11.322   11.322   23.490   36.130
            0.300000  0.300000  0.300000
    6.478    9.928   10.260   10.260   11.291   11.291   23.957   36.217
            0.290000  0.290000  0.290000
    6.322    9.896   10.271   10.271   11.261   11.261   24.431   36.306
            0.280000  0.280000  0.280000
    6.163    9.873   10.282   10.282   11.231   11.231   24.912   36.394
            0.270000  0.270000  0.270000
    6.003    9.857   10.291   10.291   11.202   11.202   25.399   36.482
            0.260000  0.260000  0.260000
    5.843    9.848   10.299   10.299   11.175   11.175   25.893   36.569
            0.250000  0.250000  0.250000
    5.684    9.844   10.306   10.306   11.149   11.149   26.392   36.654
            0.240000  0.240000  0.240000
    5.528    9.845   10.311   10.311   11.126   11.126   26.896   36.737
            0.230000  0.230000  0.230000
    5.374    9.850   10.314   10.314   11.104   11.104   27.406   36.817
            0.220000  0.220000  0.220000
    5.223    9.858   10.315   10.315   11.085   11.085   27.920   36.895
            0.210000  0.210000  0.210000
    5.077    9.868   10.314   10.314   11.068   11.068   28.439   36.968
            0.200000  0.200000  0.200000
    4.936    9.881   10.311   10.311   11.054   11.054   28.962   37.038
            0.190000  0.190000  0.190000
    4.799    9.896   10.306   10.306   11.043   11.043   29.488   37.103
            0.180000  0.180000  0.180000
    4.668    9.912   10.299   10.299   11.034   11.034   30.018   37.164
            0.170000  0.170000  0.170000
    4.543    9.928   10.290   10.290   11.028   11.028   30.551   37.221
            0.160000  0.160000  0.160000
    4.423    9.946   10.280   10.280   11.024   11.024   31.086   37.274
            0.150000  0.150000  0.150000
    4.310    9.964   10.269   10.269   11.022   11.022   31.621   37.324
            0.140000  0.140000  0.140000
    4.204    9.982   10.256   10.256   11.021   11.021   32.157   37.372
            0.130000  0.130000  0.130000
    4.104    9.999   10.243   10.243   11.022   11.022   32.691   37.419
            0.120000  0.120000  0.120000
    4.011   10.017   10.230   10.230   11.024   11.024   33.222   37.467
            0.110000  0.110000  0.110000
    3.925   10.033   10.217   10.217   11.027   11.027   33.745   37.520
            0.100000  0.100000  0.100000
    3.846   10.049   10.204   10.204   11.030   11.030   34.256   37.581
            0.090000  0.090000  0.090000
    3.774   10.064   10.192   10.192   11.034   11.034   34.748   37.657
            0.080000  0.080000  0.080000
    3.709   10.077   10.180   10.180   11.038   11.038   35.210   37.757
            0.070000  0.070000  0.070000
    3.652   10.090   10.170   10.170   11.041   11.041   35.626   37.896
            0.060000  0.060000  0.060000
    3.603   10.101   10.160   10.160   11.045   11.045   35.979   38.088
            0.050000  0.050000  0.050000
    3.561   10.110   10.152   10.152   11.048   11.048   36.254   38.342
            0.040000  0.040000  0.040000
    3.526   10.118   10.145   10.145   11.051   11.051   36.451   38.650
            0.030000  0.030000  0.030000
    3.500   10.124   10.140   10.140   11.053   11.053   36.581   38.984
            0.020000  0.020000  0.020000
    3.480   10.129   10.136   10.136   11.055   11.055   36.662   39.302
            0.010000  0.010000  0.010000
    3.469   10.131   10.133   10.133   11.056   11.056   36.705   39.542
            0.000000  0.000000  0.000000
    3.465   10.132   10.132   10.132   11.056   11.056   36.719   39.634
            0.015000  0.015000  0.000000
    3.471   10.131   10.133   10.134   11.055   11.056   36.698   39.523
            0.030000  0.030000  0.000000
    3.488   10.126   10.137   10.138   11.052   11.056   36.633   39.229
            0.045000  0.045000  0.000000
    3.517   10.119   10.142   10.145   11.046   11.057   36.515   38.819
            0.060000  0.060000  0.000000
    3.557   10.109   10.150   10.155   11.039   11.058   36.331   38.342
            0.075000  0.075000  0.000000
    3.609   10.096   10.159   10.167   11.029   11.059   36.076   37.830
            0.090000  0.090000  0.000000
    3.671   10.081   10.171   10.181   11.018   11.061   35.752   37.296
            0.105000  0.105000  0.000000
    3.746   10.063   10.185   10.198   11.005   11.065   35.373   36.752
            0.120000  0.120000  0.000000
    3.831   10.043   10.200   10.215   10.990   11.069   34.952   36.203
            0.135000  0.135000  0.000000
    3.927   10.021   10.218   10.233   10.973   11.075   34.504   35.653
            0.150000  0.150000  0.000000
    4.034    9.997   10.238   10.251   10.956   11.084   34.038   35.105
            0.165000  0.165000  0.000000
    4.151    9.971   10.259   10.269   10.937   11.096   33.561   34.560
            0.180000  0.180000  0.000000
    4.278    9.944   10.283   10.286   10.918   11.111   33.078   34.020
            0.195000  0.195000  0.000000
    4.416    9.916   10.300   10.308   10.898   11.130   32.592   33.486
            0.210000  0.210000  0.000000
    4.564    9.887   10.312   10.334   10.877   11.155   32.105   32.959
            0.225000  0.225000  0.000000
    4.720    9.858   10.320   10.363   10.856   11.184   31.620   32.440
            0.240000  0.240000  0.000000
    4.886    9.828   10.324   10.393   10.835   11.220   31.137   31.930
            0.255000  0.255000  0.000000
    5.060    9.799   10.324   10.424   10.815   11.262   30.656   31.428
            0.270000  0.270000  0.000000
    5.243    9.770   10.319   10.456   10.794   11.311   30.180   30.935
            0.285000  0.285000  0.000000
    5.433    9.741   10.310   10.490   10.775   11.366   29.708   30.452
            0.300000  0.300000  0.000000
    5.629    9.713   10.296   10.525   10.756   11.428   29.241   29.980
            0.315000  0.315000  0.000000
    5.832    9.687   10.278   10.562   10.739   11.497   28.778   29.517
            0.330000  0.330000  0.000000
    6.040    9.662   10.256   10.599   10.723   11.572   28.321   29.066
            0.345000  0.345000  0.000000
    6.251    9.639   10.230   10.637   10.708   11.655   27.869   28.626
            0.360000  0.360000  0.000000
    6.466    9.618   10.200   10.676   10.696   11.745   27.423   28.198
            0.375000  0.375000  0.000000
    6.683    9.599   10.167   10.685   10.715   11.843   26.982   27.781
            0.390000  0.390000  0.000000
    6.899    9.583   10.132   10.676   10.755   11.950   26.546   27.377
            0.405000  0.405000  0.000000
    7.115    9.570   10.093   10.669   10.796   12.067   26.116   26.985
            0.420000  0.420000  0.000000
    7.327    9.560   10.051   10.665   10.837   12.195   25.693   26.606
            0.435000  0.435000  0.000000
    7.533    9.553   10.007   10.663   10.878   12.335   25.274   26.240
            0.450000  0.450000  0.000000
    7.732    9.549    9.960   10.664   10.919   12.488   24.862   25.887
            0.465000  0.465000  0.000000
    7.922    9.549    9.912   10.667   10.960   12.658   24.455   25.548
            0.480000  0.480000  0.000000
    8.100    9.553    9.861   10.673   11.002   12.844   24.055   25.223
            0.495000  0.495000  0.000000
    8.265    9.562    9.809   10.682   11.043   13.048   23.660   24.911
            0.510000  0.510000  0.000000
    8.415    9.574    9.755   10.694   11.084   13.272   23.271   24.614
            0.525000  0.525000  0.000000
    8.548    9.590    9.699   10.708   11.125   13.516   22.888   24.331
            0.540000  0.540000  0.000000
    8.665    9.611    9.642   10.725   11.165   13.782   22.510   24.063
            0.555000  0.555000  0.000000
    8.764    9.584    9.637   10.745   11.205   14.068   22.139   23.808
            0.570000  0.570000  0.000000
    8.846    9.526    9.667   10.768   11.244   14.376   21.774   23.568
            0.585000  0.585000  0.000000
    8.911    9.467    9.703   10.793   11.283   14.703   21.414   23.341
            0.600000  0.600000  0.000000
    8.960    9.408    9.743   10.821   11.320   15.051   21.061   23.129
            0.615000  0.615000  0.000000
    8.993    9.350    9.787   10.851   11.357   15.417   20.714   22.930
            0.630000  0.630000  0.000000
    9.011    9.293    9.837   10.884   11.394   15.800   20.373   22.744
            0.645000  0.645000  0.000000
    9.013    9.239    9.892   10.919   11.429   16.200   20.037   22.571
            0.660000  0.660000  0.000000
    9.000    9.190    9.952   10.955   11.463   16.616   19.709   22.411
            0.675000  0.675000  0.000000
    8.972    9.147   10.016   10.994   11.496   17.046   19.386   22.263
            0.690000  0.690000  0.000000
    8.931    9.110   10.086   11.034   11.527   17.489   19.070   22.126
            0.705000  0.705000  0.000000
    8.881    9.075   10.160   11.075   11.558   17.945   18.761   22.002
            0.720000  0.720000  0.000000
    8.826    9.041   10.240   11.117   11.587   18.411   18.458   21.888
            0.735000  0.735000  0.000000
    8.768    9.006   10.323   11.160   11.616   18.162   18.888   21.786
            0.750000  0.750000  0.000000
    8.709    8.970   10.412   11.203   11.642   17.873   19.372   21.695
