# Phonon-assisted absorption versus energy
# Photon energy (eV), Directionally-averaged imaginary dielectric function along x,y,z
  0.50000000000000E-01  0.38803246677572E-09  0.39059609593735E-09  0.40421565902256E-09  0.41604246336695E-09  0.37562341386244E-09  0.20369885679835E-09  0.83177290065808E-10  0.27736630167807E-10  0.78260346070275E-11
  0.10000000000000E+00  0.67523886603627E-10  0.67482533484300E-10  0.68628384755967E-10  0.69552624167313E-10  0.63884899834136E-10  0.38104157473428E-10  0.17263955968103E-10  0.67772517436028E-11  0.24212119757142E-11
  0.15000000000000E+00  0.12238561940044E-10  0.12058890880049E-10  0.12269529617059E-10  0.12707660704622E-10  0.12119193174775E-10  0.80631113937667E-11  0.46388262189772E-11  0.27300298779342E-11  0.15669050865363E-11
  0.20000000000000E+00  0.43919525330470E-11  0.41770383697889E-11  0.41478983888784E-11  0.43144909332364E-11  0.42522485837052E-11  0.32726811626751E-11  0.23919650314881E-11  0.17803479400757E-11  0.11583379274721E-11
  0.25000000000000E+00  0.30712366937061E-11  0.27938913077857E-11  0.26423621527265E-11  0.26797544091397E-11  0.26676521923735E-11  0.23296861330082E-11  0.20023130346911E-11  0.16991253945577E-11  0.11960631854902E-11
  0.30000000000000E+00  0.36100822255491E-11  0.31633795215058E-11  0.28451278933057E-11  0.27851386268238E-11  0.27483233028465E-11  0.25791107734947E-11  0.24073693032538E-11  0.21773327126873E-11  0.16229566917144E-11
  0.35000000000000E+00  0.55880004052789E-11  0.47519777092349E-11  0.41059872563169E-11  0.38900396911186E-11  0.37729864267763E-11  0.36530357503902E-11  0.35253929088567E-11  0.32588421980224E-11  0.24867892606005E-11
  0.40000000000000E+00  0.66739364779134E-11  0.59874185000306E-11  0.55427045605937E-11  0.54038112183773E-11  0.53286359322386E-11  0.52550026232403E-11  0.51547107643111E-11  0.48584149878050E-11  0.38712582156974E-11
  0.45000000000000E+00  0.60690046131025E-11  0.55190148768643E-11  0.52337539180005E-11  0.51561079360657E-11  0.51132720687724E-11  0.50527910232599E-11  0.49498796516990E-11  0.46398688295999E-11  0.35669914286663E-11
  0.50000000000000E+00  0.59319759294234E-11  0.46834929362729E-11  0.40874947113691E-11  0.39443855923996E-11  0.38810824341477E-11  0.38154571547428E-11  0.37251931378599E-11  0.34671008420023E-11  0.25541719325536E-11
  0.55000000000000E+00  0.59017073701816E-11  0.43821417351840E-11  0.36635183886652E-11  0.34884874372613E-11  0.34106831283483E-11  0.33391639026730E-11  0.32659114361039E-11  0.30790218401668E-11  0.23995448023511E-11
  0.60000000000000E+00  0.75221308836648E-11  0.53719888168991E-11  0.43677339691231E-11  0.41265768567013E-11  0.40209393241615E-11  0.39278953255552E-11  0.38475596004485E-11  0.36608915729032E-11  0.29598531659067E-11
  0.65000000000000E+00  0.95875701727183E-11  0.59069954106746E-11  0.42072696072086E-11  0.38035298684047E-11  0.36267583348179E-11  0.34713012973634E-11  0.33570260622062E-11  0.31381247494937E-11  0.23827126579272E-11
  0.70000000000000E+00  0.15128401997381E-10  0.72058107799010E-11  0.35923805086847E-11  0.27505910371401E-11  0.23964767930789E-11  0.21180481487829E-11  0.19815984775697E-11  0.18155058776579E-11  0.13126204296844E-11
  0.75000000000000E+00  0.22176588647894E-10  0.93967524067636E-11  0.34400108309941E-11  0.20421143901490E-11  0.14805571248508E-11  0.11110888943741E-11  0.97510842221853E-12  0.87641272202186E-12  0.64505905948840E-12
  0.80000000000000E+00  0.11542717538692E-10  0.54759120481424E-11  0.23207590149210E-11  0.14760411118697E-11  0.10824114991334E-11  0.80857198834004E-12  0.70160256901050E-12  0.63264207142626E-12  0.50044168628531E-12
  0.85000000000000E+00  0.50069493031450E-11  0.28190284871194E-11  0.16231707239474E-11  0.12502090843814E-11  0.10407618656905E-11  0.84739526765435E-12  0.74727135159627E-12  0.67935081137942E-12  0.56272201714065E-12
  0.90000000000000E+00  0.26808080924308E-11  0.17127112747697E-11  0.11951446831682E-11  0.10360087323028E-11  0.94456733975312E-12  0.84953710367584E-12  0.78937603886813E-12  0.73678074004451E-12  0.61666154861465E-12
  0.95000000000000E+00  0.16020590409318E-11  0.10873845198147E-11  0.81873465666134E-12  0.73892667634178E-12  0.69478290020478E-12  0.65222132481579E-12  0.62559118447458E-12  0.59816857139612E-12  0.52181563116117E-12
  0.10000000000000E+01  0.11126418605177E-11  0.81232833918328E-12  0.65877450882430E-12  0.61503134626749E-12  0.59178651788742E-12  0.57035851273740E-12  0.55710694812381E-12  0.54106772283737E-12  0.48932054276312E-12
  0.10500000000000E+01  0.86309304213782E-04  0.86320905678391E-04  0.86355460869718E-04  0.86412219317412E-04  0.86522599451393E-04  0.86828447675066E-04  0.87252738522492E-04  0.87774856785599E-04  0.86742131906479E-04
  0.11000000000000E+01  0.32531163557102E-03  0.32533935906773E-03  0.32542165427276E-03  0.32555589051525E-03  0.32581337530489E-03  0.32649740857324E-03  0.32733987255941E-03  0.32789672473532E-03  0.32076372413625E-03
  0.11500000000000E+01  0.45600551755479E-03  0.45603903570090E-03  0.45613837096041E-03  0.45629973998867E-03  0.45660670728319E-03  0.45740083829691E-03  0.45829875795330E-03  0.45848904394868E-03  0.44668588252205E-03
  0.12000000000000E+01  0.60648500031413E-03  0.60653008616839E-03  0.60666372493068E-03  0.60688091000781E-03  0.60729440658010E-03  0.60836709879720E-03  0.60959146986650E-03  0.60991417358302E-03  0.59448101889923E-03
  0.12500000000000E+01  0.88697685278072E-03  0.88704404376268E-03  0.88724325753584E-03  0.88756722801211E-03  0.88818486830174E-03  0.88979418737876E-03  0.89165821645864E-03  0.89229760766774E-03  0.87035038091466E-03
  0.13000000000000E+01  0.17586615450547E-02  0.17587912001679E-02  0.17591756839265E-02  0.17598012972178E-02  0.17609953708708E-02  0.17641180020667E-02  0.17677778173843E-02  0.17692567323756E-02  0.17282755088335E-02
  0.13500000000000E+01  0.36162834414216E-02  0.36165229231927E-02  0.36172317350769E-02  0.36183806080873E-02  0.36205562508801E-02  0.36261022266615E-02  0.36320552052667E-02  0.36315719923093E-02  0.35349884429485E-02
  0.14000000000000E+01  0.62509651582268E-02  0.62513514840774E-02  0.62524934867353E-02  0.62543396547458E-02  0.62578171169489E-02  0.62665239347626E-02  0.62752520721830E-02  0.62709698697631E-02  0.60920179200676E-02
  0.14500000000000E+01  0.97366240154386E-02  0.97371978796619E-02  0.97388914354027E-02  0.97416194892051E-02  0.97467203060819E-02  0.97591708805846E-02  0.97703738354977E-02  0.97569809006260E-02  0.94456793080726E-02
  0.15000000000000E+01  0.11059656474609E-01  0.11060096137367E-01  0.11061383078024E-01  0.11063418724886E-01  0.11067079370946E-01  0.11074769106835E-01  0.11076591450306E-01  0.11039238843198E-01  0.10621420953470E-01
  0.15500000000000E+01  0.11063423313735E-01  0.11063592743340E-01  0.11064068580135E-01  0.11064749182498E-01  0.11065687657574E-01  0.11065121097740E-01  0.11052932632687E-01  0.10987009024874E-01  0.10487154834026E-01
  0.16000000000000E+01  0.15425833198595E-01  0.15425957112130E-01  0.15426281840130E-01  0.15426664408841E-01  0.15426834216632E-01  0.15422583694829E-01  0.15399691042181E-01  0.15295626245085E-01  0.14562400585435E-01
  0.16500000000000E+01  0.25290659422832E-01  0.25290893675919E-01  0.25291517841342E-01  0.25292295383462E-01  0.25292864961629E-01  0.25286692398166E-01  0.25250217879224E-01  0.25080655830458E-01  0.23873504221113E-01
  0.17000000000000E+01  0.36429307083108E-01  0.36429504037170E-01  0.36429978294947E-01  0.36430379680516E-01  0.36429723485067E-01  0.36416091114774E-01  0.36354644036696E-01  0.36089132018926E-01  0.34268335831518E-01
  0.17500000000000E+01  0.42880789437306E-01  0.42880507696402E-01  0.42879517988360E-01  0.42877386736971E-01  0.42871318420107E-01  0.42838691584866E-01  0.42736532996949E-01  0.42357098765466E-01  0.39979951835436E-01
  0.18000000000000E+01  0.58970768200505E-01  0.58969818564427E-01  0.58966763559447E-01  0.58960985002017E-01  0.58946854050940E-01  0.58883924959396E-01  0.58711141672354E-01  0.58117832488073E-01  0.54609881802550E-01
  0.18500000000000E+01  0.84080392198716E-01  0.84079291668138E-01  0.84075687563128E-01  0.84068672627151E-01  0.84050864971506E-01  0.83967292959102E-01  0.83728283177626E-01  0.82886240806230E-01  0.77821961553724E-01
  0.19000000000000E+01  0.90908444532830E-01  0.90907578308994E-01  0.90904645975079E-01  0.90898646796940E-01  0.90882481016707E-01  0.90800717573300E-01  0.90554375611429E-01  0.89659821120250E-01  0.84179240961509E-01
  0.19500000000000E+01  0.82108798713129E-01  0.82108673746394E-01  0.82107974072653E-01  0.82105725389415E-01  0.82097169103239E-01  0.82039069956274E-01  0.81834770780971E-01  0.81033158016960E-01  0.75903525159765E-01
  0.20000000000000E+01  0.91711993915621E-01  0.91712568503446E-01  0.91713903312668E-01  0.91714831374366E-01  0.91711825105134E-01  0.91663942966733E-01  0.91455319915187E-01  0.90567466451556E-01  0.84673868726735E-01
  0.20500000000000E+01  0.10216363494731E+00  0.10216442751418E+00  0.10216635152534E+00  0.10216804583135E+00  0.10216576332029E+00  0.10211359895602E+00  0.10187655346798E+00  0.10085538823373E+00  0.94077284964166E-01
  0.21000000000000E+01  0.99647977001739E-01  0.99648376255969E-01  0.99649096917229E-01  0.99648707798677E-01  0.99641968200384E-01  0.99574152690235E-01  0.99303813290033E-01  0.98193440849303E-01  0.91094669189725E-01
  0.21500000000000E+01  0.10681446016731E+00  0.10681372733724E+00  0.10681095713614E+00  0.10680443487133E+00  0.10678425040867E+00  0.10666674880852E+00  0.10628320410713E+00  0.10484188038788E+00  0.96216671782368E-01
  0.22000000000000E+01  0.12999701081875E+00  0.12999618293804E+00  0.12999291682799E+00  0.12998486567439E+00  0.12995899147309E+00  0.12980344486935E+00  0.12928763627229E+00  0.12733890619201E+00  0.11579560418261E+00
  0.22500000000000E+01  0.16031997940000E+00  0.16031684101904E+00  0.16030633943586E+00  0.16028521697182E+00  0.16022941367740E+00  0.15995403813679E+00  0.15914087723604E+00  0.15626123086284E+00  0.14015838933636E+00
  0.23000000000000E+01  0.19814779946237E+00  0.19814313359794E+00  0.19812764750130E+00  0.19809687772906E+00  0.19801676080627E+00  0.19762849555238E+00  0.19649665999884E+00  0.19252739199466E+00  0.17078737707659E+00
  0.23500000000000E+01  0.25500931722334E+00  0.25500435222395E+00  0.25498741997207E+00  0.25495241111139E+00  0.25485696315488E+00  0.25436812324103E+00  0.25289008153577E+00  0.24760740060995E+00  0.21859126291073E+00
  0.24000000000000E+01  0.28947245992405E+00  0.28946591643756E+00  0.28944399401064E+00  0.28939982035222E+00  0.28928287420782E+00  0.28870449362384E+00  0.28699682805881E+00  0.28098966370316E+00  0.24856714889965E+00
  0.24500000000000E+01  0.33037747157497E+00  0.33036677828752E+00  0.33033184080730E+00  0.33026409456901E+00  0.33009299055022E+00  0.32929709950572E+00  0.32705365961048E+00  0.31943573834467E+00  0.28027326696478E+00
  0.25000000000000E+01  0.36613005264400E+00  0.36611526614726E+00  0.36606747157864E+00  0.36597637781822E+00  0.36575143110884E+00  0.36473805012699E+00  0.36195663662475E+00  0.35271962279098E+00  0.30686215251372E+00
  0.25500000000000E+01  0.38269331610169E+00  0.38267063391508E+00  0.38259830611798E+00  0.38246351327177E+00  0.38214071743343E+00  0.38075251081966E+00  0.37709778073481E+00  0.36541909616754E+00  0.31132974821417E+00
  0.26000000000000E+01  0.42203004565409E+00  0.42200280541027E+00  0.42191514472077E+00  0.42174928234703E+00  0.42134380147115E+00  0.41954713090568E+00  0.41471790910837E+00  0.39927890718666E+00  0.33086603088049E+00
  0.26500000000000E+01  0.46735718047075E+00  0.46733601588621E+00  0.46726422321041E+00  0.46711694693777E+00  0.46671924153796E+00  0.46471528469656E+00  0.45883530270217E+00  0.43938630016036E+00  0.35566394685109E+00
  0.27000000000000E+01  0.53810346423463E+00  0.53807641048845E+00  0.53798370098771E+00  0.53779075500782E+00  0.53726143304029E+00  0.53454949439621E+00  0.52655035262158E+00  0.50045013703984E+00  0.39439822909263E+00
  0.27500000000000E+01  0.65947261453702E+00  0.65943465881664E+00  0.65930188219451E+00  0.65901775814255E+00  0.65821614803228E+00  0.65402140723515E+00  0.64182600851010E+00  0.60402116921147E+00  0.46241189663038E+00
  0.28000000000000E+01  0.84765071894410E+00  0.84759286358197E+00  0.84737386484420E+00  0.84685860008596E+00  0.84527999696784E+00  0.83670711143467E+00  0.81383576153945E+00  0.75317406310451E+00  0.55512911825898E+00
  0.28500000000000E+01  0.98723035752050E+00  0.98717446470915E+00  0.98693564268235E+00  0.98630228708058E+00  0.98417821291088E+00  0.97186639879973E+00  0.93882801120803E+00  0.85640494269664E+00  0.61608625768329E+00
  0.29000000000000E+01  0.53222124710523E+01  0.39406761241637E+01  0.23917943258073E+01  0.16449013914071E+01  0.12924209597605E+01  0.11365512582341E+01  0.10655899630586E+01  0.94967255098154E+00  0.65886523124749E+00
  0.29500000000000E+01  0.21870523169273E+02  0.13427369887040E+02  0.57900523538127E+01  0.31090541523000E+01  0.20132837344975E+01  0.15264125454985E+01  0.13626299342049E+01  0.11736546069526E+01  0.77433769250624E+00
  0.30000000000000E+01  0.28659915686984E+02  0.17772052873714E+02  0.78371186758545E+01  0.43116418142887E+01  0.28157191254285E+01  0.20116275542935E+01  0.16995014080032E+01  0.14041115571917E+01  0.89013262736109E+00
