 &plot nbnd=  14, nks=   301 /
            0.000000  0.000000  0.000000
   -8.129   -5.114   -1.824    0.701    2.749    2.984    3.716    4.801    5.151    6.284
    8.394    8.857    9.589   10.733
            0.000000  0.006327  0.000000
   -8.129   -5.114   -1.824    0.701    2.749    2.983    3.715    4.801    5.152    6.285
    8.395    8.856    9.589   10.733
            0.000000  0.012655  0.000000
   -8.128   -5.116   -1.823    0.703    2.750    2.980    3.715    4.800    5.153    6.290
    8.398    8.854    9.592   10.732
            0.000000  0.018982  0.000000
   -8.127   -5.119   -1.823    0.707    2.750    2.975    3.714    4.799    5.155    6.299
    8.403    8.850    9.595   10.731
            0.000000  0.025309  0.000000
   -8.126   -5.123   -1.822    0.712    2.752    2.967    3.712    4.798    5.157    6.310
    8.409    8.845    9.600   10.729
            0.000000  0.031637  0.000000
   -8.124   -5.128   -1.821    0.718    2.753    2.958    3.710    4.796    5.160    6.325
    8.417    8.839    9.607   10.727
            0.000000  0.037964  0.000000
   -8.122   -5.135   -1.819    0.725    2.755    2.947    3.708    4.794    5.164    6.343
    8.427    8.831    9.614   10.725
            0.000000  0.044291  0.000000
   -8.119   -5.142   -1.818    0.734    2.756    2.934    3.705    4.792    5.168    6.364
    8.438    8.822    9.623   10.722
            0.000000  0.050618  0.000000
   -8.116   -5.151   -1.816    0.744    2.758    2.919    3.702    4.791    5.173    6.388
    8.451    8.813    9.632   10.718
            0.000000  0.056946  0.000000
   -8.113   -5.160   -1.814    0.756    2.760    2.903    3.698    4.790    5.179    6.415
    8.464    8.802    9.643   10.715
            0.000000  0.063273  0.000000
   -8.109   -5.171   -1.811    0.769    2.761    2.886    3.694    4.789    5.185    6.444
    8.478    8.791    9.654   10.710
            0.000000  0.069600  0.000000
   -8.105   -5.182   -1.809    0.782    2.763    2.866    3.690    4.789    5.192    6.476
    8.493    8.778    9.666   10.706
            0.000000  0.075928  0.000000
   -8.100   -5.195   -1.806    0.797    2.763    2.846    3.685    4.789    5.199    6.510
    8.508    8.766    9.678   10.701
            0.000000  0.082255  0.000000
   -8.095   -5.208   -1.803    0.814    2.764    2.825    3.680    4.791    5.207    6.547
    8.523    8.753    9.691   10.696
            0.000000  0.088582  0.000000
   -8.090   -5.222   -1.800    0.831    2.763    2.802    3.675    4.795    5.215    6.585
    8.538    8.739    9.704   10.691
            0.000000  0.094910  0.000000
   -8.085   -5.237   -1.796    0.849    2.762    2.779    3.670    4.800    5.223    6.626
    8.552    8.725    9.717   10.685
            0.000000  0.101237  0.000000
   -8.079   -5.252   -1.793    0.869    2.755    2.759    3.665    4.806    5.232    6.668
    8.565    8.711    9.730   10.679
            0.000000  0.107564  0.000000
   -8.073   -5.268   -1.789    0.889    2.730    2.756    3.659    4.815    5.241    6.712
    8.577    8.697    9.743   10.673
            0.000000  0.113892  0.000000
   -8.066   -5.285   -1.785    0.910    2.705    2.751    3.653    4.826    5.250    6.757
    8.586    8.683    9.757   10.667
            0.000000  0.120219  0.000000
   -8.060   -5.302   -1.781    0.932    2.680    2.745    3.648    4.839    5.260    6.804
    8.594    8.668    9.770   10.661
            0.000000  0.126546  0.000000
   -8.053   -5.319   -1.777    0.955    2.654    2.738    3.642    4.855    5.270    6.852
    8.599    8.654    9.783   10.655
            0.000000  0.132874  0.000000
   -8.046   -5.337   -1.773    0.979    2.628    2.728    3.636    4.873    5.280    6.901
    8.602    8.640    9.796   10.648
            0.000000  0.139201  0.000000
   -8.039   -5.355   -1.769    1.004    2.603    2.718    3.630    4.894    5.290    6.950
    8.601    8.626    9.808   10.642
            0.000000  0.145528  0.000000
   -8.031   -5.374   -1.764    1.029    2.577    2.706    3.624    4.918    5.300    7.000
    8.597    8.612    9.820   10.635
            0.000000  0.151855  0.000000
   -8.024   -5.392   -1.760    1.056    2.551    2.692    3.618    4.945    5.310    7.051
    8.588    8.599    9.832   10.629
            0.000000  0.158183  0.000000
   -8.016   -5.411   -1.756    1.083    2.526    2.676    3.612    4.974    5.320    7.102
    8.576    8.586    9.843   10.622
            0.000000  0.164510  0.000000
   -8.008   -5.429   -1.751    1.110    2.501    2.659    3.606    5.007    5.330    7.154
    8.559    8.573    9.854   10.616
            0.000000  0.170837  0.000000
   -8.001   -5.448   -1.747    1.138    2.476    2.640    3.600    5.042    5.340    7.205
    8.538    8.560    9.865   10.610
            0.000000  0.177165  0.000000
   -7.993   -5.466   -1.742    1.167    2.452    2.619    3.594    5.080    5.349    7.256
    8.513    8.548    9.874   10.604
            0.000000  0.183492  0.000000
   -7.985   -5.485   -1.738    1.196    2.428    2.598    3.588    5.120    5.359    7.307
    8.483    8.536    9.884   10.597
            0.000000  0.189819  0.000000
   -7.977   -5.503   -1.733    1.226    2.405    2.574    3.583    5.163    5.369    7.357
    8.449    8.525    9.892   10.592
            0.000000  0.196147  0.000000
   -7.970   -5.520   -1.729    1.256    2.383    2.549    3.578    5.208    5.378    7.407
    8.410    8.514    9.901   10.586
            0.000000  0.202474  0.000000
   -7.962   -5.537   -1.725    1.287    2.361    2.524    3.573    5.255    5.387    7.456
    8.368    8.504    9.908   10.580
            0.000000  0.208801  0.000000
   -7.955   -5.554   -1.721    1.318    2.341    2.496    3.568    5.305    5.395    7.503
    8.322    8.494    9.915   10.575
            0.000000  0.215129  0.000000
   -7.947   -5.570   -1.717    1.350    2.321    2.468    3.563    5.356    5.404    7.550
    8.272    8.484    9.922   10.570
            0.000000  0.221456  0.000000
   -7.940   -5.586   -1.713    1.382    2.302    2.439    3.558    5.408    5.412    7.595
    8.220    8.475    9.927   10.565
            0.000000  0.227783  0.000000
   -7.933   -5.601   -1.709    1.415    2.284    2.409    3.554    5.419    5.462    7.638
    8.166    8.467    9.933   10.560
            0.000000  0.234111  0.000000
   -7.927   -5.615   -1.706    1.447    2.267    2.378    3.550    5.426    5.517    7.680
    8.109    8.459    9.937   10.556
            0.000000  0.240438  0.000000
   -7.921   -5.629   -1.702    1.480    2.251    2.347    3.546    5.433    5.572    7.720
    8.052    8.452    9.942   10.552
            0.000000  0.246765  0.000000
   -7.915   -5.641   -1.699    1.513    2.237    2.315    3.543    5.439    5.627    7.757
    7.993    8.445    9.945   10.548
            0.000000  0.253092  0.000000
   -7.909   -5.653   -1.696    1.547    2.223    2.282    3.540    5.445    5.681    7.792
    7.935    8.439    9.948   10.544
            0.000000  0.259420  0.000000
   -7.904   -5.664   -1.693    1.580    2.211    2.249    3.537    5.451    5.735    7.824
    7.877    8.434    9.951   10.541
            0.000000  0.265747  0.000000
   -7.900   -5.673   -1.691    1.614    2.200    2.216    3.534    5.455    5.787    7.821
    7.854    8.429    9.953   10.538
            0.000000  0.272074  0.000000
   -7.896   -5.682   -1.689    1.647    2.183    2.190    3.532    5.460    5.836    7.768
    7.880    8.424    9.955   10.536
            0.000000  0.278402  0.000000
   -7.892   -5.690   -1.687    1.680    2.151    2.181    3.530    5.463    5.883    7.718
    7.904    8.421    9.957   10.533
            0.000000  0.284729  0.000000
   -7.889   -5.696   -1.685    1.712    2.119    2.174    3.528    5.467    5.924    7.673
    7.924    8.417    9.958   10.532
            0.000000  0.291056  0.000000
   -7.886   -5.702   -1.684    1.743    2.088    2.168    3.526    5.469    5.961    7.634
    7.940    8.415    9.959   10.530
            0.000000  0.297384  0.000000
   -7.884   -5.706   -1.683    1.771    2.059    2.163    3.525    5.471    5.991    7.602
    7.953    8.413    9.960   10.529
            0.000000  0.303711  0.000000
   -7.883   -5.709   -1.682    1.796    2.034    2.160    3.524    5.473    6.013    7.578
    7.963    8.411    9.960   10.528
            0.000000  0.310038  0.000000
   -7.882   -5.711   -1.682    1.814    2.016    2.158    3.524    5.474    6.027    7.563
    7.968    8.411    9.960   10.527
            0.000000  0.316366  0.000000
   -7.881   -5.711   -1.681    1.821    2.009    2.157    3.524    5.474    6.031    7.558
    7.970    8.410    9.960   10.527
            0.008999  0.316366  0.000000
   -7.881   -5.710   -1.682    1.822    2.010    2.157    3.518    5.467    6.032    7.559
    7.969    8.419    9.969   10.520
            0.017998  0.316366  0.000000
   -7.878   -5.707   -1.684    1.824    2.013    2.156    3.501    5.446    6.033    7.562
    7.964    8.446    9.994   10.498
            0.026997  0.316366  0.000000
   -7.873   -5.702   -1.688    1.827    2.018    2.154    3.472    5.412    6.036    7.566
    7.956    8.491   10.036   10.461
            0.035997  0.316366  0.000000
   -7.866   -5.695   -1.693    1.832    2.024    2.152    3.433    5.365    6.039    7.572
    7.944    8.552   10.092   10.412
            0.044996  0.316366  0.000000
   -7.858   -5.686   -1.700    1.839    2.032    2.149    3.385    5.307    6.044    7.580
    7.929    8.629   10.162   10.352
            0.053995  0.316366  0.000000
   -7.847   -5.675   -1.709    1.847    2.042    2.145    3.329    5.240    6.049    7.590
    7.911    8.721   10.244   10.281
            0.062994  0.316366  0.000000
   -7.835   -5.662   -1.719    1.856    2.054    2.140    3.265    5.164    6.055    7.601
    7.889    8.827   10.201   10.336
            0.071993  0.316366  0.000000
   -7.820   -5.647   -1.732    1.866    2.068    2.133    3.196    5.082    6.062    7.615
    7.864    8.946   10.114   10.435
            0.080992  0.316366  0.000000
   -7.804   -5.630   -1.746    1.878    2.083    2.124    3.122    4.994    6.070    7.630
    7.835    9.076   10.021   10.541
            0.089991  0.316366  0.000000
   -7.786   -5.611   -1.763    1.892    2.100    2.114    3.044    4.903    6.079    7.646
    7.803    9.217    9.922   10.649
            0.098990  0.316366  0.000000
   -7.766   -5.590   -1.782    1.906    2.101    2.119    2.964    4.809    6.088    7.665
    7.767    9.368    9.820   10.758
            0.107990  0.316366  0.000000
   -7.744   -5.567   -1.803    1.922    2.085    2.140    2.882    4.715    6.097    7.685
    7.728    9.527    9.715   10.865
            0.116989  0.316366  0.000000
   -7.720   -5.542   -1.827    1.940    2.065    2.163    2.800    4.621    6.107    7.686
    7.707    9.608    9.694   10.964
            0.125988  0.316366  0.000000
   -7.694   -5.515   -1.854    1.958    2.042    2.187    2.719    4.529    6.117    7.640
    7.730    9.499    9.867   11.054
            0.134987  0.316366  0.000000
   -7.667   -5.486   -1.884    1.978    2.013    2.213    2.638    4.440    6.127    7.591
    7.755    9.390   10.047   11.128
            0.143986  0.316366  0.000000
   -7.637   -5.455   -1.917    1.980    1.999    2.241    2.560    4.355    6.137    7.539
    7.782    9.281   10.233   11.184
            0.152985  0.316366  0.000000
   -7.606   -5.422   -1.953    1.941    2.021    2.270    2.484    4.274    6.147    7.483
    7.811    9.173   10.423   11.217
            0.161984  0.316366  0.000000
   -7.572   -5.387   -1.993    1.896    2.044    2.302    2.411    4.200    6.156    7.424
    7.841    9.066   10.618   11.225
            0.170983  0.316366  0.000000
   -7.537   -5.350   -2.036    1.844    2.069    2.335    2.342    4.133    6.165    7.363
    7.872    8.961   10.816   11.209
            0.179983  0.316366  0.000000
   -7.500   -5.311   -2.083    1.786    2.094    2.277    2.369    4.073    6.172    7.298
    7.906    8.859   11.016   11.171
            0.188982  0.316366  0.000000
   -7.462   -5.270   -2.134    1.720    2.120    2.216    2.406    4.020    6.178    7.231
    7.940    8.760   11.113   11.218
            0.197981  0.316366  0.000000
   -7.421   -5.227   -2.189    1.647    2.147    2.159    2.444    3.975    6.181    7.161
    7.976    8.665   11.039   11.419
            0.206980  0.316366  0.000000
   -7.378   -5.182   -2.247    1.568    2.108    2.175    2.484    3.938    6.183    7.089
    8.014    8.574   10.952   11.615
            0.215979  0.316366  0.000000
   -7.334   -5.135   -2.310    1.482    2.062    2.204    2.525    3.909    6.181    7.014
    8.053    8.489   10.855   11.535
            0.224978  0.316366  0.000000
   -7.288   -5.086   -2.376    1.390    2.021    2.233    2.568    3.887    6.177    6.937
    8.093    8.409   10.752   11.428
            0.233977  0.316366  0.000000
   -7.240   -5.035   -2.446    1.293    1.985    2.263    2.612    3.872    6.168    6.858
    8.135    8.336   10.643   11.321
            0.242976  0.316366  0.000000
   -7.190   -4.982   -2.519    1.191    1.954    2.294    2.658    3.863    6.156    6.777
    8.177    8.270   10.531   11.214
            0.251976  0.316366  0.000000
   -7.138   -4.928   -2.596    1.085    1.928    2.324    2.706    3.859    6.139    6.695
    8.212    8.221   10.416   11.108
            0.260975  0.316366  0.000000
   -7.085   -4.871   -2.676    0.975    1.907    2.355    2.755    3.861    6.118    6.611
    8.162    8.265   10.300   11.004
            0.269974  0.316366  0.000000
   -7.030   -4.812   -2.759    0.863    1.891    2.386    2.805    3.868    6.092    6.526
    8.121    8.310   10.183   10.900
            0.278973  0.316366  0.000000
   -6.973   -4.752   -2.845    0.747    1.880    2.417    2.857    3.878    6.061    6.440
    8.087    8.356   10.066   10.799
            0.287972  0.316366  0.000000
   -6.914   -4.689   -2.934    0.630    1.873    2.448    2.911    3.892    6.026    6.353
    8.063    8.402    9.950   10.699
            0.296971  0.316366  0.000000
   -6.854   -4.625   -3.025    0.511    1.871    2.478    2.965    3.910    5.987    6.265
    8.046    8.447    9.835   10.602
            0.305970  0.316366  0.000000
   -6.792   -4.558   -3.118    0.391    1.873    2.507    3.021    3.930    5.944    6.178
    8.038    8.493    9.722   10.509
            0.314969  0.316366  0.000000
   -6.728   -4.490   -3.213    0.270    1.878    2.536    3.078    3.952    5.899    6.090
    8.037    8.537    9.611   10.419
            0.323969  0.316366  0.000000
   -6.662   -4.420   -3.309    0.148    1.887    2.563    3.137    3.976    5.852    6.002
    8.043    8.580    9.502   10.333
            0.332968  0.316366  0.000000
   -6.595   -4.347   -3.407    0.026    1.899    2.589    3.196    4.002    5.803    5.914
    8.056    8.620    9.395   10.253
            0.341967  0.316366  0.000000
   -6.526   -4.273   -3.507   -0.097    1.914    2.614    3.257    4.029    5.754    5.827
    8.074    8.658    9.292   10.180
            0.350966  0.316366  0.000000
   -6.456   -4.197   -3.607   -0.219    1.931    2.636    3.318    4.057    5.705    5.740
    8.098    8.691    9.191   10.114
            0.359965  0.316366  0.000000
   -6.384   -4.120   -3.709   -0.341    1.951    2.656    3.380    4.085    5.655    5.658
    8.127    8.718    9.094   10.057
            0.368964  0.316366  0.000000
   -6.310   -4.040   -3.811   -0.462    1.973    2.673    3.443    4.114    5.571    5.612
    8.160    8.738    9.001   10.011
            0.377963  0.316366  0.000000
   -6.235   -3.958   -3.913   -0.583    1.997    2.688    3.507    4.142    5.488    5.570
    8.197    8.750    8.912    9.977
            0.386962  0.316366  0.000000
   -6.158   -4.016   -3.875   -0.704    2.022    2.699    3.571    4.170    5.407    5.530
    8.238    8.753    8.827    9.956
            0.395962  0.316366  0.000000
   -6.080   -4.119   -3.790   -0.823    2.048    2.707    3.636    4.197    5.328    5.494
    8.282    8.746    8.747    9.949
            0.404961  0.316366  0.000000
   -6.000   -4.221   -3.702   -0.942    2.075    2.711    3.701    4.223    5.252    5.463
    8.330    8.672    8.730    9.955
            0.413960  0.316366  0.000000
   -5.919   -4.324   -3.613   -1.059    2.101    2.712    3.766    4.248    5.178    5.436
    8.379    8.602    8.706    9.946
            0.422959  0.316366  0.000000
   -5.837   -4.427   -3.523   -1.176    2.128    2.708    3.831    4.270    5.108    5.415
    8.431    8.538    8.675    9.838
            0.431958  0.316366  0.000000
   -5.753   -4.529   -3.430   -1.291    2.154    2.700    3.896    4.291    5.040    5.398
    8.479    8.486    8.638    9.732
            0.440957  0.316366  0.000000
   -5.667   -4.631   -3.336   -1.405    2.179    2.689    3.960    4.309    4.977    5.388
    8.427    8.542    8.598    9.628
            0.449956  0.316366  0.000000
   -5.581   -4.732   -3.239   -1.518    2.203    2.673    4.024    4.324    4.918    5.382
    8.381    8.556    8.600    9.527
            0.449956  0.316366  0.007575
   -5.580   -4.732   -3.239   -1.519    2.200    2.672    4.024    4.318    4.920    5.387
    8.379    8.550    8.609    9.534
            0.449956  0.316366  0.015150
   -5.579   -4.731   -3.239   -1.520    2.193    2.670    4.023    4.300    4.929    5.400
    8.372    8.531    8.632    9.554
            0.449956  0.316366  0.022726
   -5.577   -4.730   -3.238   -1.522    2.180    2.666    4.021    4.271    4.943    5.420
    8.365    8.501    8.668    9.585
            0.449956  0.316366  0.030301
   -5.574   -4.728   -3.236   -1.526    2.163    2.661    4.019    4.232    4.962    5.447
    8.360    8.464    8.712    9.622
            0.449956  0.316366  0.037876
   -5.570   -4.726   -3.234   -1.530    2.142    2.655    4.017    4.186    4.986    5.478
    8.359    8.421    8.765    9.664
            0.449956  0.316366  0.045451
   -5.565   -4.724   -3.232   -1.535    2.116    2.648    4.014    4.133    5.014    5.512
    8.363    8.376    8.823    9.707
            0.449956  0.316366  0.053026
   -5.560   -4.721   -3.230   -1.541    2.087    2.639    4.011    4.074    5.046    5.548
    8.329    8.373    8.886    9.748
            0.449956  0.316366  0.060601
   -5.554   -4.718   -3.227   -1.548    2.055    2.629    4.007    4.011    5.080    5.584
    8.283    8.390    8.954    9.786
            0.449956  0.316366  0.068177
   -5.547   -4.715   -3.223   -1.556    2.020    2.619    3.946    4.003    5.116    5.620
    8.239    8.412    9.027    9.820
            0.449956  0.316366  0.075752
   -5.539   -4.711   -3.220   -1.566    1.983    2.607    3.877    3.998    5.153    5.655
    8.198    8.442    9.103    9.852
            0.449956  0.316366  0.083327
   -5.530   -4.707   -3.215   -1.576    1.944    2.595    3.807    3.993    5.191    5.689
    8.160    8.478    9.182    9.880
            0.449956  0.316366  0.090902
   -5.521   -4.702   -3.211   -1.587    1.903    2.582    3.735    3.988    5.229    5.721
    8.128    8.521    9.264    9.906
            0.449956  0.316366  0.098477
   -5.510   -4.698   -3.206   -1.599    1.861    2.569    3.663    3.982    5.266    5.751
    8.101    8.570    9.349    9.930
            0.449956  0.316366  0.106053
   -5.499   -4.693   -3.200   -1.612    1.818    2.555    3.589    3.976    5.302    5.778
    8.080    8.626    9.435    9.953
            0.449956  0.316366  0.113628
   -5.488   -4.688   -3.195   -1.626    1.775    2.541    3.516    3.968    5.335    5.803
    8.065    8.688    9.524    9.976
            0.449956  0.316366  0.121203
   -5.475   -4.683   -3.188   -1.641    1.732    2.527    3.443    3.960    5.367    5.826
    8.057    8.756    9.613    9.998
            0.449956  0.316366  0.128778
   -5.462   -4.678   -3.182   -1.658    1.689    2.513    3.370    3.951    5.395    5.846
    8.057    8.829    9.703   10.020
            0.449956  0.316366  0.136353
   -5.448   -4.673   -3.175   -1.675    1.647    2.498    3.298    3.941    5.421    5.865
    8.064    8.908    9.791   10.043
            0.449956  0.316366  0.143928
   -5.433   -4.668   -3.167   -1.693    1.605    2.483    3.227    3.930    5.443    5.881
    8.078    8.991    9.878   10.065
            0.449956  0.316366  0.151504
   -5.418   -4.662   -3.159   -1.713    1.564    2.468    3.157    3.918    5.462    5.895
    8.099    9.080    9.961   10.089
            0.449956  0.316366  0.159079
   -5.402   -4.658   -3.151   -1.733    1.524    2.453    3.089    3.904    5.479    5.907
    8.127    9.172   10.037   10.112
            0.449956  0.316366  0.166654
   -5.386   -4.653   -3.142   -1.755    1.486    2.436    3.023    3.888    5.492    5.917
    8.162    9.268   10.103   10.137
            0.449956  0.316366  0.174229
   -5.368   -4.648   -3.132   -1.777    1.449    2.419    2.960    3.872    5.503    5.925
    8.204    9.368   10.155   10.162
            0.449956  0.316366  0.181804
   -5.351   -4.644   -3.122   -1.801    1.413    2.400    2.901    3.853    5.512    5.932
    8.250    9.471   10.189   10.189
            0.449956  0.316366  0.189380
   -5.333   -4.641   -3.112   -1.825    1.380    2.379    2.847    3.833    5.519    5.938
    8.302    9.576   10.205   10.216
            0.449956  0.316366  0.196955
   -5.314   -4.637   -3.100   -1.850    1.348    2.354    2.798    3.812    5.524    5.942
    8.358    9.684   10.205   10.244
            0.449956  0.316366  0.204530
   -5.294   -4.634   -3.089   -1.876    1.319    2.326    2.755    3.788    5.529    5.945
    8.418    9.794   10.193   10.274
            0.449956  0.316366  0.212105
   -5.275   -4.632   -3.076   -1.903    1.291    2.293    2.719    3.763    5.533    5.946
    8.480    9.904   10.173   10.305
            0.449956  0.316366  0.219680
   -5.255   -4.631   -3.063   -1.931    1.266    2.255    2.691    3.736    5.537    5.946
    8.545   10.013   10.151   10.337
            0.449956  0.316366  0.227256
   -5.234   -4.630   -3.049   -1.960    1.243    2.213    2.670    3.708    5.541    5.945
    8.612   10.088   10.161   10.371
            0.449956  0.316366  0.234831
   -5.213   -4.630   -3.034   -1.989    1.222    2.167    2.656    3.678    5.545    5.943
    8.679   10.074   10.259   10.406
            0.449956  0.316366  0.242406
   -5.192   -4.631   -3.019   -2.019    1.204    2.119    2.647    3.647    5.549    5.940
    8.746   10.044   10.372   10.444
            0.449956  0.316366  0.249981
   -5.170   -4.632   -3.003   -2.050    1.188    2.068    2.644    3.614    5.554    5.936
    8.813   10.013   10.483   10.486
            0.449956  0.316366  0.257556
   -5.149   -4.635   -2.986   -2.081    1.175    2.017    2.644    3.581    5.560    5.931
    8.879    9.981   10.524   10.601
            0.449956  0.316366  0.265131
   -5.127   -4.638   -2.968   -2.112    1.165    1.965    2.649    3.546    5.567    5.925
    8.943    9.950   10.568   10.714
            0.449956  0.316366  0.272707
   -5.105   -4.643   -2.949   -2.144    1.157    1.913    2.656    3.510    5.574    5.919
    9.005    9.919   10.613   10.826
            0.449956  0.316366  0.280282
   -5.083   -4.648   -2.930   -2.177    1.152    1.861    2.667    3.473    5.582    5.911
    9.065    9.889   10.661   10.936
            0.449956  0.316366  0.287857
   -5.060   -4.655   -2.909   -2.209    1.149    1.811    2.680    3.436    5.592    5.902
    9.121    9.861   10.712   11.042
            0.449956  0.316366  0.295432
   -5.038   -4.662   -2.888   -2.242    1.149    1.761    2.696    3.398    5.602    5.893
    9.175    9.833   10.764   11.144
            0.449956  0.316366  0.303007
   -5.016   -4.671   -2.866   -2.275    1.152    1.712    2.714    3.360    5.613    5.883
    9.225    9.806   10.818   11.239
            0.449956  0.316366  0.310583
   -4.994   -4.680   -2.843   -2.308    1.157    1.665    2.734    3.321    5.624    5.872
    9.272    9.780   10.874   11.325
            0.449956  0.316366  0.318158
   -4.972   -4.691   -2.818   -2.341    1.165    1.619    2.755    3.283    5.637    5.860
    9.316    9.755   10.932   11.399
            0.449956  0.316366  0.325733
   -4.950   -4.703   -2.794   -2.374    1.176    1.575    2.779    3.244    5.650    5.848
    9.356    9.731   10.990   11.456
            0.449956  0.316366  0.333308
   -4.929   -4.715   -2.768   -2.407    1.189    1.533    2.804    3.206    5.663    5.835
    9.394    9.708   11.049   11.494
            0.449956  0.316366  0.340883
   -4.908   -4.729   -2.741   -2.440    1.204    1.492    2.831    3.168    5.677    5.822
    9.428    9.685   11.108   11.511
            0.449956  0.316366  0.348458
   -4.887   -4.743   -2.714   -2.472    1.223    1.454    2.860    3.130    5.691    5.808
    9.460    9.662   11.167   11.509
            0.449956  0.316366  0.356034
   -4.867   -4.759   -2.686   -2.504    1.243    1.417    2.890    3.093    5.706    5.794
    9.490    9.639   11.224   11.492
            0.449956  0.316366  0.363609
   -4.847   -4.775   -2.657   -2.536    1.267    1.383    2.921    3.057    5.720    5.780
    9.518    9.616   11.280   11.463
            0.449956  0.316366  0.371184
   -4.828   -4.792   -2.628   -2.567    1.292    1.350    2.953    3.022    5.735    5.765
    9.544    9.593   11.332   11.425
            0.449956  0.316366  0.378759
   -4.810   -4.810   -2.597   -2.597    1.320    1.320    2.987    2.987    5.750    5.750
    9.569    9.569   11.381   11.381
            0.440957  0.316366  0.371184
   -4.869   -4.826   -2.589   -2.521    1.230    1.288    3.042    3.109    5.784    5.809
    9.502    9.559   11.278   11.374
            0.431958  0.316366  0.363609
   -4.938   -4.843   -2.580   -2.433    1.146    1.261    3.099    3.233    5.822    5.860
    9.430    9.559   11.172   11.363
            0.422959  0.316366  0.356034
   -5.015   -4.859   -2.572   -2.336    1.069    1.239    3.158    3.357    5.862    5.903
    9.353    9.570   11.067   11.349
            0.413960  0.316366  0.348458
   -5.098   -4.876   -2.564   -2.231    0.999    1.224    3.219    3.481    5.905    5.937
    9.270    9.592   10.963   11.331
            0.404961  0.316366  0.340883
   -5.187   -4.892   -2.556   -2.121    0.936    1.215    3.282    3.604    5.950    5.963
    9.183    9.626   10.861   11.308
            0.395962  0.316366  0.333308
   -5.278   -4.909   -2.549   -2.007    0.880    1.213    3.347    3.727    5.980    5.997
    9.093    9.671   10.763   11.278
            0.386962  0.316366  0.325733
   -5.372   -4.926   -2.543   -1.891    0.833    1.217    3.412    3.847    5.990    6.046
    9.000    9.727   10.667   11.242
            0.377963  0.316366  0.318158
   -5.467   -4.943   -2.537   -1.773    0.793    1.229    3.479    3.964    5.993    6.095
    8.907    9.792   10.573   11.198
            0.368964  0.316366  0.310583
   -5.564   -4.960   -2.532   -1.654    0.762    1.247    3.546    4.078    5.990    6.145
    8.816    9.866   10.482   11.145
            0.359965  0.316366  0.303007
   -5.660   -4.977   -2.527   -1.536    0.738    1.273    3.612    4.188    5.982    6.193
    8.729    9.946   10.393   11.084
            0.350966  0.316366  0.295432
   -5.757   -4.995   -2.523   -1.419    0.723    1.306    3.678    4.292    5.971    6.238
    8.649   10.032   10.305   11.013
            0.341967  0.316366  0.287857
   -5.853   -5.013   -2.519   -1.304    0.716    1.348    3.742    4.390    5.959    6.279
    8.580   10.121   10.218   10.934
            0.332968  0.316366  0.280282
   -5.948   -5.031   -2.516   -1.191    0.716    1.397    3.804    4.480    5.946    6.314
    8.524   10.133   10.210   10.849
            0.323969  0.316366  0.272707
   -6.043   -5.050   -2.512   -1.080    0.725    1.454    3.862    4.562    5.935    6.342
    8.483   10.050   10.294   10.763
            0.314969  0.316366  0.265131
   -6.136   -5.070   -2.508   -0.973    0.741    1.519    3.916    4.632    5.927    6.361
    8.462    9.971   10.358   10.691
            0.305970  0.316366  0.257556
   -6.227   -5.090   -2.504   -0.870    0.764    1.592    3.965    4.691    5.923    6.372
    8.459    9.895   10.366   10.668
            0.296971  0.316366  0.249981
   -6.317   -5.110   -2.499   -0.769    0.795    1.672    4.007    4.736    5.925    6.377
    8.475    9.825   10.302   10.712
            0.287972  0.316366  0.242406
   -6.405   -5.132   -2.492   -0.673    0.833    1.760    4.041    4.765    5.934    6.378
    8.506    9.763   10.202   10.787
            0.278973  0.316366  0.234831
   -6.491   -5.153   -2.485   -0.579    0.876    1.854    4.068    4.776    5.950    6.378
    8.550    9.712   10.089   10.872
            0.269974  0.316366  0.227256
   -6.575   -5.176   -2.476   -0.489    0.926    1.954    4.086    4.769    5.975    6.382
    8.598    9.677    9.972   10.959
            0.260975  0.316366  0.219680
   -6.657   -5.199   -2.465   -0.402    0.982    2.060    4.095    4.742    6.008    6.391
    8.644    9.663    9.855   11.045
            0.251976  0.316366  0.212105
   -6.737   -5.222   -2.452   -0.317    1.043    2.169    4.096    4.697    6.047    6.409
    8.678    9.677    9.741   11.129
            0.242976  0.316366  0.204530
   -6.814   -5.246   -2.437   -0.235    1.109    2.283    4.090    4.635    6.093    6.434
    8.696    9.632    9.722   11.212
            0.233977  0.316366  0.196955
   -6.890   -5.271   -2.420   -0.154    1.180    2.398    4.078    4.558    6.143    6.467
    8.694    9.529    9.800   11.292
            0.224978  0.316366  0.189380
   -6.962   -5.295   -2.401   -0.075    1.254    2.514    4.062    4.470    6.195    6.507
    8.675    9.436    9.905   11.369
            0.215979  0.316366  0.181804
   -7.033   -5.320   -2.380    0.003    1.333    2.629    4.043    4.372    6.248    6.553
    8.644    9.354   10.033   11.442
            0.206980  0.316366  0.174229
   -7.100   -5.345   -2.356    0.080    1.414    2.741    4.024    4.267    6.298    6.604
    8.604    9.284   10.176   11.508
            0.197981  0.316366  0.166654
   -7.165   -5.370   -2.330    0.157    1.498    2.847    4.008    4.157    6.343    6.659
    8.559    9.230   10.330   11.559
            0.188982  0.316366  0.159079
   -7.228   -5.395   -2.302    0.233    1.584    2.943    4.000    4.045    6.382    6.716
    8.511    9.192   10.487   11.576
            0.179983  0.316366  0.151504
   -7.288   -5.420   -2.271    0.310    1.671    3.024    3.931    4.004    6.412    6.775
    8.461    9.171   10.634   11.398
            0.170983  0.316366  0.143928
   -7.345   -5.444   -2.239    0.386    1.759    3.085    3.819    4.024    6.433    6.836
    8.412    9.169   10.735   11.259
            0.161984  0.316366  0.136353
   -7.399   -5.468   -2.205    0.463    1.846    3.122    3.709    4.065    6.442    6.896
    8.364    9.186   10.707   11.255
            0.152985  0.316366  0.128778
   -7.450   -5.491   -2.170    0.541    1.931    3.135    3.604    4.128    6.442    6.957
    8.317    9.221   10.564   11.331
            0.143986  0.316366  0.121203
   -7.499   -5.514   -2.133    0.619    2.012    3.126    3.505    4.208    6.431    7.017
    8.273    9.273   10.382   11.238
            0.134987  0.316366  0.113628
   -7.545   -5.536   -2.095    0.698    2.087    3.100    3.415    4.302    6.413    7.076
    8.231    9.339   10.191   11.140
            0.125988  0.316366  0.106053
   -7.588   -5.557   -2.056    0.777    2.153    3.060    3.337    4.405    6.387    7.133
    8.191    9.418   10.001   11.037
            0.116989  0.316366  0.098477
   -7.628   -5.577   -2.017    0.858    2.207    3.011    3.276    4.514    6.356    7.188
    8.155    9.507    9.815   10.931
            0.107990  0.316366  0.090902
   -7.666   -5.596   -1.978    0.939    2.244    2.954    3.234    4.625    6.322    7.241
    8.122    9.603    9.635   10.825
            0.098990  0.316366  0.083327
   -7.700   -5.613   -1.940    1.021    2.262    2.891    3.214    4.735    6.285    7.290
    8.093    9.463    9.704   10.720
            0.089991  0.316366  0.075752
   -7.731   -5.630   -1.902    1.103    2.261    2.823    3.216    4.844    6.248    7.336
    8.067    9.299    9.807   10.617
            0.080992  0.316366  0.068177
   -7.760   -5.645   -1.866    1.186    2.243    2.752    3.236    4.948    6.212    7.378
    8.044    9.145    9.908   10.519
            0.071993  0.316366  0.060601
   -7.785   -5.658   -1.831    1.269    2.214    2.679    3.271    5.047    6.177    7.416
    8.026    9.002   10.003   10.430
            0.062994  0.316366  0.053026
   -7.808   -5.671   -1.799    1.353    2.179    2.603    3.313    5.139    6.145    7.450
    8.011    8.871   10.084   10.358
            0.053995  0.316366  0.045451
   -7.827   -5.681   -1.770    1.436    2.141    2.526    3.358    5.222    6.116    7.478
    7.998    8.755   10.125   10.326
            0.044996  0.316366  0.037876
   -7.844   -5.690   -1.744    1.518    2.105    2.449    3.403    5.296    6.091    7.503
    7.989    8.653   10.107   10.354
            0.035997  0.316366  0.030301
   -7.857   -5.698   -1.722    1.599    2.073    2.372    3.443    5.358    6.069    7.523
    7.982    8.567   10.063   10.406
            0.026997  0.316366  0.022726
   -7.868   -5.704   -1.705    1.676    2.046    2.298    3.477    5.408    6.053    7.538
    7.977    8.499   10.021   10.456
            0.017998  0.316366  0.015150
   -7.875   -5.708   -1.692    1.746    2.026    2.231    3.503    5.444    6.041    7.549
    7.973    8.450    9.988   10.494
            0.008999  0.316366  0.007575
   -7.880   -5.710   -1.684    1.799    2.014    2.178    3.518    5.466    6.034    7.556
    7.971    8.420    9.967   10.519
            0.000000  0.316366  0.000000
   -7.881   -5.711   -1.681    1.821    2.009    2.157    3.524    5.474    6.031    7.558
    7.970    8.410    9.960   10.527
            0.000000  0.316366  0.007575
   -7.881   -5.711   -1.683    1.799    2.013    2.179    3.524    5.473    6.033    7.555
    7.973    8.411    9.959   10.526
            0.000000  0.316366  0.015150
   -7.879   -5.712   -1.689    1.743    2.022    2.231    3.526    5.472    6.039    7.546
    7.980    8.414    9.954   10.524
            0.000000  0.316366  0.022726
   -7.877   -5.713   -1.698    1.671    2.039    2.299    3.528    5.471    6.048    7.531
    7.990    8.419    9.947   10.520
            0.000000  0.316366  0.030301
   -7.873   -5.714   -1.711    1.591    2.061    2.373    3.531    5.468    6.062    7.512
    8.004    8.426    9.937   10.514
            0.000000  0.316366  0.037876
   -7.868   -5.715   -1.727    1.507    2.090    2.450    3.535    5.465    6.078    7.489
    8.020    8.435    9.923   10.506
            0.000000  0.316366  0.045451
   -7.862   -5.717   -1.746    1.420    2.124    2.528    3.541    5.461    6.099    7.462
    8.038    8.447    9.907   10.498
            0.000000  0.316366  0.053026
   -7.855   -5.720   -1.768    1.332    2.164    2.606    3.547    5.456    6.123    7.433
    8.056    8.462    9.888   10.488
            0.000000  0.316366  0.060601
   -7.846   -5.722   -1.792    1.243    2.209    2.683    3.554    5.451    6.151    7.401
    8.075    8.479    9.865   10.476
            0.000000  0.316366  0.068177
   -7.837   -5.726   -1.819    1.153    2.260    2.760    3.561    5.445    6.182    7.367
    8.093    8.499    9.841   10.464
            0.000000  0.316366  0.075752
   -7.827   -5.729   -1.847    1.062    2.315    2.835    3.570    5.438    6.216    7.331
    8.112    8.522    9.813   10.451
            0.000000  0.316366  0.083327
   -7.815   -5.733   -1.877    0.971    2.374    2.910    3.580    5.430    6.253    7.294
    8.129    8.547    9.782   10.437
            0.000000  0.316366  0.090902
   -7.803   -5.738   -1.908    0.881    2.438    2.982    3.591    5.421    6.293    7.255
    8.146    8.576    9.749   10.422
            0.000000  0.316366  0.098477
   -7.789   -5.744   -1.940    0.790    2.505    3.054    3.602    5.412    6.336    7.214
    8.163    8.608    9.714   10.407
            0.000000  0.316366  0.106053
   -7.775   -5.750   -1.972    0.699    2.576    3.124    3.615    5.402    6.382    7.173
    8.179    8.643    9.676   10.392
            0.000000  0.316366  0.113628
   -7.759   -5.757   -2.005    0.609    2.650    3.193    3.628    5.391    6.430    7.130
    8.195    8.680    9.636   10.377
            0.000000  0.316366  0.121203
   -7.742   -5.765   -2.037    0.519    2.727    3.261    3.642    5.379    6.479    7.086
    8.211    8.719    9.594   10.361
            0.000000  0.316366  0.128778
   -7.724   -5.774   -2.069    0.429    2.807    3.327    3.657    5.366    6.531    7.040
    8.227    8.761    9.551   10.346
            0.000000  0.316366  0.136353
   -7.706   -5.783   -2.101    0.340    2.889    3.392    3.673    5.353    6.583    6.994
    8.243    8.805    9.506   10.332
            0.000000  0.316366  0.143928
   -7.686   -5.794   -2.131    0.252    2.973    3.455    3.689    5.338    6.636    6.946
    8.259    8.850    9.460   10.318
            0.000000  0.316366  0.151504
   -7.665   -5.806   -2.160    0.164    3.060    3.517    3.707    5.323    6.690    6.898
    8.276    8.898    9.414   10.304
            0.000000  0.316366  0.159079
   -7.643   -5.818   -2.188    0.076    3.148    3.579    3.725    5.307    6.744    6.849
    8.294    8.947    9.367   10.291
            0.000000  0.316366  0.166654
   -7.621   -5.832   -2.215   -0.010    3.238    3.639    3.744    5.290    6.796    6.799
    8.312    8.997    9.320   10.280
            0.000000  0.316366  0.174229
   -7.597   -5.847   -2.239   -0.096    3.329    3.698    3.764    5.272    6.748    6.847
    8.331    9.049    9.274   10.269
            0.000000  0.316366  0.181804
   -7.572   -5.864   -2.262   -0.181    3.422    3.756    3.785    5.253    6.697    6.896
    8.351    9.101    9.230   10.260
            0.000000  0.316366  0.189380
   -7.547   -5.881   -2.282   -0.265    3.515    3.807    3.813    5.234    6.644    6.943
    8.371    9.155    9.187   10.252
            0.000000  0.316366  0.196955
   -7.520   -5.900   -2.300   -0.348    3.610    3.829    3.870    5.213    6.592    6.985
    8.393    9.147    9.210   10.245
            0.000000  0.316366  0.204530
   -7.493   -5.920   -2.316   -0.430    3.705    3.852    3.926    5.192    6.539    7.022
    8.415    9.111    9.265   10.240
            0.000000  0.316366  0.212105
   -7.465   -5.942   -2.329   -0.511    3.801    3.875    3.981    5.169    6.485    7.054
    8.438    9.079    9.320   10.236
            0.000000  0.316366  0.219680
   -7.435   -5.964   -2.340   -0.590    3.897    3.900    4.035    5.146    6.432    7.080
    8.462    9.051    9.376   10.235
            0.000000  0.316366  0.227256
   -7.405   -5.989   -2.347   -0.669    3.925    3.994    4.090    5.123    6.378    7.098
    8.487    9.029    9.432   10.234
            0.000000  0.316366  0.234831
   -7.375   -6.014   -2.353   -0.747    3.950    4.091    4.143    5.098    6.324    7.108
    8.513    9.013    9.488   10.236
            0.000000  0.316366  0.242406
   -7.343   -6.041   -2.355   -0.823    3.977    4.188    4.197    5.073    6.270    7.109
    8.540    9.003    9.543   10.240
            0.000000  0.316366  0.249981
   -7.311   -6.069   -2.355   -0.898    4.004    4.250    4.285    5.046    6.216    7.102
    8.567    9.000    9.598   10.245
            0.000000  0.316366  0.257556
   -7.278   -6.098   -2.352   -0.972    4.031    4.302    4.381    5.020    6.163    7.086
    8.596    9.001    9.652   10.252
            0.000000  0.316366  0.265131
   -7.244   -6.128   -2.346   -1.044    4.059    4.355    4.477    4.992    6.110    7.061
    8.625    9.008    9.704   10.261
            0.000000  0.316366  0.272707
   -7.209   -6.160   -2.337   -1.115    4.088    4.407    4.572    4.964    6.058    7.028
    8.655    9.019    9.756   10.272
            0.000000  0.316366  0.280282
   -7.174   -6.192   -2.325   -1.185    4.117    4.460    4.665    4.935    6.007    6.988
    8.685    9.033    9.805   10.286
            0.000000  0.316366  0.287857
   -7.139   -6.226   -2.311   -1.253    4.146    4.512    4.757    4.906    5.958    6.941
    8.716    9.049    9.852   10.301
            0.000000  0.316366  0.295432
   -7.102   -6.260   -2.294   -1.319    4.176    4.564    4.846    4.876    5.911    6.888
    8.747    9.066    9.897   10.318
            0.000000  0.316366  0.303007
   -7.066   -6.295   -2.274   -1.384    4.207    4.616    4.846    4.931    5.868    6.829
    8.779    9.083    9.940   10.337
            0.000000  0.316366  0.310583
   -7.028   -6.331   -2.251   -1.447    4.238    4.667    4.815    5.012    5.829    6.766
    8.811    9.098    9.979   10.352
            0.000000  0.316366  0.318158
   -6.990   -6.368   -2.226   -1.509    4.269    4.719    4.784    5.084    5.798    6.698
    8.842    9.110   10.016   10.323
            0.000000  0.316366  0.325733
   -6.952   -6.405   -2.198   -1.569    4.300    4.753    4.770    5.145    5.778    6.628
    8.874    9.119   10.049   10.298
            0.000000  0.316366  0.333308
   -6.914   -6.443   -2.168   -1.627    4.332    4.721    4.821    5.190    5.774    6.554
    8.905    9.125   10.079   10.277
            0.000000  0.316366  0.340883
   -6.875   -6.482   -2.135   -1.683    4.364    4.689    4.872    5.215    5.788    6.478
    8.936    9.126   10.105   10.258
            0.000000  0.316366  0.348458
   -6.836   -6.520   -2.100   -1.738    4.396    4.657    4.922    5.220    5.823    6.400
    8.965    9.123   10.128   10.243
            0.000000  0.316366  0.356034
   -6.796   -6.559   -2.062   -1.790    4.429    4.624    4.971    5.208    5.874    6.321
    8.994    9.115   10.148   10.229
            0.000000  0.316366  0.363609
   -6.757   -6.599   -2.022   -1.841    4.461    4.592    5.019    5.182    5.937    6.241
    9.021    9.103   10.165   10.217
            0.000000  0.316366  0.371184
   -6.717   -6.638   -1.980   -1.889    4.494    4.559    5.065    5.148    6.008    6.162
    9.045    9.087   10.180   10.205
            0.000000  0.316366  0.378759
   -6.678   -6.678   -1.936   -1.936    4.526    4.526    5.108    5.108    6.084    6.084
    9.068    9.068   10.193   10.193
            0.000000  0.310038  0.371184
   -6.717   -6.638   -1.980   -1.889    4.494    4.559    5.061    5.145    6.009    6.163
    9.046    9.087   10.182   10.207
            0.000000  0.303711  0.363609
   -6.757   -6.599   -2.020   -1.838    4.461    4.592    5.002    5.171    5.942    6.247
    9.024    9.105   10.172   10.226
            0.000000  0.297384  0.356034
   -6.798   -6.560   -2.056   -1.784    4.429    4.625    4.933    5.187    5.882    6.332
    9.003    9.118   10.162   10.250
            0.000000  0.291056  0.348458
   -6.838   -6.521   -2.090   -1.727    4.397    4.657    4.853    5.192    5.830    6.418
    8.982    9.126   10.153   10.281
            0.000000  0.284729  0.340883
   -6.879   -6.483   -2.120   -1.666    4.366    4.689    4.764    5.189    5.787    6.502
    8.963    9.128   10.142   10.322
            0.000000  0.278402  0.333308
   -6.920   -6.445   -2.146   -1.602    4.335    4.667    4.721    5.177    5.752    6.584
    8.947    9.124   10.130   10.371
            0.000000  0.272074  0.325733
   -6.961   -6.407   -2.170   -1.534    4.305    4.564    4.753    5.156    5.724    6.662
    8.932    9.115   10.118   10.387
            0.000000  0.265747  0.318158
   -7.002   -6.369   -2.190   -1.464    4.275    4.455    4.784    5.128    5.702    6.735
    8.919    9.101   10.104   10.357
            0.000000  0.259420  0.310583
   -7.044   -6.331   -2.207   -1.390    4.245    4.342    4.814    5.093    5.685    6.801
    8.909    9.084   10.089   10.329
            0.000000  0.253092  0.303007
   -7.085   -6.294   -2.221   -1.313    4.217    4.226    4.844    5.053    5.672    6.859
    8.901    9.066   10.073   10.303
            0.000000  0.246765  0.295432
   -7.126   -6.256   -2.232   -1.234    4.108    4.189    4.873    5.008    5.661    6.909
    8.895    9.047   10.057   10.278
            0.000000  0.240438  0.287857
   -7.168   -6.219   -2.240   -1.151    3.988    4.161    4.901    4.958    5.654    6.948
    8.892    9.029   10.040   10.256
            0.000000  0.234111  0.280282
   -7.209   -6.182   -2.246   -1.067    3.868    4.135    4.905    4.928    5.648    6.975
    8.892    9.013   10.023   10.236
            0.000000  0.227783  0.272707
   -7.250   -6.144   -2.248   -0.979    3.748    4.109    4.849    4.954    5.644    6.991
    8.895    9.000   10.005   10.218
            0.000000  0.221456  0.265131
   -7.290   -6.107   -2.249   -0.890    3.628    4.084    4.789    4.978    5.642    6.995
    8.904    8.988    9.988   10.203
            0.000000  0.215129  0.257556
   -7.331   -6.070   -2.247   -0.798    3.510    4.060    4.728    5.002    5.640    6.986
    8.917    8.980    9.971   10.190
            0.000000  0.208801  0.249981
   -7.371   -6.032   -2.242   -0.705    3.393    4.037    4.663    5.024    5.640    6.966
    8.935    8.973    9.953   10.180
            0.000000  0.202474  0.242406
   -7.410   -5.995   -2.236   -0.610    3.278    4.014    4.597    5.045    5.641    6.934
    8.953    8.972    9.936   10.173
            0.000000  0.196147  0.234831
   -7.449   -5.958   -2.227   -0.513    3.166    3.993    4.529    5.064    5.644    6.892
    8.955    8.992    9.918   10.168
            0.000000  0.189819  0.227256
   -7.488   -5.920   -2.217   -0.416    3.057    3.972    4.459    5.082    5.647    6.842
    8.950    9.024    9.900   10.166
            0.000000  0.183492  0.219680
   -7.525   -5.883   -2.205   -0.318    2.951    3.953    4.388    5.098    5.652    6.783
    8.944    9.059    9.881   10.167
            0.000000  0.177165  0.212105
   -7.563   -5.845   -2.191   -0.220    2.849    3.934    4.316    5.113    5.659    6.718
    8.937    9.097    9.862   10.170
            0.000000  0.170837  0.204530
   -7.599   -5.808   -2.176   -0.122    2.751    3.916    4.242    5.126    5.667    6.648
    8.930    9.137    9.840   10.177
            0.000000  0.164510  0.196955
   -7.634   -5.771   -2.160   -0.025    2.659    3.899    4.168    5.138    5.676    6.574
    8.922    9.177    9.817   10.186
            0.000000  0.158183  0.189380
   -7.669   -5.734   -2.142    0.070    2.573    3.883    4.093    5.148    5.687    6.496
    8.914    9.217    9.792   10.198
            0.000000  0.151855  0.181804
   -7.703   -5.697   -2.124    0.163    2.493    3.868    4.018    5.157    5.700    6.415
    8.904    9.256    9.764   10.212
            0.000000  0.145528  0.174229
   -7.735   -5.660   -2.105    0.253    2.421    3.853    3.942    5.165    5.714    6.332
    8.895    9.293    9.733   10.229
            0.000000  0.139201  0.166654
   -7.767   -5.623   -2.086    0.339    2.357    3.840    3.866    5.171    5.730    6.249
    8.884    9.328    9.699   10.249
            0.000000  0.132874  0.159079
   -7.798   -5.587   -2.066    0.419    2.303    3.791    3.827    5.176    5.747    6.164
    8.874    9.360    9.662   10.270
            0.000000  0.126546  0.151504
   -7.827   -5.551   -2.046    0.493    2.260    3.715    3.815    5.179    5.766    6.079
    8.863    9.386    9.623   10.293
            0.000000  0.120219  0.143928
   -7.855   -5.516   -2.026    0.559    2.230    3.641    3.804    5.182    5.787    5.994
    8.851    9.406    9.585   10.318
            0.000000  0.113892  0.136353
   -7.883   -5.482   -2.007    0.615    2.212    3.567    3.794    5.183    5.806    5.912
    8.840    9.413    9.552   10.345
            0.000000  0.107564  0.128778
   -7.908   -5.448   -1.988    0.662    2.209    3.495    3.784    5.183    5.800    5.858
    8.828    9.397    9.536   10.373
            0.000000  0.101237  0.121203
   -7.933   -5.415   -1.969    0.698    2.219    3.424    3.776    5.183    5.729    5.871
    8.815    9.358    9.537   10.402
            0.000000  0.094910  0.113628
   -7.956   -5.383   -1.951    0.724    2.243    3.355    3.768    5.182    5.647    5.897
    8.802    9.306    9.545   10.431
            0.000000  0.088582  0.106053
   -7.978   -5.352   -1.934    0.742    2.279    3.288    3.760    5.181    5.566    5.926
    8.787    9.249    9.554   10.461
            0.000000  0.082255  0.098477
   -7.998   -5.322   -1.919    0.751    2.325    3.224    3.754    5.178    5.485    5.957
    8.771    9.190    9.563   10.491
            0.000000  0.075928  0.090902
   -8.017   -5.294   -1.904    0.755    2.380    3.162    3.747    5.176    5.406    5.989
    8.752    9.131    9.571   10.521
            0.000000  0.069600  0.083327
   -8.035   -5.267   -1.890    0.754    2.441    3.104    3.742    5.173    5.328    6.022
    8.730    9.075    9.577   10.550
            0.000000  0.063273  0.075752
   -8.051   -5.242   -1.878    0.749    2.506    3.049    3.737    5.170    5.253    6.056
    8.703    9.024    9.582   10.578
            0.000000  0.056946  0.068177
   -8.066   -5.219   -1.867    0.743    2.573    2.998    3.733    5.168    5.181    6.090
    8.671    8.981    9.585   10.604
            0.000000  0.050618  0.060601
   -8.079   -5.198   -1.858    0.736    2.639    2.952    3.729    5.112    5.165    6.123
    8.633    8.946    9.587   10.629
            0.000000  0.044291  0.053026
   -8.091   -5.179   -1.849    0.729    2.702    2.912    3.726    5.048    5.162    6.155
    8.591    8.919    9.589   10.652
            0.000000  0.037964  0.045451
   -8.101   -5.162   -1.842    0.722    2.757    2.881    3.723    4.989    5.159    6.185
    8.548    8.899    9.589   10.672
            0.000000  0.031637  0.037876
   -8.110   -5.147   -1.837    0.716    2.790    2.872    3.721    4.935    5.157    6.213
    8.506    8.884    9.590   10.690
            0.000000  0.025309  0.030301
   -8.117   -5.135   -1.832    0.710    2.788    2.898    3.719    4.889    5.155    6.237
    8.469    8.873    9.589   10.705
            0.000000  0.018982  0.022726
   -8.122   -5.126   -1.828    0.706    2.773    2.932    3.717    4.852    5.154    6.257
    8.437    8.866    9.589   10.717
            0.000000  0.012655  0.015150
   -8.126   -5.119   -1.826    0.703    2.760    2.960    3.716    4.824    5.152    6.271
    8.414    8.861    9.589   10.726
            0.000000  0.006327  0.007575
   -8.128   -5.115   -1.824    0.701    2.752    2.978    3.716    4.807    5.152    6.280
    8.399    8.858    9.589   10.731
            0.000000  0.000000  0.000000
   -8.129   -5.114   -1.824    0.701    2.749    2.984    3.716    4.801    5.151    6.284
    8.394    8.857    9.589   10.733
