              w [eV]            znorm(w)       delta(w) [eV]
    1.1911746383E-03    2.4616150596E+00    3.9284391048E-04
    3.5735239148E-03    2.0460205568E+00    3.2302242551E-04
    5.9558731914E-03    1.8291981742E+00    2.3147430515E-04
    8.3382224679E-03    1.6841372435E+00    1.5468028468E-04
    1.0720571744E-02    1.5802331002E+00    9.5731956488E-05
    1.3102921021E-02    1.5025541452E+00    5.1749306230E-05
    1.5485270298E-02    1.4425393313E+00    1.9113905433E-05
    1.7867619574E-02    1.3949172415E+00   -5.2188315514E-06
    2.0249968851E-02    1.3562832190E+00   -2.3538850538E-05
    2.2632318127E-02    1.3243528860E+00   -3.7498483912E-05
    2.5014667404E-02    1.2975432687E+00   -4.8273200430E-05
    2.7397016680E-02    1.2747264005E+00   -5.6697992078E-05
    2.9779365957E-02    1.2550787122E+00   -6.3368951473E-05
    3.2161715233E-02    1.2379858653E+00   -6.8715199299E-05
    3.4544064510E-02    1.2229808286E+00   -7.3048798966E-05
    3.6926413787E-02    1.2097025143E+00   -7.6599187777E-05
    3.9308763063E-02    1.1978674902E+00   -7.9536960278E-05
    4.1691112340E-02    1.1872502168E+00   -8.1990386457E-05
    4.4073461616E-02    1.1776689712E+00   -8.4056973413E-05
    4.6455810893E-02    1.1689756418E+00   -8.5811631185E-05
    4.8838160169E-02    1.1610482056E+00   -8.7312496358E-05
    5.1220509446E-02    1.1537850965E+00   -8.8605126897E-05
    5.3602858722E-02    1.1471009231E+00   -8.9725554175E-05
    5.5985207999E-02    1.1409231605E+00   -9.0702525615E-05
    5.8367557275E-02    1.1351895511E+00   -9.1559168654E-05
    6.0749906552E-02    1.1298460167E+00   -9.2314237061E-05
    6.3132255829E-02    1.1248449364E+00   -9.2983053039E-05
    6.5514605105E-02    1.1201436715E+00   -9.3578225752E-05
    6.7896954382E-02    1.1157032310E+00   -9.4110204141E-05
    7.0279303658E-02    1.1114869753E+00   -9.4587705937E-05
    7.2661652935E-02    1.1074592341E+00   -9.5018053502E-05
    7.5044002211E-02    1.1035836723E+00   -9.5407439084E-05
    7.7426351488E-02    1.0998211495E+00   -9.5761136282E-05
    7.9808700764E-02    1.0961266494E+00   -9.6083670199E-05
    8.2191050041E-02    1.0924445232E+00   -9.6378955262E-05
    8.4573399318E-02    1.0887006402E+00   -9.6650406267E-05
    8.6955748594E-02    1.0847886938E+00   -9.6901022900E-05
    8.9338097871E-02    1.0805450777E+00   -9.7133436558E-05
    9.1720447147E-02    1.0757006575E+00   -9.7349877597E-05
    9.4102796424E-02    1.0697847146E+00   -9.7551933609E-05
    9.6485145700E-02    1.0619294354E+00   -9.7739720767E-05
    9.8867494977E-02    1.0504440853E+00   -9.7909470044E-05
