              w [eV]            znorm(w)       delta(w) [eV]
    8.1216452610E-05    2.2932628248E+00    8.7734380843E-04
    2.4364935783E-04    2.2900774527E+00    8.7570672900E-04
    4.0608226305E-04    2.2838779116E+00    8.7248595613E-04
    5.6851516827E-04    2.2749747542E+00    8.6777986021E-04
    7.3094807349E-04    2.2637660890E+00    8.6171791165E-04
    8.9338097871E-04    2.2506825549E+00    8.5444548324E-04
    1.0558138839E-03    2.2361423108E+00    8.4611078145E-04
    1.2182467891E-03    2.2205218777E+00    8.3685560693E-04
    1.3806796944E-03    2.2041422198E+00    8.2681003919E-04
    1.5431125996E-03    2.1872661326E+00    8.1609023409E-04
    1.7055455048E-03    2.1701024410E+00    8.0479828001E-04
    1.8679784100E-03    2.1528133912E+00    7.9302319830E-04
    2.0304113152E-03    2.1355228685E+00    7.8084244188E-04
    2.1928442205E-03    2.1183241364E+00    7.6832349860E-04
    2.3552771257E-03    2.1012865231E+00    7.5552539257E-04
    2.5177100309E-03    2.0844609076E+00    7.4249999564E-04
    2.6801429361E-03    2.0678840777E+00    7.2929312881E-04
    2.8425758413E-03    2.0515821180E+00    7.1594546684E-04
    3.0050087466E-03    2.0355730085E+00    7.0249327309E-04
    3.1674416518E-03    2.0198686021E+00    6.8896899458E-04
    3.3298745570E-03    2.0044761201E+00    6.7540174513E-04
    3.4923074622E-03    1.9893992835E+00    6.6181770037E-04
    3.6547403674E-03    1.9746391662E+00    6.4824042404E-04
    3.8171732727E-03    1.9601948416E+00    6.3469114073E-04
    3.9796061779E-03    1.9460638725E+00    6.2118896690E-04
    4.1420390831E-03    1.9322426844E+00    6.0775110914E-04
    4.3044719883E-03    1.9187268502E+00    5.9439303659E-04
    4.4669048935E-03    1.9055113098E+00    5.8112863252E-04
    4.6293377988E-03    1.8925905388E+00    5.6797032908E-04
    4.7917707040E-03    1.8799586793E+00    5.5492922813E-04
    4.9542036092E-03    1.8676096428E+00    5.4201521043E-04
    5.1166365144E-03    1.8555371890E+00    5.2923703484E-04
    5.2790694196E-03    1.8437349897E+00    5.1660242895E-04
    5.4415023248E-03    1.8321966774E+00    5.0411817225E-04
    5.6039352301E-03    1.8209158850E+00    4.9179017250E-04
    5.7663681353E-03    1.8098862764E+00    4.7962353629E-04
    5.9288010405E-03    1.7991015714E+00    4.6762263404E-04
    6.0912339457E-03    1.7885555646E+00    4.5579116018E-04
    6.2536668509E-03    1.7782421407E+00    4.4413218887E-04
    6.4160997562E-03    1.7681552870E+00    4.3264822552E-04
    6.5785326614E-03    1.7582891017E+00    4.2134125457E-04
    6.7409655666E-03    1.7486378015E+00    4.1021278373E-04
    6.9033984718E-03    1.7391957267E+00    3.9926388500E-04
    7.0658313770E-03    1.7299573449E+00    3.8849523269E-04
    7.2282642823E-03    1.7209172536E+00    3.7790713857E-04
    7.3906971875E-03    1.7120701813E+00    3.6749958455E-04
    7.5531300927E-03    1.7034109888E+00    3.5727225285E-04
    7.7155629979E-03    1.6949346689E+00    3.4722455399E-04
    7.8779959031E-03    1.6866363457E+00    3.3735565266E-04
    8.0404288084E-03    1.6785112735E+00    3.2766449166E-04
    8.2028617136E-03    1.6705548359E+00    3.1814981409E-04
    8.3652946188E-03    1.6627625434E+00    3.0881018381E-04
    8.5277275240E-03    1.6551300318E+00    2.9964400431E-04
    8.6901604292E-03    1.6476530597E+00    2.9064953628E-04
    8.8525933345E-03    1.6403275064E+00    2.8182491363E-04
    9.0150262397E-03    1.6331493691E+00    2.7316815843E-04
    9.1774591449E-03    1.6261147606E+00    2.6467719459E-04
    9.3398920501E-03    1.6192199063E+00    2.5634986051E-04
    9.5023249553E-03    1.6124611416E+00    2.4818392066E-04
    9.6647578606E-03    1.6058349093E+00    2.4017707627E-04
    9.8271907658E-03    1.5993377565E+00    2.3232697521E-04
    9.9896236710E-03    1.5929663320E+00    2.2463122091E-04
    1.0152056576E-02    1.5867173835E+00    2.1708738068E-04
    1.0314489481E-02    1.5805877550E+00    2.0969299327E-04
    1.0476922387E-02    1.5745743837E+00    2.0244557577E-04
    1.0639355292E-02    1.5686742975E+00    1.9534262994E-04
    1.0801788197E-02    1.5628846127E+00    1.8838164801E-04
    1.0964221102E-02    1.5572025306E+00    1.8156011789E-04
    1.1126654008E-02    1.5516253359E+00    1.7487552796E-04
    1.1289086913E-02    1.5461503933E+00    1.6832537144E-04
    1.1451519818E-02    1.5407751457E+00    1.6190715028E-04
    1.1613952723E-02    1.5354971115E+00    1.5561837871E-04
    1.1776385628E-02    1.5303138823E+00    1.4945658647E-04
    1.1938818534E-02    1.5252231208E+00    1.4341932163E-04
    1.2101251439E-02    1.5202225582E+00    1.3750415325E-04
    1.2263684344E-02    1.5153099925E+00    1.3170867361E-04
    1.2426117249E-02    1.5104832862E+00    1.2603050027E-04
    1.2588550154E-02    1.5057403641E+00    1.2046727792E-04
    1.2750983060E-02    1.5010792115E+00    1.1501667992E-04
    1.2913415965E-02    1.4964978724E+00    1.0967640972E-04
    1.3075848870E-02    1.4919944474E+00    1.0444420211E-04
    1.3238281775E-02    1.4875670919E+00    9.9317824186E-05
    1.3400714681E-02    1.4832140147E+00    9.4295076294E-05
    1.3563147586E-02    1.4789334758E+00    8.9373792760E-05
    1.3725580491E-02    1.4747237851E+00    8.4551842502E-05
    1.3888013396E-02    1.4705833007E+00    7.9827129529E-05
    1.4050446301E-02    1.4665104273E+00    7.5197593327E-05
    1.4212879207E-02    1.4625036150E+00    7.0661209143E-05
    1.4375312112E-02    1.4585613575E+00    6.6215988183E-05
    1.4537745017E-02    1.4546821908E+00    6.1859977721E-05
    1.4700177922E-02    1.4508646919E+00    5.7591261140E-05
    1.4862610828E-02    1.4471074777E+00    5.3407957896E-05
    1.5025043733E-02    1.4434092033E+00    4.9308223427E-05
    1.5187476638E-02    1.4397685613E+00    4.5290249001E-05
    1.5349909543E-02    1.4361842799E+00    4.1352261516E-05
    1.5512342448E-02    1.4326551228E+00    3.7492523255E-05
    1.5674775354E-02    1.4291798869E+00    3.3709331595E-05
    1.5837208259E-02    1.4257574023E+00    3.0001018689E-05
    1.5999641164E-02    1.4223865306E+00    2.6365951103E-05
    1.6162074069E-02    1.4190661642E+00    2.2802529440E-05
    1.6324506975E-02    1.4157952252E+00    1.9309187920E-05
    1.6486939880E-02    1.4125726646E+00    1.5884393954E-05
    1.6649372785E-02    1.4093974613E+00    1.2526647689E-05
    1.6811805690E-02    1.4062686213E+00    9.2344815413E-06
    1.6974238595E-02    1.4031851769E+00    6.0064597109E-06
    1.7136671501E-02    1.4001461858E+00    2.8411776883E-06
    1.7299104406E-02    1.3971507302E+00   -2.6273825176E-07
    1.7461537311E-02    1.3941979164E+00   -3.3066315634E-06
    1.7623970216E-02    1.3912868738E+00   -6.2918159493E-06
    1.7786403122E-02    1.3884167543E+00   -9.2195758860E-06
    1.7948836027E-02    1.3855867315E+00   -1.2091167151E-05
    1.8111268932E-02    1.3827960002E+00   -1.4907817355E-05
    1.8273701837E-02    1.3800437757E+00   -1.7670726472E-05
    1.8436134742E-02    1.3773292931E+00   -2.0381067369E-05
    1.8598567648E-02    1.3746518069E+00   -2.3039986341E-05
    1.8761000553E-02    1.3720105902E+00   -2.5648603633E-05
    1.8923433458E-02    1.3694049343E+00   -2.8208013971E-05
    1.9085866363E-02    1.3668341482E+00   -3.0719287080E-05
    1.9248299268E-02    1.3642975578E+00   -3.3183468206E-05
    1.9410732174E-02    1.3617945058E+00   -3.5601578626E-05
    1.9573165079E-02    1.3593243509E+00   -3.7974616156E-05
    1.9735597984E-02    1.3568864675E+00   -4.0303555655E-05
    1.9898030889E-02    1.3544802451E+00   -4.2589349523E-05
    2.0060463795E-02    1.3521050881E+00   -4.4832928188E-05
    2.0222896700E-02    1.3497604151E+00   -4.7035200589E-05
    2.0385329605E-02    1.3474456587E+00   -4.9197054656E-05
    2.0547762510E-02    1.3451602648E+00   -5.1319357777E-05
    2.0710195415E-02    1.3429036929E+00   -5.3402957259E-05
    2.0872628321E-02    1.3406754147E+00   -5.5448680783E-05
    2.1035061226E-02    1.3384749148E+00   -5.7457336854E-05
    2.1197494131E-02    1.3363016894E+00   -5.9429715233E-05
    2.1359927036E-02    1.3341552469E+00   -6.1366587375E-05
    2.1522359942E-02    1.3320351066E+00   -6.3268706848E-05
    2.1684792847E-02    1.3299407992E+00   -6.5136809749E-05
    2.1847225752E-02    1.3278718660E+00   -6.6971615112E-05
    2.2009658657E-02    1.3258278590E+00   -6.8773825306E-05
    2.2172091562E-02    1.3238083401E+00   -7.0544126430E-05
    2.2334524468E-02    1.3218128812E+00   -7.2283188689E-05
    2.2496957373E-02    1.3198410640E+00   -7.3991666778E-05
    2.2659390278E-02    1.3178924793E+00   -7.5670200243E-05
    2.2821823183E-02    1.3159667273E+00   -7.7319413847E-05
    2.2984256089E-02    1.3140634168E+00   -7.8939917914E-05
    2.3146688994E-02    1.3121821654E+00   -8.0532308682E-05
    2.3309121899E-02    1.3103225991E+00   -8.2097168637E-05
    2.3471554804E-02    1.3084843521E+00   -8.3635066838E-05
    2.3633987709E-02    1.3066670665E+00   -8.5146559246E-05
    2.3796420615E-02    1.3048703921E+00   -8.6632189037E-05
    2.3958853520E-02    1.3030939866E+00   -8.8092486907E-05
    2.4121286425E-02    1.3013375146E+00   -8.9527971375E-05
    2.4283719330E-02    1.2996006481E+00   -9.0939149077E-05
    2.4446152236E-02    1.2978830661E+00   -9.2326515052E-05
    2.4608585141E-02    1.2961844544E+00   -9.3690553024E-05
    2.4771018046E-02    1.2945045053E+00   -9.5031735673E-05
    2.4933450951E-02    1.2928429177E+00   -9.6350524906E-05
    2.5095883856E-02    1.2911993968E+00   -9.7647372113E-05
    2.5258316762E-02    1.2895736537E+00   -9.8922718427E-05
    2.5420749667E-02    1.2879654057E+00   -1.0017699497E-04
    2.5583182572E-02    1.2863743760E+00   -1.0141062309E-04
    2.5745615477E-02    1.2848002932E+00   -1.0262401462E-04
    2.5908048382E-02    1.2832428918E+00   -1.0381757206E-04
    2.6070481288E-02    1.2817019113E+00   -1.0499168888E-04
    2.6232914193E-02    1.2801770967E+00   -1.0614674965E-04
    2.6395347098E-02    1.2786681983E+00   -1.0728313034E-04
    2.6557780003E-02    1.2771749710E+00   -1.0840119845E-04
    2.6720212909E-02    1.2756971749E+00   -1.0950131328E-04
    2.6882645814E-02    1.2742345748E+00   -1.1058382610E-04
    2.7045078719E-02    1.2727869402E+00   -1.1164908032E-04
    2.7207511624E-02    1.2713540450E+00   -1.1269741174E-04
    2.7369944529E-02    1.2699356677E+00   -1.1372914869E-04
    2.7532377435E-02    1.2685315910E+00   -1.1474461220E-04
    2.7694810340E-02    1.2671416019E+00   -1.1574411621E-04
    2.7857243245E-02    1.2657654915E+00   -1.1672796774E-04
    2.8019676150E-02    1.2644030549E+00   -1.1769646702E-04
    2.8182109056E-02    1.2630540912E+00   -1.1864990770E-04
    2.8344541961E-02    1.2617184033E+00   -1.1958857696E-04
    2.8506974866E-02    1.2603957978E+00   -1.2051275570E-04
    2.8669407771E-02    1.2590860851E+00   -1.2142271870E-04
    2.8831840676E-02    1.2577890791E+00   -1.2231873473E-04
    2.8994273582E-02    1.2565045971E+00   -1.2320106670E-04
    2.9156706487E-02    1.2552324600E+00   -1.2406997183E-04
    2.9319139392E-02    1.2539724919E+00   -1.2492570177E-04
    2.9481572297E-02    1.2527245202E+00   -1.2576850271E-04
    2.9644005203E-02    1.2514883755E+00   -1.2659861554E-04
    2.9806438108E-02    1.2502638916E+00   -1.2741627598E-04
    2.9968871013E-02    1.2490509051E+00   -1.2822171467E-04
    3.0131303918E-02    1.2478492558E+00   -1.2901515732E-04
    3.0293736823E-02    1.2466587864E+00   -1.2979682481E-04
    3.0456169729E-02    1.2454793423E+00   -1.3056693330E-04
    3.0618602634E-02    1.2443107718E+00   -1.3132569438E-04
    3.0781035539E-02    1.2431529259E+00   -1.3207331513E-04
    3.0943468444E-02    1.2420056582E+00   -1.3280999824E-04
    3.1105901350E-02    1.2408688250E+00   -1.3353594213E-04
    3.1268334255E-02    1.2397422851E+00   -1.3425134104E-04
    3.1430767160E-02    1.2386258998E+00   -1.3495638511E-04
    3.1593200065E-02    1.2375195327E+00   -1.3565126051E-04
    3.1755632970E-02    1.2364230501E+00   -1.3633614952E-04
    3.1918065876E-02    1.2353363203E+00   -1.3701123059E-04
    3.2080498781E-02    1.2342592140E+00   -1.3767667848E-04
    3.2242931686E-02    1.2331916043E+00   -1.3833266430E-04
    3.2405364591E-02    1.2321333662E+00   -1.3897935563E-04
    3.2567797496E-02    1.2310843770E+00   -1.3961691659E-04
    3.2730230402E-02    1.2300445162E+00   -1.4024550789E-04
    3.2892663307E-02    1.2290136650E+00   -1.4086528697E-04
    3.3055096212E-02    1.2279917070E+00   -1.4147640801E-04
    3.3217529117E-02    1.2269785276E+00   -1.4207902206E-04
    3.3379962023E-02    1.2259740141E+00   -1.4267327707E-04
    3.3542394928E-02    1.2249780556E+00   -1.4325931799E-04
    3.3704827833E-02    1.2239905433E+00   -1.4383728681E-04
    3.3867260738E-02    1.2230113700E+00   -1.4440732267E-04
    3.4029693643E-02    1.2220404304E+00   -1.4496956186E-04
    3.4192126549E-02    1.2210776207E+00   -1.4552413797E-04
    3.4354559454E-02    1.2201228392E+00   -1.4607118186E-04
    3.4516992359E-02    1.2191759854E+00   -1.4661082180E-04
    3.4679425264E-02    1.2182369608E+00   -1.4714318347E-04
    3.4841858170E-02    1.2173056683E+00   -1.4766839007E-04
    3.5004291075E-02    1.2163820125E+00   -1.4818656232E-04
    3.5166723980E-02    1.2154658994E+00   -1.4869781855E-04
    3.5329156885E-02    1.2145572366E+00   -1.4920227478E-04
    3.5491589790E-02    1.2136559332E+00   -1.4970004469E-04
    3.5654022696E-02    1.2127618996E+00   -1.5019123975E-04
    3.5816455601E-02    1.2118750478E+00   -1.5067596925E-04
    3.5978888506E-02    1.2109952909E+00   -1.5115434030E-04
    3.6141321411E-02    1.2101225438E+00   -1.5162645797E-04
    3.6303754317E-02    1.2092567224E+00   -1.5209242524E-04
    3.6466187222E-02    1.2083977440E+00   -1.5255234310E-04
    3.6628620127E-02    1.2075455272E+00   -1.5300631059E-04
    3.6791053032E-02    1.2066999919E+00   -1.5345442482E-04
    3.6953485937E-02    1.2058610591E+00   -1.5389678106E-04
    3.7115918843E-02    1.2050286511E+00   -1.5433347270E-04
    3.7278351748E-02    1.2042026915E+00   -1.5476459137E-04
    3.7440784653E-02    1.2033831049E+00   -1.5519022695E-04
    3.7603217558E-02    1.2025698170E+00   -1.5561046758E-04
    3.7765650463E-02    1.2017627548E+00   -1.5602539975E-04
    3.7928083369E-02    1.2009618464E+00   -1.5643510828E-04
    3.8090516274E-02    1.2001670208E+00   -1.5683967641E-04
    3.8252949179E-02    1.1993782082E+00   -1.5723918579E-04
    3.8415382084E-02    1.1985953398E+00   -1.5763371655E-04
    3.8577814990E-02    1.1978183478E+00   -1.5802334729E-04
    3.8740247895E-02    1.1970471655E+00   -1.5840815516E-04
    3.8902680800E-02    1.1962817271E+00   -1.5878821586E-04
    3.9065113705E-02    1.1955219677E+00   -1.5916360367E-04
    3.9227546610E-02    1.1947678235E+00   -1.5953439151E-04
    3.9389979516E-02    1.1940192316E+00   -1.5990065094E-04
    3.9552412421E-02    1.1932761299E+00   -1.6026245218E-04
    3.9714845326E-02    1.1925384573E+00   -1.6061986418E-04
    3.9877278231E-02    1.1918061535E+00   -1.6097295460E-04
    4.0039711137E-02    1.1910791592E+00   -1.6132178988E-04
    4.0202144042E-02    1.1903574159E+00   -1.6166643523E-04
    4.0364576947E-02    1.1896408658E+00   -1.6200695468E-04
    4.0527009852E-02    1.1889294520E+00   -1.6234341108E-04
    4.0689442757E-02    1.1882231185E+00   -1.6267586617E-04
    4.0851875663E-02    1.1875218101E+00   -1.6300438052E-04
    4.1014308568E-02    1.1868254722E+00   -1.6332901367E-04
    4.1176741473E-02    1.1861340510E+00   -1.6364982404E-04
    4.1339174378E-02    1.1854474936E+00   -1.6396686902E-04
    4.1501607284E-02    1.1847657478E+00   -1.6428020496E-04
    4.1664040189E-02    1.1840887619E+00   -1.6458988724E-04
    4.1826473094E-02    1.1834164852E+00   -1.6489597020E-04
    4.1988905999E-02    1.1827488676E+00   -1.6519850725E-04
    4.2151338904E-02    1.1820858596E+00   -1.6549755085E-04
    4.2313771810E-02    1.1814274125E+00   -1.6579315252E-04
    4.2476204715E-02    1.1807734782E+00   -1.6608536289E-04
    4.2638637620E-02    1.1801240091E+00   -1.6637423167E-04
    4.2801070525E-02    1.1794789586E+00   -1.6665980774E-04
    4.2963503431E-02    1.1788382805E+00   -1.6694213910E-04
    4.3125936336E-02    1.1782019292E+00   -1.6722127290E-04
    4.3288369241E-02    1.1775698597E+00   -1.6749725550E-04
    4.3450802146E-02    1.1769420277E+00   -1.6777013244E-04
    4.3613235051E-02    1.1763183895E+00   -1.6803994847E-04
    4.3775667957E-02    1.1756989019E+00   -1.6830674758E-04
    4.3938100862E-02    1.1750835222E+00   -1.6857057298E-04
    4.4100533767E-02    1.1744722084E+00   -1.6883146716E-04
    4.4262966672E-02    1.1738649190E+00   -1.6908947188E-04
    4.4425399577E-02    1.1732616131E+00   -1.6934462818E-04
    4.4587832483E-02    1.1726622502E+00   -1.6959697640E-04
    4.4750265388E-02    1.1720667904E+00   -1.6984655620E-04
    4.4912698293E-02    1.1714751943E+00   -1.7009340657E-04
    4.5075131198E-02    1.1708874231E+00   -1.7033756583E-04
    4.5237564104E-02    1.1703034383E+00   -1.7057907167E-04
    4.5399997009E-02    1.1697232020E+00   -1.7081796113E-04
    4.5562429914E-02    1.1691466768E+00   -1.7105427064E-04
    4.5724862819E-02    1.1685738258E+00   -1.7128803602E-04
    4.5887295724E-02    1.1680046125E+00   -1.7151929249E-04
    4.6049728630E-02    1.1674390009E+00   -1.7174807468E-04
    4.6212161535E-02    1.1668769553E+00   -1.7197441666E-04
    4.6374594440E-02    1.1663184408E+00   -1.7219835192E-04
    4.6537027345E-02    1.1657634225E+00   -1.7241991341E-04
    4.6699460251E-02    1.1652118662E+00   -1.7263913353E-04
    4.6861893156E-02    1.1646637381E+00   -1.7285604414E-04
    4.7024326061E-02    1.1641190048E+00   -1.7307067660E-04
    4.7186758966E-02    1.1635776331E+00   -1.7328306175E-04
    4.7349191871E-02    1.1630395907E+00   -1.7349322991E-04
    4.7511624777E-02    1.1625048451E+00   -1.7370121093E-04
    4.7674057682E-02    1.1619733646E+00   -1.7390703417E-04
    4.7836490587E-02    1.1614451178E+00   -1.7411072850E-04
    4.7998923492E-02    1.1609200735E+00   -1.7431232236E-04
    4.8161356398E-02    1.1603982011E+00   -1.7451184369E-04
    4.8323789303E-02    1.1598794703E+00   -1.7470932001E-04
    4.8486222208E-02    1.1593638511E+00   -1.7490477839E-04
    4.8648655113E-02    1.1588513139E+00   -1.7509824547E-04
    4.8811088018E-02    1.1583418293E+00   -1.7528974748E-04
    4.8973520924E-02    1.1578353686E+00   -1.7547931020E-04
    4.9135953829E-02    1.1573319031E+00   -1.7566695904E-04
    4.9298386734E-02    1.1568314046E+00   -1.7585271898E-04
    4.9460819639E-02    1.1563338451E+00   -1.7603661462E-04
    4.9623252545E-02    1.1558391970E+00   -1.7621867017E-04
    4.9785685450E-02    1.1553474331E+00   -1.7639890947E-04
    4.9948118355E-02    1.1548585264E+00   -1.7657735597E-04
    5.0110551260E-02    1.1543724503E+00   -1.7675403277E-04
    5.0272984165E-02    1.1538891784E+00   -1.7692896259E-04
    5.0435417071E-02    1.1534086845E+00   -1.7710216783E-04
    5.0597849976E-02    1.1529309431E+00   -1.7727367053E-04
    5.0760282881E-02    1.1524559285E+00   -1.7744349236E-04
    5.0922715786E-02    1.1519836156E+00   -1.7761165471E-04
    5.1085148691E-02    1.1515139795E+00   -1.7777817859E-04
    5.1247581597E-02    1.1510469956E+00   -1.7794308473E-04
    5.1410014502E-02    1.1505826395E+00   -1.7810639352E-04
    5.1572447407E-02    1.1501208871E+00   -1.7826812505E-04
    5.1734880312E-02    1.1496617145E+00   -1.7842829909E-04
    5.1897313218E-02    1.1492050983E+00   -1.7858693513E-04
    5.2059746123E-02    1.1487510150E+00   -1.7874405234E-04
    5.2222179028E-02    1.1482994417E+00   -1.7889966964E-04
    5.2384611933E-02    1.1478503555E+00   -1.7905380562E-04
    5.2547044838E-02    1.1474037339E+00   -1.7920647863E-04
    5.2709477744E-02    1.1469595545E+00   -1.7935770672E-04
    5.2871910649E-02    1.1465177952E+00   -1.7950750768E-04
    5.3034343554E-02    1.1460784343E+00   -1.7965589903E-04
    5.3196776459E-02    1.1456414499E+00   -1.7980289804E-04
    5.3359209365E-02    1.1452068208E+00   -1.7994852172E-04
    5.3521642270E-02    1.1447745258E+00   -1.8009278682E-04
    5.3684075175E-02    1.1443445440E+00   -1.8023570986E-04
    5.3846508080E-02    1.1439168545E+00   -1.8037730710E-04
    5.4008940985E-02    1.1434914368E+00   -1.8051759457E-04
    5.4171373891E-02    1.1430682707E+00   -1.8065658806E-04
    5.4333806796E-02    1.1426473360E+00   -1.8079430314E-04
    5.4496239701E-02    1.1422286127E+00   -1.8093075514E-04
    5.4658672606E-02    1.1418120813E+00   -1.8106595918E-04
    5.4821105512E-02    1.1413977222E+00   -1.8119993016E-04
    5.4983538417E-02    1.1409855161E+00   -1.8133268275E-04
    5.5145971322E-02    1.1405754437E+00   -1.8146423143E-04
    5.5308404227E-02    1.1401674863E+00   -1.8159459044E-04
    5.5470837132E-02    1.1397616251E+00   -1.8172377386E-04
    5.5633270038E-02    1.1393578414E+00   -1.8185179554E-04
    5.5795702943E-02    1.1389561169E+00   -1.8197866913E-04
    5.5958135848E-02    1.1385564334E+00   -1.8210440810E-04
    5.6120568753E-02    1.1381587729E+00   -1.8222902571E-04
    5.6283001659E-02    1.1377631174E+00   -1.8235253506E-04
    5.6445434564E-02    1.1373694493E+00   -1.8247494904E-04
    5.6607867469E-02    1.1369777510E+00   -1.8259628037E-04
    5.6770300374E-02    1.1365880052E+00   -1.8271654158E-04
    5.6932733279E-02    1.1362001947E+00   -1.8283574505E-04
    5.7095166185E-02    1.1358143024E+00   -1.8295390296E-04
    5.7257599090E-02    1.1354303114E+00   -1.8307102733E-04
    5.7420031995E-02    1.1350482050E+00   -1.8318713001E-04
    5.7582464900E-02    1.1346679666E+00   -1.8330222270E-04
    5.7744897805E-02    1.1342895797E+00   -1.8341631691E-04
    5.7907330711E-02    1.1339130281E+00   -1.8352942402E-04
    5.8069763616E-02    1.1335382957E+00   -1.8364155523E-04
    5.8232196521E-02    1.1331653663E+00   -1.8375272160E-04
    5.8394629426E-02    1.1327942242E+00   -1.8386293403E-04
    5.8557062332E-02    1.1324248535E+00   -1.8397220329E-04
    5.8719495237E-02    1.1320572388E+00   -1.8408053997E-04
    5.8881928142E-02    1.1316913645E+00   -1.8418795455E-04
    5.9044361047E-02    1.1313272154E+00   -1.8429445734E-04
    5.9206793952E-02    1.1309647761E+00   -1.8440005853E-04
    5.9369226858E-02    1.1306040317E+00   -1.8450476816E-04
    5.9531659763E-02    1.1302449671E+00   -1.8460859615E-04
    5.9694092668E-02    1.1298875675E+00   -1.8471155225E-04
    5.9856525573E-02    1.1295318183E+00   -1.8481364613E-04
    6.0018958479E-02    1.1291777048E+00   -1.8491488730E-04
    6.0181391384E-02    1.1288252125E+00   -1.8501528514E-04
    6.0343824289E-02    1.1284743271E+00   -1.8511484892E-04
    6.0506257194E-02    1.1281250343E+00   -1.8521358778E-04
    6.0668690099E-02    1.1277773199E+00   -1.8531151074E-04
    6.0831123005E-02    1.1274311700E+00   -1.8540862670E-04
    6.0993555910E-02    1.1270865706E+00   -1.8550494444E-04
    6.1155988815E-02    1.1267435078E+00   -1.8560047263E-04
    6.1318421720E-02    1.1264019679E+00   -1.8569521982E-04
    6.1480854626E-02    1.1260619373E+00   -1.8578919446E-04
    6.1643287531E-02    1.1257234024E+00   -1.8588240487E-04
    6.1805720436E-02    1.1253863499E+00   -1.8597485929E-04
    6.1968153341E-02    1.1250507663E+00   -1.8606656582E-04
    6.2130586246E-02    1.1247166384E+00   -1.8615753247E-04
    6.2293019152E-02    1.1243839530E+00   -1.8624776716E-04
    6.2455452057E-02    1.1240526972E+00   -1.8633727768E-04
    6.2617884962E-02    1.1237228577E+00   -1.8642607175E-04
    6.2780317867E-02    1.1233944219E+00   -1.8651415697E-04
    6.2942750772E-02    1.1230673768E+00   -1.8660154085E-04
    6.3105183678E-02    1.1227417096E+00   -1.8668823079E-04
    6.3267616583E-02    1.1224174078E+00   -1.8677423413E-04
    6.3430049488E-02    1.1220944587E+00   -1.8685955808E-04
    6.3592482393E-02    1.1217728499E+00   -1.8694420978E-04
    6.3754915299E-02    1.1214525688E+00   -1.8702819626E-04
    6.3917348204E-02    1.1211336031E+00   -1.8711152449E-04
    6.4079781109E-02    1.1208159405E+00   -1.8719420134E-04
    6.4242214014E-02    1.1204995688E+00   -1.8727623358E-04
    6.4404646919E-02    1.1201844757E+00   -1.8735762790E-04
    6.4567079825E-02    1.1198706493E+00   -1.8743839093E-04
    6.4729512730E-02    1.1195580774E+00   -1.8751852919E-04
    6.4891945635E-02    1.1192467480E+00   -1.8759804912E-04
    6.5054378540E-02    1.1189366493E+00   -1.8767695711E-04
    6.5216811446E-02    1.1186277693E+00   -1.8775525943E-04
    6.5379244351E-02    1.1183200962E+00   -1.8783296231E-04
    6.5541677256E-02    1.1180136183E+00   -1.8791007186E-04
    6.5704110161E-02    1.1177083239E+00   -1.8798659417E-04
    6.5866543066E-02    1.1174042013E+00   -1.8806253521E-04
    6.6028975972E-02    1.1171012388E+00   -1.8813790089E-04
    6.6191408877E-02    1.1167994250E+00   -1.8821269707E-04
    6.6353841782E-02    1.1164987482E+00   -1.8828692950E-04
    6.6516274687E-02    1.1161991970E+00   -1.8836060388E-04
    6.6678707593E-02    1.1159007599E+00   -1.8843372586E-04
    6.6841140498E-02    1.1156034255E+00   -1.8850630099E-04
    6.7003573403E-02    1.1153071824E+00   -1.8857833476E-04
    6.7166006308E-02    1.1150120194E+00   -1.8864983262E-04
    6.7328439213E-02    1.1147179250E+00   -1.8872079992E-04
    6.7490872119E-02    1.1144248880E+00   -1.8879124197E-04
    6.7653305024E-02    1.1141328971E+00   -1.8886116400E-04
    6.7815737929E-02    1.1138419411E+00   -1.8893057119E-04
    6.7978170834E-02    1.1135520088E+00   -1.8899946866E-04
    6.8140603740E-02    1.1132630890E+00   -1.8906786145E-04
    6.8303036645E-02    1.1129751705E+00   -1.8913575457E-04
    6.8465469550E-02    1.1126882422E+00   -1.8920315295E-04
    6.8627902455E-02    1.1124022929E+00   -1.8927006147E-04
    6.8790335360E-02    1.1121173115E+00   -1.8933648495E-04
    6.8952768266E-02    1.1118332869E+00   -1.8940242815E-04
    6.9115201171E-02    1.1115502080E+00   -1.8946789579E-04
    6.9277634076E-02    1.1112680636E+00   -1.8953289251E-04
    6.9440066981E-02    1.1109868428E+00   -1.8959742293E-04
    6.9602499886E-02    1.1107065342E+00   -1.8966149158E-04
    6.9764932792E-02    1.1104271270E+00   -1.8972510296E-04
    6.9927365697E-02    1.1101486099E+00   -1.8978826153E-04
    7.0089798602E-02    1.1098709718E+00   -1.8985097166E-04
    7.0252231507E-02    1.1095942017E+00   -1.8991323770E-04
    7.0414664413E-02    1.1093182884E+00   -1.8997506396E-04
    7.0577097318E-02    1.1090432207E+00   -1.9003645466E-04
    7.0739530223E-02    1.1087689875E+00   -1.9009741402E-04
    7.0901963128E-02    1.1084955776E+00   -1.9015794617E-04
    7.1064396033E-02    1.1082229798E+00   -1.9021805522E-04
    7.1226828939E-02    1.1079511828E+00   -1.9027774523E-04
    7.1389261844E-02    1.1076801755E+00   -1.9033702021E-04
    7.1551694749E-02    1.1074099465E+00   -1.9039588412E-04
    7.1714127654E-02    1.1071404844E+00   -1.9045434089E-04
    7.1876560560E-02    1.1068717780E+00   -1.9051239440E-04
    7.2038993465E-02    1.1066038159E+00   -1.9057004848E-04
    7.2201426370E-02    1.1063365865E+00   -1.9062730692E-04
    7.2363859275E-02    1.1060700784E+00   -1.9068417349E-04
    7.2526292180E-02    1.1058042801E+00   -1.9074065188E-04
    7.2688725086E-02    1.1055391800E+00   -1.9079674577E-04
    7.2851157991E-02    1.1052747664E+00   -1.9085245879E-04
    7.3013590896E-02    1.1050110276E+00   -1.9090779453E-04
    7.3176023801E-02    1.1047479518E+00   -1.9096275654E-04
    7.3338456707E-02    1.1044855273E+00   -1.9101734833E-04
    7.3500889612E-02    1.1042237420E+00   -1.9107157339E-04
    7.3663322517E-02    1.1039625840E+00   -1.9112543515E-04
    7.3825755422E-02    1.1037020413E+00   -1.9117893700E-04
    7.3988188327E-02    1.1034421016E+00   -1.9123208233E-04
    7.4150621233E-02    1.1031827528E+00   -1.9128487444E-04
    7.4313054138E-02    1.1029239826E+00   -1.9133731665E-04
    7.4475487043E-02    1.1026657784E+00   -1.9138941221E-04
    7.4637919948E-02    1.1024081278E+00   -1.9144116434E-04
    7.4800352854E-02    1.1021510181E+00   -1.9149257624E-04
    7.4962785759E-02    1.1018944366E+00   -1.9154365106E-04
    7.5125218664E-02    1.1016383704E+00   -1.9159439193E-04
    7.5287651569E-02    1.1013828065E+00   -1.9164480194E-04
    7.5450084474E-02    1.1011277319E+00   -1.9169488416E-04
    7.5612517380E-02    1.1008731333E+00   -1.9174464160E-04
    7.5774950285E-02    1.1006189973E+00   -1.9179407728E-04
    7.5937383190E-02    1.1003653104E+00   -1.9184319415E-04
    7.6099816095E-02    1.1001120589E+00   -1.9189199515E-04
    7.6262249000E-02    1.0998592291E+00   -1.9194048320E-04
    7.6424681906E-02    1.0996068068E+00   -1.9198866116E-04
    7.6587114811E-02    1.0993547779E+00   -1.9203653189E-04
    7.6749547716E-02    1.0991031282E+00   -1.9208409821E-04
    7.6911980621E-02    1.0988518430E+00   -1.9213136291E-04
    7.7074413527E-02    1.0986009078E+00   -1.9217832874E-04
    7.7236846432E-02    1.0983503075E+00   -1.9222499846E-04
    7.7399279337E-02    1.0981000271E+00   -1.9227137477E-04
    7.7561712242E-02    1.0978500512E+00   -1.9231746034E-04
    7.7724145147E-02    1.0976003644E+00   -1.9236325785E-04
    7.7886578053E-02    1.0973509507E+00   -1.9240876991E-04
    7.8049010958E-02    1.0971017943E+00   -1.9245399914E-04
    7.8211443863E-02    1.0968528788E+00   -1.9249894810E-04
    7.8373876768E-02    1.0966041878E+00   -1.9254361936E-04
    7.8536309674E-02    1.0963557044E+00   -1.9258801545E-04
    7.8698742579E-02    1.0961074116E+00   -1.9263213887E-04
    7.8861175484E-02    1.0958592919E+00   -1.9267599211E-04
    7.9023608389E-02    1.0956113279E+00   -1.9271957761E-04
    7.9186041294E-02    1.0953635014E+00   -1.9276289782E-04
    7.9348474200E-02    1.0951157943E+00   -1.9280595515E-04
    7.9510907105E-02    1.0948681878E+00   -1.9284875199E-04
    7.9673340010E-02    1.0946206631E+00   -1.9289129070E-04
    7.9835772915E-02    1.0943732008E+00   -1.9293357363E-04
    7.9998205821E-02    1.0941257811E+00   -1.9297560310E-04
    8.0160638726E-02    1.0938783840E+00   -1.9301738142E-04
    8.0323071631E-02    1.0936309891E+00   -1.9305891086E-04
    8.0485504536E-02    1.0933835753E+00   -1.9310019368E-04
    8.0647937441E-02    1.0931361213E+00   -1.9314123213E-04
    8.0810370347E-02    1.0928886054E+00   -1.9318202842E-04
    8.0972803252E-02    1.0926410053E+00   -1.9322258475E-04
    8.1135236157E-02    1.0923932981E+00   -1.9326290330E-04
    8.1297669062E-02    1.0921454608E+00   -1.9330298624E-04
    8.1460101967E-02    1.0918974694E+00   -1.9334283569E-04
    8.1622534873E-02    1.0916492996E+00   -1.9338245378E-04
    8.1784967778E-02    1.0914009267E+00   -1.9342184261E-04
    8.1947400683E-02    1.0911523251E+00   -1.9346100427E-04
    8.2109833588E-02    1.0909034687E+00   -1.9349994082E-04
    8.2272266494E-02    1.0906543308E+00   -1.9353865431E-04
    8.2434699399E-02    1.0904048840E+00   -1.9357714677E-04
    8.2597132304E-02    1.0901551004E+00   -1.9361542021E-04
    8.2759565209E-02    1.0899049512E+00   -1.9365347663E-04
    8.2921998114E-02    1.0896544067E+00   -1.9369131800E-04
    8.3084431020E-02    1.0894034370E+00   -1.9372894628E-04
    8.3246863925E-02    1.0891520107E+00   -1.9376636341E-04
    8.3409296830E-02    1.0889000962E+00   -1.9380357133E-04
    8.3571729735E-02    1.0886476606E+00   -1.9384057194E-04
    8.3734162641E-02    1.0883946704E+00   -1.9387736713E-04
    8.3896595546E-02    1.0881410910E+00   -1.9391395878E-04
    8.4059028451E-02    1.0878868869E+00   -1.9395034875E-04
    8.4221461356E-02    1.0876320215E+00   -1.9398653890E-04
    8.4383894261E-02    1.0873764573E+00   -1.9402253104E-04
    8.4546327167E-02    1.0871201557E+00   -1.9405832699E-04
    8.4708760072E-02    1.0868630769E+00   -1.9409392854E-04
    8.4871192977E-02    1.0866051799E+00   -1.9412933749E-04
    8.5033625882E-02    1.0863464227E+00   -1.9416455559E-04
    8.5196058788E-02    1.0860867616E+00   -1.9419958460E-04
    8.5358491693E-02    1.0858261520E+00   -1.9423442626E-04
    8.5520924598E-02    1.0855645477E+00   -1.9426908227E-04
    8.5683357503E-02    1.0853019012E+00   -1.9430355436E-04
    8.5845790408E-02    1.0850381632E+00   -1.9433784420E-04
    8.6008223314E-02    1.0847732833E+00   -1.9437195348E-04
    8.6170656219E-02    1.0845072091E+00   -1.9440588385E-04
    8.6333089124E-02    1.0842398866E+00   -1.9443963695E-04
    8.6495522029E-02    1.0839712601E+00   -1.9447321442E-04
    8.6657954935E-02    1.0837012721E+00   -1.9450661786E-04
    8.6820387840E-02    1.0834298630E+00   -1.9453984887E-04
    8.6982820745E-02    1.0831569713E+00   -1.9457290903E-04
    8.7145253650E-02    1.0828825335E+00   -1.9460579990E-04
    8.7307686555E-02    1.0826064837E+00   -1.9463852304E-04
    8.7470119461E-02    1.0823287540E+00   -1.9467107997E-04
    8.7632552366E-02    1.0820492738E+00   -1.9470347220E-04
    8.7794985271E-02    1.0817679704E+00   -1.9473570123E-04
    8.7957418176E-02    1.0814847681E+00   -1.9476776855E-04
    8.8119851081E-02    1.0811995889E+00   -1.9479967561E-04
    8.8282283987E-02    1.0809123516E+00   -1.9483142385E-04
    8.8444716892E-02    1.0806229723E+00   -1.9486301469E-04
    8.8607149797E-02    1.0803313640E+00   -1.9489444954E-04
    8.8769582702E-02    1.0800374364E+00   -1.9492572979E-04
    8.8932015608E-02    1.0797410959E+00   -1.9495685678E-04
    8.9094448513E-02    1.0794422452E+00   -1.9498783187E-04
    8.9256881418E-02    1.0791407836E+00   -1.9501865636E-04
    8.9419314323E-02    1.0788366064E+00   -1.9504933155E-04
    8.9581747228E-02    1.0785296049E+00   -1.9507985871E-04
    8.9744180134E-02    1.0782196661E+00   -1.9511023908E-04
    8.9906613039E-02    1.0779066728E+00   -1.9514047388E-04
    9.0069045944E-02    1.0775905030E+00   -1.9517056430E-04
    9.0231478849E-02    1.0772710299E+00   -1.9520051148E-04
    9.0393911755E-02    1.0769481219E+00   -1.9523031656E-04
    9.0556344660E-02    1.0766216418E+00   -1.9525998064E-04
    9.0718777565E-02    1.0762914469E+00   -1.9528950476E-04
    9.0881210470E-02    1.0759573890E+00   -1.9531888995E-04
    9.1043643375E-02    1.0756193135E+00   -1.9534813720E-04
    9.1206076281E-02    1.0752770597E+00   -1.9537724744E-04
    9.1368509186E-02    1.0749304599E+00   -1.9540622158E-04
    9.1530942091E-02    1.0745793400E+00   -1.9543506046E-04
    9.1693374996E-02    1.0742235179E+00   -1.9546376489E-04
    9.1855807902E-02    1.0738628045E+00   -1.9549233561E-04
    9.2018240807E-02    1.0734970022E+00   -1.9552077333E-04
    9.2180673712E-02    1.0731259053E+00   -1.9554907867E-04
    9.2343106617E-02    1.0727492991E+00   -1.9557725221E-04
    9.2505539522E-02    1.0723669597E+00   -1.9560529445E-04
    9.2667972428E-02    1.0719786536E+00   -1.9563320582E-04
    9.2830405333E-02    1.0715841372E+00   -1.9566098668E-04
    9.2992838238E-02    1.0711831560E+00   -1.9568863729E-04
    9.3155271143E-02    1.0707754446E+00   -1.9571615784E-04
    9.3317704049E-02    1.0703607259E+00   -1.9574354842E-04
    9.3480136954E-02    1.0699387103E+00   -1.9577080901E-04
    9.3642569859E-02    1.0695090956E+00   -1.9579793950E-04
    9.3805002764E-02    1.0690715659E+00   -1.9582493965E-04
    9.3967435669E-02    1.0686257913E+00   -1.9585180909E-04
    9.4129868575E-02    1.0681714270E+00   -1.9587854734E-04
    9.4292301480E-02    1.0677081126E+00   -1.9590515375E-04
    9.4454734385E-02    1.0672354713E+00   -1.9593162755E-04
    9.4617167290E-02    1.0667531093E+00   -1.9595796777E-04
    9.4779600195E-02    1.0662606146E+00   -1.9598417331E-04
    9.4942033101E-02    1.0657575563E+00   -1.9601024283E-04
    9.5104466006E-02    1.0652434837E+00   -1.9603617483E-04
    9.5266898911E-02    1.0647179250E+00   -1.9606196759E-04
    9.5429331816E-02    1.0641803863E+00   -1.9608761914E-04
    9.5591764722E-02    1.0636303506E+00   -1.9611312729E-04
    9.5754197627E-02    1.0630672760E+00   -1.9613848957E-04
    9.5916630532E-02    1.0624905946E+00   -1.9616370324E-04
    9.6079063437E-02    1.0618997109E+00   -1.9618876526E-04
    9.6241496342E-02    1.0612939995E+00   -1.9621367228E-04
    9.6403929248E-02    1.0606728035E+00   -1.9623842060E-04
    9.6566362153E-02    1.0600354313E+00   -1.9626300616E-04
    9.6728795058E-02    1.0593811542E+00   -1.9628742452E-04
    9.6891227963E-02    1.0587092023E+00   -1.9631167086E-04
    9.7053660869E-02    1.0580187599E+00   -1.9633573989E-04
    9.7216093774E-02    1.0573089602E+00   -1.9635962590E-04
    9.7378526679E-02    1.0565788774E+00   -1.9638332268E-04
    9.7540959584E-02    1.0558275173E+00   -1.9640682353E-04
    9.7703392489E-02    1.0550538053E+00   -1.9643012122E-04
    9.7865825395E-02    1.0542565702E+00   -1.9645320794E-04
    9.8028258300E-02    1.0534345223E+00   -1.9647607530E-04
    9.8190691205E-02    1.0525862267E+00   -1.9649871426E-04
    9.8353124110E-02    1.0517100659E+00   -1.9652111507E-04
    9.8515557016E-02    1.0508041946E+00   -1.9654326723E-04
    9.8677989921E-02    1.0498664833E+00   -1.9656515931E-04
    9.8840422826E-02    1.0488944561E+00   -1.9658677879E-04
    9.9002855731E-02    1.0478852380E+00   -1.9660811176E-04
    9.9165288636E-02    1.0468355546E+00   -1.9662914244E-04
    9.9327721542E-02    1.0457418907E+00   -1.9664985249E-04
    9.9490154447E-02    1.0446010469E+00   -1.9667022008E-04
    9.9652587352E-02    1.0434115645E+00   -1.9669021896E-04
    9.9815020257E-02    1.0421766448E+00   -1.9670981883E-04
    9.9977453163E-02    1.0409083927E+00   -1.9672898938E-04
