              w [eV]            znorm(w)       delta(w) [eV]
    7.3094807349E-04    2.3270556745E+00    8.0793366216E-04
    2.1928442205E-03    2.1385457371E+00    7.2991470707E-04
    3.6547403674E-03    1.9858334946E+00    6.1705643602E-04
    5.1166365144E-03    1.8629535911E+00    5.0412788179E-04
    6.5785326614E-03    1.7637197474E+00    4.0146649368E-04
    8.0404288084E-03    1.6827561634E+00    3.1224224998E-04
    9.5023249553E-03    1.6159335234E+00    2.3650445762E-04
    1.0964221102E-02    1.5601377197E+00    1.7300387540E-04
    1.2426117249E-02    1.5130254344E+00    1.2007154217E-04
    1.3888013396E-02    1.4728260172E+00    7.6026817986E-05
    1.5349909543E-02    1.4381913449E+00    3.9348560374E-05
    1.6811805690E-02    1.4080852730E+00    8.7302151203E-06
    1.8273701837E-02    1.3817032056E+00   -1.6918971125E-05
    1.9735597984E-02    1.3584137361E+00   -3.8495182586E-05
    2.1197494131E-02    1.3377161835E+00   -5.6728353839E-05
    2.2659390278E-02    1.3192095107E+00   -7.2210494772E-05
    2.4121286425E-02    1.3025693932E+00   -8.5421101538E-05
    2.5583182572E-02    1.2875311507E+00   -9.6748757061E-05
    2.7045078719E-02    1.2738769230E+00   -1.0650895160E-04
    2.8506974866E-02    1.2614259434E+00   -1.1495853166E-04
    2.9968871013E-02    1.2500270911E+00   -1.2230729740E-04
    3.1430767160E-02    1.2395531370E+00   -1.2872725952E-04
    3.2892663307E-02    1.2298962584E+00   -1.3436000865E-04
    3.4354559454E-02    1.2209645118E+00   -1.3932257824E-04
    3.5816455601E-02    1.2126790385E+00   -1.4371211263E-04
    3.7278351748E-02    1.2049718322E+00   -1.4760958992E-04
    3.8740247895E-02    1.1977839426E+00   -1.5108279834E-04
    4.0202144042E-02    1.1910640206E+00   -1.5418872256E-04
    4.1664040189E-02    1.1847671303E+00   -1.5697546313E-04
    4.3125936336E-02    1.1788537755E+00   -1.5948378575E-04
    4.4587832483E-02    1.1732890940E+00   -1.6174837621E-04
    4.6049728630E-02    1.1680421891E+00   -1.6379886079E-04
    4.7511624777E-02    1.1630855704E+00   -1.6566063899E-04
    4.8973520924E-02    1.1583946843E+00   -1.6735556575E-04
    5.0435417071E-02    1.1539475167E+00   -1.6890251240E-04
    5.1897313218E-02    1.1497242554E+00   -1.7031782970E-04
    5.3359209365E-02    1.1457070008E+00   -1.7161573144E-04
    5.4821105512E-02    1.1418795178E+00   -1.7280861337E-04
    5.6283001659E-02    1.1382270197E+00   -1.7390731936E-04
    5.7744897805E-02    1.1347359793E+00   -1.7492136431E-04
    5.9206793952E-02    1.1313939623E+00   -1.7585912142E-04
    6.0668690099E-02    1.1281894783E+00   -1.7672798015E-04
    6.2130586246E-02    1.1251118450E+00   -1.7753447982E-04
    6.3592482393E-02    1.1221510638E+00   -1.7828442307E-04
    6.5054378540E-02    1.1192977007E+00   -1.7898297240E-04
    6.6516274687E-02    1.1165427721E+00   -1.7963473278E-04
    6.7978170834E-02    1.1138776290E+00   -1.8024382232E-04
    6.9440066981E-02    1.1112938373E+00   -1.8081393318E-04
    7.0901963128E-02    1.1087830485E+00   -1.8134838404E-04
    7.2363859275E-02    1.1063368532E+00   -1.8185016559E-04
    7.3825755422E-02    1.1039466114E+00   -1.8232198001E-04
    7.5287651569E-02    1.1016032455E+00   -1.8276627543E-04
    7.6749547716E-02    1.0992969818E+00   -1.8318527611E-04
    7.8211443863E-02    1.0970170166E+00   -1.8358100886E-04
    7.9673340010E-02    1.0947510750E+00   -1.8395532637E-04
    8.1135236157E-02    1.0924848126E+00   -1.8430992758E-04
    8.2597132304E-02    1.0902009880E+00   -1.8464637546E-04
    8.4059028451E-02    1.0878782939E+00   -1.8496611197E-04
    8.5520924598E-02    1.0854896763E+00   -1.8527046963E-04
    8.6982820745E-02    1.0829998715E+00   -1.8556067844E-04
    8.8444716892E-02    1.0803617361E+00   -1.8583786500E-04
    8.9906613039E-02    1.0775106963E+00   -1.8610303805E-04
    9.1368509186E-02    1.0743562436E+00   -1.8635704875E-04
    9.2830405333E-02    1.0707687919E+00   -1.8660050309E-04
    9.4292301480E-02    1.0665592911E+00   -1.8683358347E-04
    9.5754197627E-02    1.0614474634E+00   -1.8705570096E-04
    9.7216093774E-02    1.0550082325E+00   -1.8726485161E-04
    9.8677989921E-02    1.0465070421E+00   -1.8745654118E-04
