              w [eV]            znorm(w)       delta(w) [eV]
    1.1370303365E-03    2.4416632048E+00    4.8859027879E-04
    3.4110910096E-03    2.0554427189E+00    4.0626421960E-04
    5.6851516827E-03    1.8448379602E+00    2.9723542260E-04
    7.9592123557E-03    1.7012027100E+00    2.0395656896E-04
    1.0233273029E-02    1.5970787442E+00    1.3102748135E-04
    1.2507333702E-02    1.5185961482E+00    7.5741611635E-05
    1.4781394375E-02    1.4576063197E+00    3.4163757579E-05
    1.7055455048E-02    1.4090028349E+00    2.8123725776E-06
    1.9329515721E-02    1.3694447413E+00   -2.1014633486E-05
    2.1603576394E-02    1.3366686064E+00   -3.9312693453E-05
    2.3877637067E-02    1.3090943161E+00   -5.3527599762E-05
    2.6151697740E-02    1.2855894200E+00   -6.4701863586E-05
    2.8425758413E-02    1.2653232743E+00   -7.3589064893E-05
    3.0699819086E-02    1.2476739693E+00   -8.0737426845E-05
    3.2973879760E-02    1.2321672928E+00   -8.6549193192E-05
    3.5247940433E-02    1.2184357010E+00   -9.1322356100E-05
    3.7522001106E-02    1.2061901141E+00   -9.5279922940E-05
    3.9796061779E-02    1.1952001286E+00   -9.8590504728E-05
    4.2070122452E-02    1.1852798753E+00   -1.0138288447E-04
    4.4344183125E-02    1.1762777375E+00   -1.0375640327E-04
    4.6618243798E-02    1.1680687571E+00   -1.0578842751E-04
    4.8892304471E-02    1.1605489434E+00   -1.0753976549E-04
    5.1166365144E-02    1.1536309463E+00   -1.0905863264E-04
    5.3440425817E-02    1.1472407200E+00   -1.1038358072E-04
    5.5714486490E-02    1.1413149155E+00   -1.1154568134E-04
    5.7988547163E-02    1.1357988069E+00   -1.1257016808E-04
    6.0262607836E-02    1.1306446131E+00   -1.1347768205E-04
    6.2536668509E-02    1.1258101056E+00   -1.1428522470E-04
    6.4810729183E-02    1.1212574135E+00   -1.1500689253E-04
    6.7084789856E-02    1.1169519527E+00   -1.1565444830E-04
    6.9358850529E-02    1.1128614017E+00   -1.1623776855E-04
    7.1632911202E-02    1.1089546436E+00   -1.1676519695E-04
    7.3906971875E-02    1.1052005662E+00   -1.1724382567E-04
    7.6181032548E-02    1.1015665656E+00   -1.1767972120E-04
    7.8455093221E-02    1.0980165098E+00   -1.1807810715E-04
    8.0729153894E-02    1.0945077477E+00   -1.1844351348E-04
    8.3003214567E-02    1.0909864319E+00   -1.1877989847E-04
    8.5277275240E-02    1.0873797979E+00   -1.1909074681E-04
    8.7551335913E-02    1.0835827870E+00   -1.1937914095E-04
    8.9825396586E-02    1.0794338206E+00   -1.1964778939E-04
    9.2099457259E-02    1.0746691544E+00   -1.1989895937E-04
    9.4373517932E-02    1.0688341945E+00   -1.2013416322E-04
    9.6647578606E-02    1.0611082870E+00   -1.2035318238E-04
    9.8921639279E-02    1.0499269075E+00   -1.2055140857E-04
