              w [eV]            znorm(w)       delta(w) [eV]
    1.2453189400E-03    2.4825957708E+00    2.5001478166E-04
    3.7359568200E-03    2.0369091708E+00    2.0329392982E-04
    6.2265947001E-03    1.8141569954E+00    1.4262426266E-04
    8.7172325801E-03    1.6678945663E+00    9.2713423132E-05
    1.1207870460E-02    1.5643275607E+00    5.5082714810E-05
    1.3698508340E-02    1.4874956760E+00    2.7434112515E-05
    1.6189146220E-02    1.4284563633E+00    7.1811999442E-06
    1.8679784100E-02    1.3817931163E+00   -7.7587698815E-06
    2.1170421980E-02    1.3440491342E+00   -1.8908257784E-05
    2.3661059860E-02    1.3129255543E+00   -2.7342618226E-05
    2.6151697740E-02    1.2868400747E+00   -3.3814015381E-05
    2.8642335620E-02    1.2646710944E+00   -3.8849406322E-05
    3.1132973500E-02    1.2456030719E+00   -4.2820682073E-05
    3.3623611380E-02    1.2290296698E+00   -4.5992995232E-05
    3.6114249260E-02    1.2144911710E+00   -4.8557607797E-05
    3.8604887140E-02    1.2016329087E+00   -5.0654176137E-05
    4.1095525020E-02    1.1901769656E+00   -5.2385934814E-05
    4.3586162901E-02    1.1799024758E+00   -5.3830121480E-05
    4.6076800781E-02    1.1706316344E+00   -5.5045202530E-05
    4.8567438661E-02    1.1622195757E+00   -5.6075933853E-05
    5.1058076541E-02    1.1545469213E+00   -5.6956943981E-05
    5.3548714421E-02    1.1475141990E+00   -5.7715299004E-05
    5.6039352301E-02    1.1410375902E+00   -5.8372358640E-05
    5.8529990181E-02    1.1350456254E+00   -5.8945133715E-05
    6.1020628061E-02    1.1294765557E+00   -5.9447289299E-05
    6.3511265941E-02    1.1242761957E+00   -5.9889893494E-05
    6.6001903821E-02    1.1193960736E+00   -6.0281981844E-05
    6.8492541701E-02    1.1147917407E+00   -6.0630986850E-05
    7.0983179581E-02    1.1104210891E+00   -6.0943067959E-05
    7.3473817461E-02    1.1062424885E+00   -6.1223367520E-05
    7.5964455341E-02    1.1022124704E+00   -6.1476211312E-05
    7.8455093221E-02    1.0982825189E+00   -6.1705267245E-05
    8.0945731101E-02    1.0943941910E+00   -6.1913672142E-05
    8.3436368981E-02    1.0904711039E+00   -6.2104133268E-05
    8.5927006861E-02    1.0864049066E+00   -6.2279007257E-05
    8.8417644741E-02    1.0820292653E+00   -6.2440351290E-05
    9.0908282621E-02    1.0770690760E+00   -6.2589920677E-05
    9.3398920501E-02    1.0710369297E+00   -6.2729025896E-05
    9.5889558381E-02    1.0630161778E+00   -6.2857979267E-05
    9.8380196261E-02    1.0511809765E+00   -6.2974368208E-05
