              w [eV]            znorm(w)       delta(w) [eV]
    1.2182467891E-03    2.4719732452E+00    3.3070983705E-04
    3.6547403674E-03    2.0414262762E+00    2.7041630151E-04
    6.0912339457E-03    1.8216045784E+00    1.9174566316E-04
    8.5277275240E-03    1.6759164671E+00    1.2639504788E-04
    1.0964221102E-02    1.5721675194E+00    7.6681644783E-05
    1.3400714681E-02    1.4949075316E+00    3.9875852441E-05
    1.5837208259E-02    1.4353809029E+00    1.2742912841E-05
    1.8273701837E-02    1.3882412900E+00   -7.3780241634E-06
    2.0710195415E-02    1.3500566089E+00   -2.2459306126E-05
    2.3146688994E-02    1.3185344963E+00   -3.3908697940E-05
    2.5583182572E-02    1.2920919156E+00   -4.2719080218E-05
    2.8019676150E-02    1.2696038756E+00   -4.9590787739E-05
    3.0456169729E-02    1.2502507201E+00   -5.5020860505E-05
    3.2892663307E-02    1.2334220690E+00   -5.9365355749E-05
    3.5329156885E-02    1.2186545396E+00   -6.2882129964E-05
    3.7765650463E-02    1.2055902644E+00   -6.5760099155E-05
    4.0202144042E-02    1.1939485897E+00   -6.8139308778E-05
    4.2638637620E-02    1.1835063401E+00   -7.0124790805E-05
    4.5075131198E-02    1.1740837840E+00   -7.1796214179E-05
    4.7511624777E-02    1.1655344694E+00   -7.3214671500E-05
    4.9948118355E-02    1.1577377372E+00   -7.4427501117E-05
    5.2384611933E-02    1.1505931167E+00   -7.5471749407E-05
    5.4821105512E-02    1.1440160605E+00   -7.6376682796E-05
    5.7257599090E-02    1.1379346435E+00   -7.7165629148E-05
    5.9694092668E-02    1.1322869547E+00   -7.7857341148E-05
    6.2130586246E-02    1.1270189852E+00   -7.8467015668E-05
    6.4567079825E-02    1.1220828576E+00   -7.9007063145E-05
    6.7003573403E-02    1.1174352675E+00   -7.9487693674E-05
    6.9440066981E-02    1.1130360153E+00   -7.9917367549E-05
    7.1876560560E-02    1.1088464930E+00   -8.0303144753E-05
    7.4313054138E-02    1.1048279494E+00   -8.0650958580E-05
    7.6749547716E-02    1.1009392742E+00   -8.0965831926E-05
    7.9186041294E-02    1.0971338661E+00   -8.1252049943E-05
    8.1622534873E-02    1.0933548224E+00   -8.1513298987E-05
    8.4059028451E-02    1.0895270135E+00   -8.1752778311E-05
    8.6495522029E-02    1.0855432245E+00   -8.1973286189E-05
    8.8932015608E-02    1.0812385886E+00   -8.2177272175E-05
    9.1368509186E-02    1.0763410770E+00   -8.2366820668E-05
    9.3805002764E-02    1.0703717215E+00   -8.2543453726E-05
    9.6241496342E-02    1.0624385358E+00   -8.2707415921E-05
    9.8677989921E-02    1.0507844124E+00   -8.2855519480E-05
