              w [eV]            znorm(w)       delta(w) [eV]
    1.2588550154E-03    2.4879396729E+00    1.9743559231E-04
    3.7765650463E-03    2.0347214331E+00    1.6010224481E-04
    6.2942750772E-03    1.8105477786E+00    1.1173758338E-04
    8.8119851081E-03    1.6640231689E+00    7.2140531328E-05
    1.1329695139E-02    1.5605591946E+00    4.2417329271E-05
    1.3847405170E-02    1.4839460838E+00    2.0660428773E-05
    1.6365115201E-02    1.4251513577E+00    4.7729191497E-06
    1.8882825232E-02    1.3787254255E+00   -6.9167121866E-06
    2.1400535263E-02    1.3412002133E+00   -1.5622130675E-05
    2.3918245294E-02    1.3102741954E+00   -2.2196252140E-05
    2.6435955324E-02    1.2843657585E+00   -2.7233259996E-05
    2.8953665355E-02    1.2623551764E+00   -3.1148067278E-05
    3.1471375386E-02    1.2434290726E+00   -3.4232695982E-05
    3.3989085417E-02    1.2269832020E+00   -3.6694880007E-05
    3.6506795448E-02    1.2125597360E+00   -3.8684177194E-05
    3.9024505479E-02    1.1998056611E+00   -4.0309616069E-05
    4.1542215510E-02    1.1884444874E+00   -4.1651681015E-05
    4.4059925541E-02    1.1782565741E+00   -4.2770518939E-05
    4.6577635572E-02    1.1690651681E+00   -4.3711614464E-05
    4.9095345603E-02    1.1607263096E+00   -4.4509756971E-05
    5.1613055633E-02    1.1531214040E+00   -4.5191844659E-05
    5.4130765664E-02    1.1461516633E+00   -4.5778888840E-05
    5.6648475695E-02    1.1397338715E+00   -4.6287462502E-05
    5.9166185726E-02    1.1337970973E+00   -4.6730758578E-05
    6.1683895757E-02    1.1282800805E+00   -4.7119371243E-05
    6.4201605788E-02    1.1231290885E+00   -4.7461878618E-05
    6.6719315819E-02    1.1182960805E+00   -4.7765281680E-05
    6.9237025850E-02    1.1137370325E+00   -4.8035338071E-05
    7.1754735881E-02    1.1094102714E+00   -4.8276818415E-05
    7.4272445912E-02    1.1052746338E+00   -4.8493705064E-05
    7.6790155942E-02    1.1012871780E+00   -4.8689347749E-05
    7.9307865973E-02    1.0974000139E+00   -4.8866586778E-05
    8.1825576004E-02    1.0935554786E+00   -4.9027851493E-05
    8.4343286035E-02    1.0896782017E+00   -4.9175239224E-05
    8.6860996066E-02    1.0856611796E+00   -4.9310576882E-05
    8.9378706097E-02    1.0813398674E+00   -4.9435461319E-05
    9.1896416128E-02    1.0764413715E+00   -4.9551258423E-05
    9.4414126159E-02    1.0704802657E+00   -4.9658992815E-05
    9.6931836190E-02    1.0625386828E+00   -4.9758913851E-05
    9.9449546221E-02    1.0507774494E+00   -4.9849122427E-05
