              w [eV]            znorm(w)       delta(w) [eV]
    4.0608226305E-04    2.2895851555E+00    8.6995742044E-04
    1.2182467891E-03    2.2225522924E+00    8.3539498903E-04
    2.0304113152E-03    2.1367542285E+00    7.7961492318E-04
    2.8425758413E-03    2.0524508917E+00    7.1486206312E-04
    3.6547403674E-03    1.9753016221E+00    6.4727634625E-04
    4.4669048935E-03    1.9060419322E+00    5.8027145028E-04
    5.2790694196E-03    1.8441749608E+00    5.1584290325E-04
    6.0912339457E-03    1.7889298908E+00    4.5512108772E-04
    6.9033984718E-03    1.7395206192E+00    3.9867557104E-04
    7.7155629979E-03    1.6952211636E+00    3.4671072259E-04
    8.5277275240E-03    1.6553859357E+00    2.9919781973E-04
    9.3398920501E-03    1.6194509176E+00    2.5596496218E-04
    1.0152056576E-02    1.5869277720E+00    2.1675790444E-04
    1.0964221102E-02    1.5573955678E+00    1.8128069926E-04
    1.1776385628E-02    1.5304921245E+00    1.4922234873E-04
    1.2588550154E-02    1.5059058427E+00    1.2027380925E-04
    1.3400714681E-02    1.4833683690E+00    9.4138400113E-05
    1.4212879207E-02    1.4626481854E+00    7.0537750864E-05
    1.5025043733E-02    1.4435450993E+00    4.9214775927E-05
    1.5837208259E-02    1.4258855519E+00    2.9934708142E-05
    1.6649372785E-02    1.4095186487E+00    1.2484900807E-05
    1.7461537311E-02    1.3943128099E+00   -3.3261182710E-06
    1.8273701837E-02    1.3801529493E+00   -1.7670015077E-05
    1.9085866363E-02    1.3669380988E+00   -3.0700224140E-05
    1.9898030889E-02    1.3545794052E+00   -4.2553589521E-05
    2.0710195415E-02    1.3429984416E+00   -5.3351983678E-05
    2.1522359942E-02    1.3321257779E+00   -6.3203851024E-05
    2.2334524468E-02    1.3218997708E+00   -7.2205646618E-05
    2.3146688994E-02    1.3122655362E+00   -8.0443155960E-05
    2.3958853520E-02    1.3031740735E+00   -8.7992691991E-05
    2.4771018046E-02    1.2945815190E+00   -9.4922171632E-05
    2.5583182572E-02    1.2864485058E+00   -1.0129207801E-04
    2.6395347098E-02    1.2787396153E+00   -1.0715631653E-04
    2.7207511624E-02    1.2714229041E+00   -1.1256297389E-04
    2.8019676150E-02    1.2644694966E+00   -1.1755498939E-04
    2.8831840676E-02    1.2578532312E+00   -1.2217074757E-04
    2.9644005203E-02    1.2515503548E+00   -1.2644460074E-04
    3.0456169729E-02    1.2455392553E+00   -1.3040732939E-04
    3.1268334255E-02    1.2398002294E+00   -1.3408654762E-04
    3.2080498781E-02    1.2343152790E+00   -1.3750706024E-04
    3.2892663307E-02    1.2290679328E+00   -1.4069117713E-04
    3.3704827833E-02    1.2240430895E+00   -1.4365899027E-04
    3.4516992359E-02    1.2192268794E+00   -1.4642861791E-04
    3.5329156885E-02    1.2146065424E+00   -1.4901641983E-04
    3.6141321411E-02    1.2101703203E+00   -1.5143718741E-04
    3.6953485937E-02    1.2059073606E+00   -1.5370431144E-04
    3.7765650463E-02    1.2018076313E+00   -1.5582993052E-04
    3.8577814990E-02    1.1978618454E+00   -1.5782506238E-04
    3.9389979516E-02    1.1940613927E+00   -1.5969972015E-04
    4.0202144042E-02    1.1903982795E+00   -1.6146301554E-04
    4.1014308568E-02    1.1868650741E+00   -1.6312325037E-04
    4.1826473094E-02    1.1834548582E+00   -1.6468799790E-04
    4.2638637620E-02    1.1801611832E+00   -1.6616417527E-04
    4.3450802146E-02    1.1769780301E+00   -1.6755810792E-04
    4.4262966672E-02    1.1738997745E+00   -1.6887558710E-04
    4.5075131198E-02    1.1709211539E+00   -1.7012192117E-04
    4.5887295724E-02    1.1680372386E+00   -1.7130198149E-04
    4.6699460251E-02    1.1652434053E+00   -1.7242024346E-04
    4.7511624777E-02    1.1625353127E+00   -1.7348082329E-04
    4.8323789303E-02    1.1599088798E+00   -1.7448751096E-04
    4.9135953829E-02    1.1573602657E+00   -1.7544379987E-04
    4.9948118355E-02    1.1548858513E+00   -1.7635291345E-04
    5.0760282881E-02    1.1524822228E+00   -1.7721782910E-04
    5.1572447407E-02    1.1501461559E+00   -1.7804129981E-04
    5.2384611933E-02    1.1478746018E+00   -1.7882587360E-04
    5.3196776459E-02    1.1456646746E+00   -1.7957391115E-04
    5.4008940985E-02    1.1435136386E+00   -1.8028760167E-04
    5.4821105512E-02    1.1414188978E+00   -1.8096897729E-04
    5.5633270038E-02    1.1393779850E+00   -1.8161992611E-04
    5.6445434564E-02    1.1373885530E+00   -1.8224220402E-04
    5.7257599090E-02    1.1354483648E+00   -1.8283744543E-04
    5.8069763616E-02    1.1335552857E+00   -1.8340717306E-04
    5.8881928142E-02    1.1317072756E+00   -1.8395280676E-04
    5.9694092668E-02    1.1299023811E+00   -1.8447567166E-04
    6.0506257194E-02    1.1281387289E+00   -1.8497700551E-04
    6.1318421720E-02    1.1264145187E+00   -1.8545796542E-04
    6.2130586246E-02    1.1247280171E+00   -1.8591963400E-04
    6.2942750772E-02    1.1230775514E+00   -1.8636302500E-04
    6.3754915299E-02    1.1214615032E+00   -1.8678908843E-04
    6.4567079825E-02    1.1198783030E+00   -1.8719871532E-04
    6.5379244351E-02    1.1183264237E+00   -1.8759274201E-04
    6.6191408877E-02    1.1168043755E+00   -1.8797195412E-04
    6.7003573403E-02    1.1153106995E+00   -1.8833709024E-04
    6.7815737929E-02    1.1138439615E+00   -1.8868884525E-04
    6.8627902455E-02    1.1124027463E+00   -1.8902787342E-04
    6.9440066981E-02    1.1109856508E+00   -1.8935479130E-04
    7.0252231507E-02    1.1095912771E+00   -1.8967018030E-04
    7.1064396033E-02    1.1082182252E+00   -1.8997458915E-04
    7.1876560560E-02    1.1068650848E+00   -1.9026853615E-04
    7.2688725086E-02    1.1055304268E+00   -1.9055251125E-04
    7.3500889612E-02    1.1042127929E+00   -1.9082697796E-04
    7.4313054138E-02    1.1029106854E+00   -1.9109237519E-04
    7.5125218664E-02    1.1016225542E+00   -1.9134911887E-04
    7.5937383190E-02    1.1003467827E+00   -1.9159760350E-04
    7.6749547716E-02    1.0990816718E+00   -1.9183820362E-04
    7.7561712242E-02    1.0978254206E+00   -1.9207127513E-04
    7.8373876768E-02    1.0965761044E+00   -1.9229715655E-04
    7.9186041294E-02    1.0953316483E+00   -1.9251617016E-04
    7.9998205821E-02    1.0940897965E+00   -1.9272862314E-04
    8.0810370347E-02    1.0928480749E+00   -1.9293480849E-04
    8.1622534873E-02    1.0916037468E+00   -1.9313500606E-04
    8.2434699399E-02    1.0903537589E+00   -1.9332948329E-04
    8.3246863925E-02    1.0890946759E+00   -1.9351849607E-04
    8.4059028451E-02    1.0878226004E+00   -1.9370228932E-04
    8.4871192977E-02    1.0865330740E+00   -1.9388109762E-04
    8.5683357503E-02    1.0852209561E+00   -1.9405514552E-04
    8.6495522029E-02    1.0838802717E+00   -1.9422464786E-04
    8.7307686555E-02    1.0825040222E+00   -1.9438980968E-04
    8.8119851081E-02    1.0810839479E+00   -1.9455082584E-04
    8.8932015608E-02    1.0796102278E+00   -1.9470788022E-04
    8.9744180134E-02    1.0780711000E+00   -1.9486114412E-04
    9.0556344660E-02    1.0764523791E+00   -1.9501077384E-04
    9.1368509186E-02    1.0747368422E+00   -1.9515690678E-04
    9.2180673712E-02    1.0729034447E+00   -1.9529965561E-04
    9.2992838238E-02    1.0709263197E+00   -1.9543909964E-04
    9.3805002764E-02    1.0687735002E+00   -1.9557527222E-04
    9.4617167290E-02    1.0664052881E+00   -1.9570814240E-04
    9.5429331816E-02    1.0637721590E+00   -1.9583758889E-04
    9.6241496342E-02    1.0608119884E+00   -1.9596336334E-04
    9.7053660869E-02    1.0574459522E+00   -1.9608504060E-04
    9.7865825395E-02    1.0535704537E+00   -1.9620195474E-04
    9.8677989921E-02    1.0490333102E+00   -1.9631311911E-04
    9.9490154447E-02    1.0435560440E+00   -1.9641704628E-04
