              w [eV]            znorm(w)       delta(w) [eV]
    8.9338097871E-04    2.3651326438E+00    7.2878483127E-04
    2.6801429361E-03    2.1024445739E+00    6.3716049857E-04
    4.4669048935E-03    1.9238986326E+00    5.0962380085E-04
    6.2536668509E-03    1.7901701138E+00    3.8999882028E-04
    8.0404288084E-03    1.6871702042E+00    2.8789572510E-04
    9.8271907658E-03    1.6060956635E+00    2.0419457833E-04
    1.1613952723E-02    1.5410361706E+00    1.3680771126E-04
    1.3400714681E-02    1.4879123336E+00    8.2922220949E-05
    1.5187476638E-02    1.4438535559E+00    3.9856192508E-05
    1.6974238595E-02    1.4068029238E+00    5.3316134427E-06
    1.8761000553E-02    1.3752600937E+00   -2.2488722198E-05
    2.0547762510E-02    1.3481116486E+00   -4.5049524587E-05
    2.2334524468E-02    1.3245176491E+00   -6.3473341272E-05
    2.4121286425E-02    1.3038346492E+00   -7.8628411905E-05
    2.5908048382E-02    1.2855626472E+00   -9.1186134934E-05
    2.7694810340E-02    1.2693079575E+00   -1.0166696939E-04
    2.9481572297E-02    1.2547568248E+00   -1.1047603159E-04
    3.1268334255E-02    1.2416563917E+00   -1.1793028390E-04
    3.3055096212E-02    1.2298007772E+00   -1.2427915202E-04
    3.4841858170E-02    1.2190207560E+00   -1.2972012057E-04
    3.6628620127E-02    1.2091760109E+00   -1.3441053619E-04
    3.8415382084E-02    1.2001492482E+00   -1.3847656200E-04
    4.0202144042E-02    1.1918416777E+00   -1.4201999612E-04
    4.1988905999E-02    1.1841695057E+00   -1.4512348700E-04
    4.3775667957E-02    1.1770611857E+00   -1.4785454271E-04
    4.5562429914E-02    1.1704552445E+00   -1.5026862952E-04
    4.7349191871E-02    1.1642985467E+00   -1.5241158002E-04
    4.9135953829E-02    1.1585448980E+00   -1.5432147513E-04
    5.0922715786E-02    1.1531539111E+00   -1.5603012330E-04
    5.2709477744E-02    1.1480900777E+00   -1.5756422956E-04
    5.4496239701E-02    1.1433220011E+00   -1.5894632474E-04
    5.6283001659E-02    1.1388217562E+00   -1.6019550786E-04
    5.8069763616E-02    1.1345643504E+00   -1.6132804265E-04
    5.9856525573E-02    1.1305272615E+00   -1.6235783923E-04
    6.1643287531E-02    1.1266900374E+00   -1.6329684509E-04
    6.3430049488E-02    1.1230339397E+00   -1.6415536402E-04
    6.5216811446E-02    1.1195416193E+00   -1.6494231761E-04
    6.7003573403E-02    1.1161968092E+00   -1.6566546064E-04
    6.8790335360E-02    1.1129840220E+00   -1.6633155935E-04
    7.0577097318E-02    1.1098882343E+00   -1.6694653977E-04
    7.2363859275E-02    1.1068945407E+00   -1.6751561169E-04
    7.4150621233E-02    1.1039877486E+00   -1.6804337284E-04
    7.5937383190E-02    1.1011518787E+00   -1.6853389684E-04
    7.7724145147E-02    1.0983695161E+00   -1.6899080797E-04
    7.9510907105E-02    1.0956209283E+00   -1.6941734489E-04
    8.1297669062E-02    1.0928828204E+00   -1.6981641514E-04
    8.3084431020E-02    1.0901265172E+00   -1.7019064152E-04
    8.4871192977E-02    1.0873152235E+00   -1.7054240051E-04
    8.6657954935E-02    1.0843997766E+00   -1.7087385138E-04
    8.8444716892E-02    1.0813118795E+00   -1.7118695122E-04
    9.0231478849E-02    1.0779530482E+00   -1.7148344451E-04
    9.2018240807E-02    1.0741761628E+00   -1.7176480009E-04
    9.3805002764E-02    1.0697541807E+00   -1.7203203491E-04
    9.5591764722E-02    1.0643266657E+00   -1.7228529011E-04
    9.7378526679E-02    1.0573069963E+00   -1.7252288063E-04
    9.9165288636E-02    1.0476630949E+00   -1.7273936415E-04
