              w [eV]            znorm(w)       delta(w) [eV]
    1.0558138839E-03    2.4137338501E+00    5.9280803108E-04
    3.1674416518E-03    2.0702091383E+00    5.0123963658E-04
    5.2790694196E-03    1.8695006888E+00    3.7805254227E-04
    7.3906971875E-03    1.7284753037E+00    2.6944575794E-04
    9.5023249553E-03    1.6242883563E+00    1.8209490532E-04
    1.1613952723E-02    1.5447149755E+00    1.1421098394E-04
    1.3725580491E-02    1.4822837385E+00    6.2060436846E-05
    1.5837208259E-02    1.4321762454E+00    2.2020440698E-05
    1.7948836027E-02    1.3911719190E+00   -8.8768946759E-06
    2.0060463795E-02    1.3570532427E+00   -3.2910430758E-05
    2.2172091562E-02    1.3282526683E+00   -5.1782558010E-05
    2.4283719330E-02    1.3036356520E+00   -6.6751817149E-05
    2.6395347098E-02    1.2823634541E+00   -7.8747083919E-05
    2.8506974866E-02    1.2638040938E+00   -8.8456110739E-05
    3.0618602634E-02    1.2474731575E+00   -9.6391149440E-05
    3.2730230402E-02    1.2329935699E+00   -1.0293660303E-04
    3.4841858170E-02    1.2200676892E+00   -1.0838334681E-04
    3.6953485937E-02    1.2084575833E+00   -1.1295341318E-04
    3.9065113705E-02    1.1979708447E+00   -1.1681779035E-04
    4.1176741473E-02    1.1884502260E+00   -1.2010931819E-04
    4.3288369241E-02    1.1797659516E+00   -1.2293209084E-04
    4.5399997009E-02    1.1718099387E+00   -1.2536836100E-04
    4.7511624777E-02    1.1644913942E+00   -1.2748364861E-04
    4.9623252545E-02    1.1577334195E+00   -1.2933055031E-04
    5.1734880312E-02    1.1514703605E+00   -1.3095160269E-04
    5.3846508080E-02    1.1456457127E+00   -1.3238145128E-04
    5.5958135848E-02    1.1402104445E+00   -1.3364850624E-04
    5.8069763616E-02    1.1351216338E+00   -1.3477621596E-04
    6.0181391384E-02    1.1303413398E+00   -1.3578405386E-04
    6.2293019152E-02    1.1258356466E+00   -1.3668828864E-04
    6.4404646919E-02    1.1215738271E+00   -1.3750258959E-04
    6.6516274687E-02    1.1175275790E+00   -1.3823850575E-04
    6.8627902455E-02    1.1136702872E+00   -1.3890584761E-04
    7.0739530223E-02    1.1099762578E+00   -1.3951299346E-04
    7.2851157991E-02    1.1064198573E+00   -1.4006713684E-04
    7.4962785759E-02    1.1029744613E+00   -1.4057448791E-04
    7.7074413527E-02    1.0996110653E+00   -1.4104043858E-04
    7.9186041294E-02    1.0962963238E+00   -1.4146969875E-04
    8.1297669062E-02    1.0929896171E+00   -1.4186640922E-04
    8.3409296830E-02    1.0896384453E+00   -1.4223423454E-04
    8.5520924598E-02    1.0861708751E+00   -1.4257643574E-04
    8.7632552366E-02    1.0824826507E+00   -1.4289591619E-04
    8.9744180134E-02    1.0784143852E+00   -1.4319521823E-04
    9.1855807902E-02    1.0737099138E+00   -1.4347640811E-04
    9.3967435669E-02    1.0679385467E+00   -1.4374068548E-04
    9.6079063437E-02    1.0603482908E+00   -1.4398730471E-04
    9.8190691205E-02    1.0495492416E+00   -1.4421090513E-04
