              w [eV]            znorm(w)       delta(w) [eV]
    5.6851516827E-04    2.3012257464E+00    8.5117815012E-04
    1.7055455048E-03    2.1789443011E+00    7.9370348176E-04
    2.8425758413E-03    2.0567093043E+00    7.0664625880E-04
    3.9796061779E-03    1.9495662695E+00    6.1330216395E-04
    5.1166365144E-03    1.8581509270E+00    5.2259256825E-04
    6.2536668509E-03    1.7803078702E+00    4.3859068423E-04
    7.3906971875E-03    1.7137703232E+00    3.6293122366E-04
    8.5277275240E-03    1.6565718676E+00    2.9592803386E-04
    9.6647578606E-03    1.6070859220E+00    2.3720357963E-04
    1.0801788197E-02    1.5639895198E+00    1.8605255371E-04
    1.1938818534E-02    1.5262128336E+00    1.4164843986E-04
    1.3075848870E-02    1.4928911026E+00    1.0315658938E-04
    1.4212879207E-02    1.4633235500E+00    6.9792167960E-05
    1.5349909543E-02    1.4369398687E+00    4.0846194546E-05
    1.6486939880E-02    1.4132734924E+00    1.5693649328E-05
    1.7623970216E-02    1.3919405128E+00   -6.2080321408E-06
    1.8761000553E-02    1.3726231255E+00   -2.5325210989E-05
    1.9898030889E-02    1.3550566411E+00   -4.2056260460E-05
    2.1035061226E-02    1.3390192756E+00   -5.6740208178E-05
    2.2172091562E-02    1.3243240987E+00   -6.9665003440E-05
    2.3309121899E-02    1.3108126575E+00   -8.1075032992E-05
    2.4446152236E-02    1.2983499003E+00   -9.1177748514E-05
    2.5583182572E-02    1.2868201159E+00   -1.0014939889E-04
    2.6720212909E-02    1.2761236673E+00   -1.0813992589E-04
    2.7857243245E-02    1.2661743478E+00   -1.1527711053E-04
    2.8994273582E-02    1.2568972328E+00   -1.2167006585E-04
    3.0131303918E-02    1.2482269208E+00   -1.2741216892E-04
    3.1268334255E-02    1.2401060890E+00   -1.3258351747E-04
    3.2405364591E-02    1.2324842986E+00   -1.3725298617E-04
    3.3542394928E-02    1.2253170033E+00   -1.4147994783E-04
    3.4679425264E-02    1.2185647211E+00   -1.4531571475E-04
    3.5816455601E-02    1.2121923408E+00   -1.4880474691E-04
    3.6953485937E-02    1.2061685372E+00   -1.5198566604E-04
    3.8090516274E-02    1.2004652768E+00   -1.5489210810E-04
    3.9227546610E-02    1.1950573981E+00   -1.5755344127E-04
    4.0364576947E-02    1.1899222531E+00   -1.5999537171E-04
    4.1501607284E-02    1.1850394011E+00   -1.6224045584E-04
    4.2638637620E-02    1.1803903450E+00   -1.6430853433E-04
    4.3775667957E-02    1.1759583040E+00   -1.6621710078E-04
    4.4912698293E-02    1.1717280170E+00   -1.6798161539E-04
    4.6049728630E-02    1.1676855720E+00   -1.6961577260E-04
    4.7186758966E-02    1.1638182569E+00   -1.7113172996E-04
    4.8323789303E-02    1.1601144292E+00   -1.7254030421E-04
    4.9460819639E-02    1.1565634020E+00   -1.7385113970E-04
    5.0597849976E-02    1.1531553433E+00   -1.7507285344E-04
    5.1734880312E-02    1.1498811872E+00   -1.7621316017E-04
    5.2871910649E-02    1.1467325547E+00   -1.7727898057E-04
    5.4008940985E-02    1.1437016840E+00   -1.7827653503E-04
    5.5145971322E-02    1.1407813673E+00   -1.7921142506E-04
    5.6283001659E-02    1.1379648947E+00   -1.8008870417E-04
    5.7420031995E-02    1.1352460030E+00   -1.8091293972E-04
    5.8557062332E-02    1.1326188298E+00   -1.8168826691E-04
    5.9694092668E-02    1.1300778709E+00   -1.8241843615E-04
    6.0831123005E-02    1.1276179413E+00   -1.8310685455E-04
    6.1968153341E-02    1.1252341389E+00   -1.8375662247E-04
    6.3105183678E-02    1.1229218104E+00   -1.8437056572E-04
    6.4242214014E-02    1.1206765183E+00   -1.8495126391E-04
    6.5379244351E-02    1.1184940094E+00   -1.8550107564E-04
    6.6516274687E-02    1.1163701837E+00   -1.8602216076E-04
    6.7653305024E-02    1.1143010628E+00   -1.8651650013E-04
    6.8790335360E-02    1.1122827573E+00   -1.8698591325E-04
    6.9927365697E-02    1.1103114333E+00   -1.8743207392E-04
    7.1064396033E-02    1.1083832754E+00   -1.8785652432E-04
    7.2201426370E-02    1.1064944464E+00   -1.8826068749E-04
    7.3338456707E-02    1.1046410416E+00   -1.8864587864E-04
    7.4475487043E-02    1.1028190362E+00   -1.8901331525E-04
    7.5612517380E-02    1.1010242232E+00   -1.8936412623E-04
    7.6749547716E-02    1.0992521393E+00   -1.8969936012E-04
    7.7886578053E-02    1.0974979740E+00   -1.9001999257E-04
    7.9023608389E-02    1.0957564575E+00   -1.9032693307E-04
    8.0160638726E-02    1.0940217194E+00   -1.9062103111E-04
    8.1297669062E-02    1.0922871087E+00   -1.9090308164E-04
    8.2434699399E-02    1.0905449624E+00   -1.9117383005E-04
    8.3571729735E-02    1.0887863024E+00   -1.9143397653E-04
    8.4708760072E-02    1.0870004363E+00   -1.9168417975E-04
    8.5845790408E-02    1.0851744240E+00   -1.9192505970E-04
    8.6982820745E-02    1.0832923579E+00   -1.9215719941E-04
    8.8119851081E-02    1.0813343828E+00   -1.9238114502E-04
    8.9256881418E-02    1.0792753460E+00   -1.9259740315E-04
    9.0393911755E-02    1.0770829256E+00   -1.9280643422E-04
    9.1530942091E-02    1.0747150152E+00   -1.9300863880E-04
    9.2667972428E-02    1.0721160524E+00   -1.9320433290E-04
    9.3805002764E-02    1.0692118527E+00   -1.9339370451E-04
    9.4942033101E-02    1.0659023366E+00   -1.9357674000E-04
    9.6079063437E-02    1.0620512366E+00   -1.9375310156E-04
    9.7216093774E-02    1.0574706777E+00   -1.9392193043E-04
    9.8353124110E-02    1.0518897408E+00   -1.9408155242E-04
    9.9490154447E-02    1.0448255842E+00   -1.9422904323E-04
