              w [eV]            znorm(w)       delta(w) [eV]
    2.4364935783E-04    2.2902441107E+00    8.7564673038E-04
    7.3094807349E-04    2.2638302654E+00    8.6168548362E-04
    1.2182467891E-03    2.2205595765E+00    8.3682859781E-04
    1.7055455048E-03    2.1701278826E+00    8.0477309919E-04
    2.1928442205E-03    2.1183423718E+00    7.6829906153E-04
    2.6801429361E-03    2.0678975372E+00    7.2926900252E-04
    3.1674416518E-03    2.0198786604E+00    6.8894497701E-04
    3.6547403674E-03    1.9746466811E+00    6.4821641178E-04
    4.1420390831E-03    1.9322482281E+00    6.0772704693E-04
    4.6293377988E-03    1.8925945116E+00    5.6794618767E-04
    5.1166365144E-03    1.8555398821E+00    5.2921280015E-04
    5.6039352301E-03    1.8209175160E+00    4.9176583980E-04
    6.0912339457E-03    1.7885563005E+00    4.5576673066E-04
    6.5785326614E-03    1.7582890732E+00    4.2131673326E-04
    7.0658313770E-03    1.7299566560E+00    3.8847062702E-04
    7.5531300927E-03    1.7034097234E+00    3.5724757174E-04
    8.0404288084E-03    1.6785095003E+00    3.2763974477E-04
    8.5277275240E-03    1.6551278075E+00    2.9961920161E-04
    9.0150262397E-03    1.6331467412E+00    2.7314330981E-04
    9.5023249553E-03    1.6124581500E+00    2.4815903573E-04
    9.9896236710E-03    1.5929630106E+00    2.2460630879E-04
    1.0476922387E-02    1.5745707616E+00    2.0242064497E-04
    1.0964221102E-02    1.5571986327E+00    1.8153517626E-04
    1.1451519818E-02    1.5407709935E+00    1.6188220497E-04
    1.1938818534E-02    1.5252187330E+00    1.4339437906E-04
    1.2426117249E-02    1.5104786793E+00    1.2600556615E-04
    1.2913415965E-02    1.4964930607E+00    1.0965148907E-04
    1.3400714681E-02    1.4832090109E+00    9.4270173481E-05
    1.3888013396E-02    1.4705781159E+00    7.9802248295E-05
    1.4375312112E-02    1.4585560016E+00    6.6191131690E-05
    1.4862610828E-02    1.4471019595E+00    5.3383128774E-05
    1.5349909543E-02    1.4361786073E+00    4.1327461906E-05
    1.5837208259E-02    1.4257515820E+00    2.9976250287E-05
    1.6324506975E-02    1.4157892636E+00    1.9284452027E-05
    1.6811805690E-02    1.4062625239E+00    9.2097790997E-06
    1.7299104406E-02    1.3971445019E+00   -2.8740661410E-07
    1.7786403122E-02    1.3884103996E+00   -9.2442098192E-06
    1.8273701837E-02    1.3800372985E+00   -1.7695325868E-05
    1.8761000553E-02    1.3720039941E+00   -2.5673168595E-05
    1.9248299268E-02    1.3642908460E+00   -3.3207999015E-05
    1.9735597984E-02    1.3568796427E+00   -4.0328052746E-05
    2.0222896700E-02    1.3497534799E+00   -4.7059664524E-05
    2.0710195415E-02    1.3428966495E+00   -5.3427388705E-05
    2.1197494131E-02    1.3362945398E+00   -5.9454114945E-05
    2.1684792847E-02    1.3299335450E+00   -6.5161178548E-05
    2.2172091562E-02    1.3238009829E+00   -7.0568465190E-05
    2.2659390278E-02    1.3178850204E+00   -7.5694509876E-05
    2.3146688994E-02    1.3121746058E+00   -8.0556590127E-05
    2.3633987709E-02    1.3066594072E+00   -8.5170813457E-05
    2.4121286425E-02    1.3013297564E+00   -8.9552199313E-05
    2.4608585141E-02    1.2961765979E+00   -9.3714755649E-05
    2.5095883856E-02    1.2911914425E+00   -9.7671550378E-05
    2.5583182572E-02    1.2863663242E+00   -1.0143477793E-04
    2.6070481288E-02    1.2816937622E+00   -1.0501582122E-04
    2.6557780003E-02    1.2771667247E+00   -1.0842530919E-04
    2.7045078719E-02    1.2727785967E+00   -1.1167317034E-04
    2.7532377435E-02    1.2685231501E+00   -1.1476868234E-04
    2.8019676150E-02    1.2643945163E+00   -1.1772051810E-04
    2.8506974866E-02    1.2603871613E+00   -1.2053678852E-04
    2.8994273582E-02    1.2564958621E+00   -1.2322508200E-04
    2.9481572297E-02    1.2527156862E+00   -1.2579250122E-04
    2.9968871013E-02    1.2490419715E+00   -1.2824569710E-04
    3.0456169729E-02    1.2454703084E+00   -1.3059090031E-04
    3.0943468444E-02    1.2419965231E+00   -1.3283395046E-04
    3.1430767160E-02    1.2386166626E+00   -1.3498032314E-04
    3.1918065876E-02    1.2353269800E+00   -1.3703515501E-04
    3.2405364591E-02    1.2321239218E+00   -1.3900326698E-04
    3.2892663307E-02    1.2290041153E+00   -1.4088918576E-04
    3.3379962023E-02    1.2259643578E+00   -1.4269716381E-04
    3.3867260738E-02    1.2230016058E+00   -1.4443119781E-04
    3.4354559454E-02    1.2201129656E+00   -1.4609504585E-04
    3.4841858170E-02    1.2172956839E+00   -1.4769224332E-04
    3.5329156885E-02    1.2145471398E+00   -1.4922611769E-04
    3.5816455601E-02    1.2118648368E+00   -1.5069980220E-04
    3.6303754317E-02    1.2092463957E+00   -1.5211624858E-04
    3.6791053032E-02    1.2066895475E+00   -1.5347823890E-04
    3.7278351748E-02    1.2041921274E+00   -1.5478839651E-04
    3.7765650463E-02    1.2017520691E+00   -1.5604919625E-04
    3.8252949179E-02    1.1993673987E+00   -1.5726297395E-04
    3.8740247895E-02    1.1970362301E+00   -1.5843193525E-04
    3.9227546610E-02    1.1947567599E+00   -1.5955816381E-04
    3.9714845326E-02    1.1925272630E+00   -1.6064362893E-04
    4.0202144042E-02    1.1903460884E+00   -1.6169019269E-04
    4.0689442757E-02    1.1882116554E+00   -1.6269961657E-04
    4.1176741473E-02    1.1861224494E+00   -1.6367356761E-04
    4.1664040189E-02    1.1840770191E+00   -1.6461362420E-04
    4.2151338904E-02    1.1820739727E+00   -1.6552128142E-04
    4.2638637620E-02    1.1801119750E+00   -1.6639795606E-04
    4.3125936336E-02    1.1781897448E+00   -1.6724499131E-04
    4.3613235051E-02    1.1763060515E+00   -1.6806366110E-04
    4.4100533767E-02    1.1744597135E+00   -1.6885517422E-04
    4.4587832483E-02    1.1726495948E+00   -1.6962067807E-04
    4.5075131198E-02    1.1708746036E+00   -1.7036126231E-04
    4.5562429914E-02    1.1691336894E+00   -1.7107796211E-04
    4.6049728630E-02    1.1674258416E+00   -1.7177176134E-04
    4.6537027345E-02    1.1657500873E+00   -1.7244359545E-04
    4.7024326061E-02    1.1641054894E+00   -1.7309435421E-04
    4.7511624777E-02    1.1624911452E+00   -1.7372488429E-04
    4.7998923492E-02    1.1609061845E+00   -1.7433599166E-04
    4.8486222208E-02    1.1593497683E+00   -1.7492844384E-04
    4.8973520924E-02    1.1578210870E+00   -1.7550297199E-04
    4.9460819639E-02    1.1563193596E+00   -1.7606027293E-04
    4.9948118355E-02    1.1548438318E+00   -1.7660101101E-04
    5.0435417071E-02    1.1533937752E+00   -1.7712581981E-04
    5.0922715786E-02    1.1519684858E+00   -1.7763530381E-04
    5.1410014502E-02    1.1505672833E+00   -1.7813003997E-04
    5.1897313218E-02    1.1491895096E+00   -1.7861057913E-04
    5.2384611933E-02    1.1478345278E+00   -1.7907744740E-04
    5.2871910649E-02    1.1465017218E+00   -1.7953114744E-04
    5.3359209365E-02    1.1451904948E+00   -1.7997215970E-04
    5.3846508080E-02    1.1439002685E+00   -1.8040094353E-04
    5.4333806796E-02    1.1426304826E+00   -1.8081793825E-04
    5.4821105512E-02    1.1413805935E+00   -1.8122356419E-04
    5.5308404227E-02    1.1401500742E+00   -1.8161822364E-04
    5.5795702943E-02    1.1389384128E+00   -1.8200230175E-04
    5.6283001659E-02    1.1377451123E+00   -1.8237616736E-04
    5.6770300374E-02    1.1365696900E+00   -1.8274017382E-04
    5.7257599090E-02    1.1354116763E+00   -1.8309465978E-04
    5.7744897805E-02    1.1342706147E+00   -1.8343994986E-04
    5.8232196521E-02    1.1331460608E+00   -1.8377635532E-04
    5.8719495237E-02    1.1320375819E+00   -1.8410417477E-04
    5.9206793952E-02    1.1309447562E+00   -1.8442369470E-04
    5.9694092668E-02    1.1298671726E+00   -1.8473519009E-04
    6.0181391384E-02    1.1288044300E+00   -1.8503892498E-04
    6.0668690099E-02    1.1277561367E+00   -1.8533515290E-04
    6.1155988815E-02    1.1267219099E+00   -1.8562411744E-04
    6.1643287531E-02    1.1257013756E+00   -1.8590605269E-04
    6.2130586246E-02    1.1246941674E+00   -1.8618118364E-04
    6.2617884962E-02    1.1236999268E+00   -1.8644972664E-04
    6.3105183678E-02    1.1227183020E+00   -1.8671188977E-04
    6.3592482393E-02    1.1217489481E+00   -1.8696787323E-04
    6.4079781109E-02    1.1207915262E+00   -1.8721786966E-04
    6.4567079825E-02    1.1198457032E+00   -1.8746206453E-04
    6.5054378540E-02    1.1189111511E+00   -1.8770063641E-04
    6.5541677256E-02    1.1179875467E+00   -1.8793375730E-04
    6.6028975972E-02    1.1170745712E+00   -1.8816159291E-04
    6.6516274687E-02    1.1161719096E+00   -1.8838430294E-04
    6.7003573403E-02    1.1152792504E+00   -1.8860204134E-04
    6.7490872119E-02    1.1143962849E+00   -1.8881495654E-04
    6.7978170834E-02    1.1135227068E+00   -1.8902319174E-04
    6.8465469550E-02    1.1126582118E+00   -1.8922688506E-04
    6.8952768266E-02    1.1118024971E+00   -1.8942616983E-04
    6.9440066981E-02    1.1109552605E+00   -1.8962117473E-04
    6.9927365697E-02    1.1101162003E+00   -1.8981202402E-04
    7.0414664413E-02    1.1092850146E+00   -1.8999883775E-04
    7.0901963128E-02    1.1084614003E+00   -1.9018173187E-04
    7.1389261844E-02    1.1076450531E+00   -1.9036081845E-04
    7.1876560560E-02    1.1068356662E+00   -1.9053620584E-04
    7.2363859275E-02    1.1060329302E+00   -1.9070799882E-04
    7.2851157991E-02    1.1052365316E+00   -1.9087629871E-04
    7.3338456707E-02    1.1044461525E+00   -1.9104120358E-04
    7.3825755422E-02    1.1036614696E+00   -1.9120280833E-04
    7.4313054138E-02    1.1028821531E+00   -1.9136120486E-04
    7.4800352854E-02    1.1021078659E+00   -1.9151648213E-04
    7.5287651569E-02    1.1013382621E+00   -1.9166872638E-04
    7.5774950285E-02    1.1005729861E+00   -1.9181802113E-04
    7.6262249000E-02    1.0998116712E+00   -1.9196444739E-04
    7.6749547716E-02    1.0990539379E+00   -1.9210808369E-04
    7.7236846432E-02    1.0982993927E+00   -1.9224900621E-04
    7.7724145147E-02    1.0975476258E+00   -1.9238728890E-04
    7.8211443863E-02    1.0967982097E+00   -1.9252300352E-04
    7.8698742579E-02    1.0960506965E+00   -1.9265621977E-04
    7.9186041294E-02    1.0953046160E+00   -1.9278700535E-04
    7.9673340010E-02    1.0945594727E+00   -1.9291542605E-04
    8.0160638726E-02    1.0938147426E+00   -1.9304154584E-04
    8.0647937441E-02    1.0930698707E+00   -1.9316542692E-04
    8.1135236157E-02    1.0923242664E+00   -1.9328712980E-04
    8.1622534873E-02    1.0915772997E+00   -1.9340671337E-04
    8.2109833588E-02    1.0908282967E+00   -1.9352423494E-04
    8.2597132304E-02    1.0900765341E+00   -1.9363975036E-04
    8.3084431020E-02    1.0893212330E+00   -1.9375331398E-04
    8.3571729735E-02    1.0885615528E+00   -1.9386497878E-04
    8.4059028451E-02    1.0877965830E+00   -1.9397479637E-04
    8.4546327167E-02    1.0870253350E+00   -1.9408281704E-04
    8.5033625882E-02    1.0862467318E+00   -1.9418908978E-04
    8.5520924598E-02    1.0854595970E+00   -1.9429366232E-04
    8.6008223314E-02    1.0846626424E+00   -1.9439658113E-04
    8.6495522029E-02    1.0838544524E+00   -1.9449789139E-04
    8.6982820745E-02    1.0830334682E+00   -1.9459763704E-04
    8.7470119461E-02    1.0821979682E+00   -1.9469586067E-04
    8.7957418176E-02    1.0813460455E+00   -1.9479260353E-04
    8.8444716892E-02    1.0804755830E+00   -1.9488790540E-04
    8.8932015608E-02    1.0795842239E+00   -1.9498180448E-04
    8.9419314323E-02    1.0786693377E+00   -1.9507433727E-04
    8.9906613039E-02    1.0777279810E+00   -1.9516553831E-04
    9.0393911755E-02    1.0767568528E+00   -1.9525543993E-04
    9.0881210470E-02    1.0757522414E+00   -1.9534407192E-04
    9.1368509186E-02    1.0747099646E+00   -1.9543146105E-04
    9.1855807902E-02    1.0736252990E+00   -1.9551763052E-04
    9.2343106617E-02    1.0724928992E+00   -1.9560259923E-04
    9.2830405333E-02    1.0713067033E+00   -1.9568638092E-04
    9.3317704049E-02    1.0700598247E+00   -1.9576898299E-04
    9.3805002764E-02    1.0687444255E+00   -1.9585040512E-04
    9.4292301480E-02    1.0673515706E+00   -1.9593063754E-04
    9.4779600195E-02    1.0658710582E+00   -1.9600965886E-04
    9.5266898911E-02    1.0642912194E+00   -1.9608743340E-04
    9.5754197627E-02    1.0625986789E+00   -1.9616390800E-04
    9.6241496342E-02    1.0607780513E+00   -1.9623900816E-04
    9.6728795058E-02    1.0588115234E+00   -1.9631263345E-04
    9.7216093774E-02    1.0566781942E+00   -1.9638465234E-04
    9.7703392489E-02    1.0543528584E+00   -1.9645489639E-04
    9.8190691205E-02    1.0518034558E+00   -1.9652315362E-04
    9.8677989921E-02    1.0489854282E+00   -1.9658915850E-04
    9.9165288636E-02    1.0458310120E+00   -1.9665256594E-04
    9.9652587352E-02    1.0422565896E+00   -1.9671286251E-04
