Dynamical matrix file
phonons of STO                                                             
  3    5  0  7.2266000  0.0000000  0.0000000  0.0000000  0.0000000  0.0000000
Basis vectors
      0.990000000    0.000000000    0.000000000
      0.000000000    0.990000000    0.000000000
      0.000000000    0.000000000    0.990000000
           1  'Sr  '    79860.744495629726     
           2  'Ti  '    43628.101538145485     
           3  'O   '    14582.561007571081     
    1    1      0.0000000000      0.0000000000      0.0000000000
    2    2      0.4950000000      0.4950000000      0.4950000000
    3    3      0.4950000000      0.0000000000      0.4950000000
    4    3      0.4950000000      0.4950000000      0.0000000000
    5    3      0.0000000000      0.4950000000      0.4950000000

     Dynamical  Matrix in cartesian axes

     q = (    0.000000000   0.000000000  -0.505050505 ) 

    1    1
  0.03086947  0.00000000    0.00000000  0.00000000    0.00000000  0.00000000
  0.00000000  0.00000000    0.03086947  0.00000000    0.00000000  0.00000000
  0.00000000  0.00000000    0.00000000  0.00000000    0.17621352  0.00000000
    1    2
  0.00000000 -0.00000000    0.00000000  0.00000000    0.00000000  0.00000000
  0.00000000  0.00000000    0.00000000 -0.00000000    0.00000000  0.00000000
  0.00000000  0.00000000    0.00000000  0.00000000    0.00000000  0.00000000
    1    3
  0.00000000 -0.00000000    0.00000000  0.00000000    0.00000000  0.00000000
  0.00000000  0.00000000    0.00000000  0.00000000    0.00000000  0.00000000
  0.00000000  0.00000000    0.00000000  0.00000000    0.00000000  0.00000000
    1    4
  0.02541644  0.00000000    0.00000000  0.00000000    0.00000000  0.00000000
  0.00000000  0.00000000    0.02541644  0.00000000    0.00000000  0.00000000
  0.00000000  0.00000000    0.00000000  0.00000000   -0.15436669  0.00000000
    1    5
  0.00000000  0.00000000    0.00000000  0.00000000    0.00000000  0.00000000
  0.00000000  0.00000000    0.00000000 -0.00000000    0.00000000  0.00000000
  0.00000000  0.00000000    0.00000000  0.00000000    0.00000000  0.00000000
    2    1
  0.00000000  0.00000000    0.00000000  0.00000000    0.00000000  0.00000000
  0.00000000  0.00000000    0.00000000  0.00000000    0.00000000  0.00000000
  0.00000000  0.00000000    0.00000000  0.00000000    0.00000000 -0.00000000
    2    2
  0.01998656  0.00000000    0.00000000  0.00000000    0.00000000  0.00000000
  0.00000000  0.00000000    0.01998656  0.00000000    0.00000000  0.00000000
  0.00000000  0.00000000    0.00000000  0.00000000    0.74219947  0.00000000
    2    3
  0.01180171  0.00000000    0.00000000  0.00000000    0.00000000  0.00000000
  0.00000000  0.00000000   -0.01007387  0.00000000    0.00000000  0.00000000
  0.00000000  0.00000000    0.00000000  0.00000000   -0.16107576  0.00000000
    2    4
  0.00000000 -0.00000000    0.00000000  0.00000000    0.00000000  0.00000000
  0.00000000  0.00000000    0.00000000 -0.00000000    0.00000000  0.00000000
  0.00000000  0.00000000    0.00000000  0.00000000    0.00000000 -0.00000000
    2    5
 -0.01007387  0.00000000    0.00000000  0.00000000    0.00000000  0.00000000
  0.00000000  0.00000000    0.01180171  0.00000000    0.00000000  0.00000000
  0.00000000  0.00000000    0.00000000  0.00000000   -0.16107576  0.00000000
    3    1
  0.00000000  0.00000000    0.00000000  0.00000000    0.00000000  0.00000000
  0.00000000  0.00000000    0.00000000 -0.00000000    0.00000000  0.00000000
  0.00000000  0.00000000    0.00000000  0.00000000    0.00000000 -0.00000000
    3    2
  0.01180171  0.00000000    0.00000000  0.00000000    0.00000000  0.00000000
  0.00000000  0.00000000   -0.01007387  0.00000000    0.00000000  0.00000000
  0.00000000  0.00000000    0.00000000  0.00000000   -0.16107576  0.00000000
    3    3
  0.11706155  0.00000000    0.00000000  0.00000000    0.00000000  0.00000000
  0.00000000  0.00000000    0.33963781  0.00000000    0.00000000  0.00000000
  0.00000000  0.00000000    0.00000000  0.00000000    0.17437560  0.00000000
    3    4
  0.00000000  0.00000000    0.00000000  0.00000000    0.00000000  0.00000000
  0.00000000  0.00000000    0.00000000  0.00000000    0.00000000  0.00000000
  0.00000000  0.00000000    0.00000000  0.00000000    0.00000000 -0.00000000
    3    5
 -0.12972997  0.00000000    0.00000000  0.00000000    0.00000000  0.00000000
  0.00000000  0.00000000   -0.12972997  0.00000000    0.00000000  0.00000000
  0.00000000  0.00000000    0.00000000  0.00000000    0.06064627  0.00000000
    4    1
  0.02541644  0.00000000    0.00000000  0.00000000    0.00000000  0.00000000
  0.00000000  0.00000000    0.02541644  0.00000000    0.00000000  0.00000000
  0.00000000  0.00000000    0.00000000  0.00000000   -0.15436669  0.00000000
    4    2
  0.00000000  0.00000000    0.00000000  0.00000000    0.00000000  0.00000000
  0.00000000  0.00000000    0.00000000  0.00000000    0.00000000  0.00000000
  0.00000000  0.00000000    0.00000000  0.00000000    0.00000000  0.00000000
    4    3
  0.00000000 -0.00000000    0.00000000  0.00000000    0.00000000  0.00000000
  0.00000000  0.00000000    0.00000000 -0.00000000    0.00000000  0.00000000
  0.00000000  0.00000000    0.00000000  0.00000000    0.00000000  0.00000000
    4    4
  0.14392620  0.00000000    0.00000000  0.00000000    0.00000000  0.00000000
  0.00000000  0.00000000    0.14392620  0.00000000    0.00000000  0.00000000
  0.00000000  0.00000000    0.00000000  0.00000000    0.82110706  0.00000000
    4    5
  0.00000000 -0.00000000    0.00000000  0.00000000    0.00000000  0.00000000
  0.00000000  0.00000000    0.00000000 -0.00000000    0.00000000  0.00000000
  0.00000000  0.00000000    0.00000000  0.00000000    0.00000000  0.00000000
    5    1
  0.00000000 -0.00000000    0.00000000  0.00000000    0.00000000  0.00000000
  0.00000000  0.00000000    0.00000000  0.00000000    0.00000000  0.00000000
  0.00000000  0.00000000    0.00000000  0.00000000    0.00000000 -0.00000000
    5    2
 -0.01007387  0.00000000    0.00000000  0.00000000    0.00000000  0.00000000
  0.00000000  0.00000000    0.01180171  0.00000000    0.00000000  0.00000000
  0.00000000  0.00000000    0.00000000  0.00000000   -0.16107576  0.00000000
    5    3
 -0.12972997  0.00000000    0.00000000  0.00000000    0.00000000  0.00000000
  0.00000000  0.00000000   -0.12972997  0.00000000    0.00000000  0.00000000
  0.00000000  0.00000000    0.00000000  0.00000000    0.06064627  0.00000000
    5    4
  0.00000000  0.00000000    0.00000000  0.00000000    0.00000000  0.00000000
  0.00000000  0.00000000    0.00000000  0.00000000    0.00000000  0.00000000
  0.00000000  0.00000000    0.00000000  0.00000000    0.00000000 -0.00000000
    5    5
  0.33963781  0.00000000    0.00000000  0.00000000    0.00000000  0.00000000
  0.00000000  0.00000000    0.11706155  0.00000000    0.00000000  0.00000000
  0.00000000  0.00000000    0.00000000  0.00000000    0.17437560  0.00000000

     Dynamical  Matrix in cartesian axes

     q = (    0.000000000  -0.505050505   0.000000000 ) 

    1    1
  0.03086947  0.00000000    0.00000000  0.00000000    0.00000000  0.00000000
  0.00000000  0.00000000    0.17621352  0.00000000    0.00000000  0.00000000
  0.00000000  0.00000000    0.00000000  0.00000000    0.03086947  0.00000000
    1    2
  0.00000000 -0.00000000    0.00000000  0.00000000    0.00000000  0.00000000
  0.00000000  0.00000000    0.00000000  0.00000000    0.00000000  0.00000000
  0.00000000  0.00000000    0.00000000  0.00000000    0.00000000 -0.00000000
    1    3
  0.02541644  0.00000000    0.00000000  0.00000000    0.00000000  0.00000000
  0.00000000  0.00000000   -0.15436669  0.00000000    0.00000000  0.00000000
  0.00000000  0.00000000    0.00000000  0.00000000    0.02541644  0.00000000
    1    4
  0.00000000 -0.00000000    0.00000000  0.00000000    0.00000000  0.00000000
  0.00000000  0.00000000    0.00000000  0.00000000    0.00000000  0.00000000
  0.00000000  0.00000000    0.00000000  0.00000000    0.00000000  0.00000000
    1    5
  0.00000000  0.00000000    0.00000000  0.00000000    0.00000000  0.00000000
  0.00000000  0.00000000    0.00000000  0.00000000    0.00000000  0.00000000
  0.00000000  0.00000000    0.00000000  0.00000000    0.00000000 -0.00000000
    2    1
  0.00000000  0.00000000    0.00000000  0.00000000    0.00000000  0.00000000
  0.00000000  0.00000000    0.00000000 -0.00000000    0.00000000  0.00000000
  0.00000000  0.00000000    0.00000000  0.00000000    0.00000000  0.00000000
    2    2
  0.01998656  0.00000000    0.00000000  0.00000000    0.00000000  0.00000000
  0.00000000  0.00000000    0.74219947  0.00000000    0.00000000  0.00000000
  0.00000000  0.00000000    0.00000000  0.00000000    0.01998656  0.00000000
    2    3
  0.00000000 -0.00000000    0.00000000  0.00000000    0.00000000  0.00000000
  0.00000000  0.00000000    0.00000000 -0.00000000    0.00000000  0.00000000
  0.00000000  0.00000000    0.00000000  0.00000000    0.00000000 -0.00000000
    2    4
  0.01180171  0.00000000    0.00000000  0.00000000    0.00000000  0.00000000
  0.00000000  0.00000000   -0.16107576  0.00000000    0.00000000  0.00000000
  0.00000000  0.00000000    0.00000000  0.00000000   -0.01007387  0.00000000
    2    5
 -0.01007387  0.00000000    0.00000000  0.00000000    0.00000000  0.00000000
  0.00000000  0.00000000   -0.16107576  0.00000000    0.00000000  0.00000000
  0.00000000  0.00000000    0.00000000  0.00000000    0.01180171  0.00000000
    3    1
  0.02541644  0.00000000    0.00000000  0.00000000    0.00000000  0.00000000
  0.00000000  0.00000000   -0.15436669  0.00000000    0.00000000  0.00000000
  0.00000000  0.00000000    0.00000000  0.00000000    0.02541644  0.00000000
    3    2
  0.00000000  0.00000000    0.00000000  0.00000000    0.00000000  0.00000000
  0.00000000  0.00000000    0.00000000  0.00000000    0.00000000  0.00000000
  0.00000000  0.00000000    0.00000000  0.00000000    0.00000000  0.00000000
    3    3
  0.14392620  0.00000000    0.00000000  0.00000000    0.00000000  0.00000000
  0.00000000  0.00000000    0.82110706  0.00000000    0.00000000  0.00000000
  0.00000000  0.00000000    0.00000000  0.00000000    0.14392620  0.00000000
    3    4
  0.00000000 -0.00000000    0.00000000  0.00000000    0.00000000 -0.00000000
  0.00000000  0.00000000    0.00000000  0.00000000    0.00000000  0.00000000
  0.00000000  0.00000000    0.00000000  0.00000000    0.00000000 -0.00000000
    3    5
  0.00000000 -0.00000000    0.00000000  0.00000000    0.00000000  0.00000000
  0.00000000  0.00000000    0.00000000  0.00000000    0.00000000  0.00000000
  0.00000000  0.00000000    0.00000000  0.00000000    0.00000000 -0.00000000
    4    1
  0.00000000  0.00000000    0.00000000  0.00000000    0.00000000  0.00000000
  0.00000000  0.00000000    0.00000000 -0.00000000    0.00000000  0.00000000
  0.00000000  0.00000000    0.00000000  0.00000000    0.00000000 -0.00000000
    4    2
  0.01180171  0.00000000    0.00000000  0.00000000    0.00000000  0.00000000
  0.00000000  0.00000000   -0.16107576  0.00000000    0.00000000  0.00000000
  0.00000000  0.00000000    0.00000000  0.00000000   -0.01007387  0.00000000
    4    3
  0.00000000  0.00000000    0.00000000  0.00000000    0.00000000  0.00000000
  0.00000000  0.00000000    0.00000000 -0.00000000    0.00000000  0.00000000
  0.00000000  0.00000000    0.00000000  0.00000000    0.00000000  0.00000000
    4    4
  0.11706155  0.00000000    0.00000000  0.00000000    0.00000000  0.00000000
  0.00000000  0.00000000    0.17437560  0.00000000    0.00000000  0.00000000
  0.00000000  0.00000000    0.00000000  0.00000000    0.33963781  0.00000000
    4    5
 -0.12972997  0.00000000    0.00000000  0.00000000    0.00000000  0.00000000
  0.00000000  0.00000000    0.06064627  0.00000000    0.00000000  0.00000000
  0.00000000  0.00000000    0.00000000  0.00000000   -0.12972997  0.00000000
    5    1
  0.00000000 -0.00000000    0.00000000  0.00000000    0.00000000  0.00000000
  0.00000000  0.00000000    0.00000000 -0.00000000    0.00000000  0.00000000
  0.00000000  0.00000000    0.00000000  0.00000000    0.00000000  0.00000000
    5    2
 -0.01007387  0.00000000    0.00000000  0.00000000    0.00000000  0.00000000
  0.00000000  0.00000000   -0.16107576  0.00000000    0.00000000  0.00000000
  0.00000000  0.00000000    0.00000000  0.00000000    0.01180171  0.00000000
    5    3
  0.00000000  0.00000000    0.00000000  0.00000000    0.00000000 -0.00000000
  0.00000000  0.00000000    0.00000000 -0.00000000    0.00000000  0.00000000
  0.00000000  0.00000000    0.00000000  0.00000000    0.00000000  0.00000000
    5    4
 -0.12972997  0.00000000    0.00000000  0.00000000    0.00000000  0.00000000
  0.00000000  0.00000000    0.06064627  0.00000000    0.00000000  0.00000000
  0.00000000  0.00000000    0.00000000  0.00000000   -0.12972997  0.00000000
    5    5
  0.33963781  0.00000000    0.00000000  0.00000000    0.00000000  0.00000000
  0.00000000  0.00000000    0.17437560  0.00000000    0.00000000  0.00000000
  0.00000000  0.00000000    0.00000000  0.00000000    0.11706155  0.00000000

     Dynamical  Matrix in cartesian axes

     q = (   -0.505050505   0.000000000   0.000000000 ) 

    1    1
  0.17621352  0.00000000    0.00000000  0.00000000    0.00000000  0.00000000
  0.00000000  0.00000000    0.03086947  0.00000000    0.00000000  0.00000000
  0.00000000  0.00000000    0.00000000  0.00000000    0.03086947  0.00000000
    1    2
  0.00000000  0.00000000    0.00000000  0.00000000    0.00000000  0.00000000
  0.00000000  0.00000000    0.00000000 -0.00000000    0.00000000  0.00000000
  0.00000000  0.00000000    0.00000000  0.00000000    0.00000000 -0.00000000
    1    3
  0.00000000  0.00000000    0.00000000  0.00000000    0.00000000  0.00000000
  0.00000000  0.00000000    0.00000000  0.00000000    0.00000000  0.00000000
  0.00000000  0.00000000    0.00000000  0.00000000    0.00000000 -0.00000000
    1    4
  0.00000000  0.00000000    0.00000000  0.00000000    0.00000000  0.00000000
  0.00000000  0.00000000    0.00000000 -0.00000000    0.00000000  0.00000000
  0.00000000  0.00000000    0.00000000  0.00000000    0.00000000  0.00000000
    1    5
 -0.15436669  0.00000000    0.00000000  0.00000000    0.00000000  0.00000000
  0.00000000  0.00000000    0.02541644  0.00000000    0.00000000  0.00000000
  0.00000000  0.00000000    0.00000000  0.00000000    0.02541644  0.00000000
    2    1
  0.00000000 -0.00000000    0.00000000  0.00000000    0.00000000  0.00000000
  0.00000000  0.00000000    0.00000000  0.00000000    0.00000000  0.00000000
  0.00000000  0.00000000    0.00000000  0.00000000    0.00000000  0.00000000
    2    2
  0.74219947  0.00000000    0.00000000  0.00000000    0.00000000  0.00000000
  0.00000000  0.00000000    0.01998656  0.00000000    0.00000000  0.00000000
  0.00000000  0.00000000    0.00000000  0.00000000    0.01998656  0.00000000
    2    3
 -0.16107576  0.00000000    0.00000000  0.00000000    0.00000000  0.00000000
  0.00000000  0.00000000   -0.01007387  0.00000000    0.00000000  0.00000000
  0.00000000  0.00000000    0.00000000  0.00000000    0.01180171  0.00000000
    2    4
 -0.16107576  0.00000000    0.00000000  0.00000000    0.00000000  0.00000000
  0.00000000  0.00000000    0.01180171  0.00000000    0.00000000  0.00000000
  0.00000000  0.00000000    0.00000000  0.00000000   -0.01007387  0.00000000
    2    5
  0.00000000 -0.00000000    0.00000000  0.00000000    0.00000000  0.00000000
  0.00000000  0.00000000    0.00000000 -0.00000000    0.00000000  0.00000000
  0.00000000  0.00000000    0.00000000  0.00000000    0.00000000 -0.00000000
    3    1
  0.00000000 -0.00000000    0.00000000  0.00000000    0.00000000  0.00000000
  0.00000000  0.00000000    0.00000000 -0.00000000    0.00000000  0.00000000
  0.00000000  0.00000000    0.00000000  0.00000000    0.00000000  0.00000000
    3    2
 -0.16107576  0.00000000    0.00000000  0.00000000    0.00000000  0.00000000
  0.00000000  0.00000000   -0.01007387  0.00000000    0.00000000  0.00000000
  0.00000000  0.00000000    0.00000000  0.00000000    0.01180171  0.00000000
    3    3
  0.17437560  0.00000000    0.00000000  0.00000000    0.00000000  0.00000000
  0.00000000  0.00000000    0.33963781  0.00000000    0.00000000  0.00000000
  0.00000000  0.00000000    0.00000000  0.00000000    0.11706155  0.00000000
    3    4
  0.06064627  0.00000000    0.00000000  0.00000000    0.00000000  0.00000000
  0.00000000  0.00000000   -0.12972997  0.00000000    0.00000000  0.00000000
  0.00000000  0.00000000    0.00000000  0.00000000   -0.12972997  0.00000000
    3    5
  0.00000000 -0.00000000    0.00000000  0.00000000    0.00000000  0.00000000
  0.00000000  0.00000000    0.00000000  0.00000000    0.00000000  0.00000000
  0.00000000  0.00000000    0.00000000  0.00000000    0.00000000  0.00000000
    4    1
  0.00000000 -0.00000000    0.00000000  0.00000000    0.00000000  0.00000000
  0.00000000  0.00000000    0.00000000  0.00000000    0.00000000  0.00000000
  0.00000000  0.00000000    0.00000000  0.00000000    0.00000000 -0.00000000
    4    2
 -0.16107576  0.00000000    0.00000000  0.00000000    0.00000000  0.00000000
  0.00000000  0.00000000    0.01180171  0.00000000    0.00000000  0.00000000
  0.00000000  0.00000000    0.00000000  0.00000000   -0.01007387  0.00000000
    4    3
  0.06064627  0.00000000    0.00000000  0.00000000    0.00000000  0.00000000
  0.00000000  0.00000000   -0.12972997  0.00000000    0.00000000  0.00000000
  0.00000000  0.00000000    0.00000000  0.00000000   -0.12972997  0.00000000
    4    4
  0.17437560  0.00000000    0.00000000  0.00000000    0.00000000  0.00000000
  0.00000000  0.00000000    0.11706155  0.00000000    0.00000000  0.00000000
  0.00000000  0.00000000    0.00000000  0.00000000    0.33963781  0.00000000
    4    5
  0.00000000 -0.00000000    0.00000000  0.00000000    0.00000000  0.00000000
  0.00000000  0.00000000    0.00000000  0.00000000    0.00000000  0.00000000
  0.00000000  0.00000000    0.00000000 -0.00000000    0.00000000  0.00000000
    5    1
 -0.15436669  0.00000000    0.00000000  0.00000000    0.00000000  0.00000000
  0.00000000  0.00000000    0.02541644  0.00000000    0.00000000  0.00000000
  0.00000000  0.00000000    0.00000000  0.00000000    0.02541644  0.00000000
    5    2
  0.00000000  0.00000000    0.00000000  0.00000000    0.00000000  0.00000000
  0.00000000  0.00000000    0.00000000  0.00000000    0.00000000  0.00000000
  0.00000000  0.00000000    0.00000000  0.00000000    0.00000000  0.00000000
    5    3
  0.00000000  0.00000000    0.00000000  0.00000000    0.00000000  0.00000000
  0.00000000  0.00000000    0.00000000 -0.00000000    0.00000000  0.00000000
  0.00000000  0.00000000    0.00000000 -0.00000000    0.00000000 -0.00000000
    5    4
  0.00000000  0.00000000    0.00000000  0.00000000    0.00000000  0.00000000
  0.00000000  0.00000000    0.00000000 -0.00000000    0.00000000  0.00000000
  0.00000000  0.00000000    0.00000000  0.00000000    0.00000000 -0.00000000
    5    5
  0.82110706  0.00000000    0.00000000  0.00000000    0.00000000  0.00000000
  0.00000000  0.00000000    0.14392620  0.00000000    0.00000000  0.00000000
  0.00000000  0.00000000    0.00000000  0.00000000    0.14392620  0.00000000

     Diagonalizing the dynamical matrix

     q = (    0.000000000   0.000000000  -0.505050505 ) 

 **************************************************************************
     freq (    1) =       1.885295 [THz] =      62.886688 [cm-1]
 ( -0.955441  0.000000  0.234181  0.000000 -0.000000  0.000000 ) 
 ( -0.000000  0.000000  0.000000  0.000000 -0.000000  0.000000 ) 
 (  0.000000  0.000000 -0.000000  0.000000 -0.000000  0.000000 ) 
 (  0.174532  0.000000 -0.042778  0.000000 -0.000000  0.000000 ) 
 (  0.000000  0.000000 -0.000000  0.000000 -0.000000  0.000000 ) 
     freq (    2) =       1.885295 [THz] =      62.886688 [cm-1]
 ( -0.234181  0.000000 -0.955441  0.000000  0.000000 -0.000000 ) 
 (  0.000000 -0.000000  0.000000 -0.000000 -0.000000  0.000000 ) 
 ( -0.000000  0.000000  0.000000 -0.000000 -0.000000  0.000000 ) 
 (  0.042778 -0.000000  0.174532 -0.000000 -0.000000  0.000000 ) 
 ( -0.000000  0.000000  0.000000 -0.000000 -0.000000  0.000000 ) 
     freq (    3) =       2.151113 [THz] =      71.753416 [cm-1]
 ( -0.000000  0.000000  0.000000  0.000000  0.000000  0.000000 ) 
 (  0.991366  0.000000  0.003419  0.000000  0.000000  0.000000 ) 
 ( -0.129480  0.000000 -0.000070  0.000000  0.000000  0.000000 ) 
 (  0.000000  0.000000 -0.000000  0.000000  0.000000  0.000000 ) 
 ( -0.020427  0.000000 -0.000447  0.000000 -0.000000  0.000000 ) 
     freq (    4) =       2.151113 [THz] =      71.753416 [cm-1]
 (  0.000000  0.000000  0.000000  0.000000  0.000000  0.000000 ) 
 ( -0.003419  0.000000  0.991366  0.000000 -0.000000  0.000000 ) 
 (  0.000447  0.000000 -0.020427  0.000000 -0.000000  0.000000 ) 
 (  0.000000  0.000000 -0.000000  0.000000  0.000000  0.000000 ) 
 (  0.000070  0.000000 -0.129480  0.000000 -0.000000  0.000000 ) 
     freq (    5) =       4.451517 [THz] =     148.486618 [cm-1]
 (  0.000000  0.000000 -0.000000  0.000000 -0.981639  0.000000 ) 
 (  0.000000  0.000000 -0.000000  0.000000  0.000000  0.000000 ) 
 (  0.000000  0.000000 -0.000000  0.000000  0.000000  0.000000 ) 
 ( -0.000000  0.000000  0.000000  0.000000 -0.190749  0.000000 ) 
 ( -0.000000  0.000000 -0.000000  0.000000  0.000000  0.000000 ) 
     freq (    6) =       6.544212 [THz] =     218.291424 [cm-1]
 ( -0.000000  0.000000 -0.000000  0.000000  0.000000 -0.000000 ) 
 (  0.042390 -0.000000 -0.002802  0.000000 -0.000000  0.000000 ) 
 (  0.905070 -0.000000 -0.027625  0.000000 -0.000000  0.000000 ) 
 (  0.000000 -0.000000 -0.000000  0.000000  0.000000 -0.000000 ) 
 (  0.417975 -0.000000 -0.059819  0.000000 -0.000000  0.000000 ) 
     freq (    7) =       6.544212 [THz] =     218.291424 [cm-1]
 ( -0.000000  0.000000 -0.000000  0.000000  0.000000  0.000000 ) 
 ( -0.002802  0.000000 -0.042390  0.000000 -0.000000  0.000000 ) 
 ( -0.059819  0.000000 -0.417975  0.000000 -0.000000  0.000000 ) 
 ( -0.000000  0.000000 -0.000000  0.000000 -0.000000  0.000000 ) 
 ( -0.027625  0.000000 -0.905070  0.000000 -0.000000  0.000000 ) 
     freq (    8) =       9.022818 [THz] =     300.968822 [cm-1]
 ( -0.000000  0.000000 -0.000000  0.000000 -0.000000  0.000000 ) 
 (  0.000000  0.000000 -0.000000  0.000000  0.482049  0.000000 ) 
 (  0.000000  0.000000 -0.000000  0.000000  0.619528  0.000000 ) 
 ( -0.000000  0.000000 -0.000000  0.000000  0.000000  0.000000 ) 
 (  0.000000  0.000000 -0.000000  0.000000  0.619528  0.000000 ) 
     freq (    9) =       9.187437 [THz] =     306.459911 [cm-1]
 ( -0.000000  0.000000 -0.000000  0.000000 -0.000000  0.000000 ) 
 (  0.000000 -0.000000  0.000000 -0.000000 -0.000000  0.000000 ) 
 (  0.000000 -0.000000  0.000000 -0.000000  0.707107 -0.000000 ) 
 ( -0.000000  0.000000 -0.000000  0.000000  0.000000 -0.000000 ) 
 (  0.000000 -0.000000 -0.000000  0.000000 -0.707107  0.000000 ) 
     freq (   10) =      10.365814 [THz] =     345.766331 [cm-1]
 ( -0.001643  0.000000 -0.033297  0.000000 -0.000000  0.000000 ) 
 ( -0.000000  0.000000  0.000000  0.000000 -0.000000  0.000000 ) 
 (  0.000000  0.000000  0.000000  0.000000 -0.000000  0.000000 ) 
 ( -0.049257  0.000000 -0.998230  0.000000 -0.000000  0.000000 ) 
 ( -0.000000  0.000000  0.000000  0.000000  0.000000  0.000000 ) 
     freq (   11) =      10.365814 [THz] =     345.766331 [cm-1]
 (  0.033297  0.000000 -0.001643  0.000000  0.000000  0.000000 ) 
 (  0.000000  0.000000 -0.000000  0.000000 -0.000000  0.000000 ) 
 ( -0.000000  0.000000 -0.000000  0.000000 -0.000000  0.000000 ) 
 (  0.998230  0.000000 -0.049257  0.000000  0.000000  0.000000 ) 
 ( -0.000000  0.000000 -0.000000  0.000000  0.000000  0.000000 ) 
     freq (   12) =      16.647569 [THz] =     555.303128 [cm-1]
 (  0.000000  0.000000  0.000000  0.000000 -0.000000  0.000000 ) 
 (  0.000000  0.000000 -0.000000  0.000000 -0.519206  0.000000 ) 
 (  0.000000  0.000000  0.000000  0.000000  0.604328  0.000000 ) 
 (  0.000000  0.000000  0.000000  0.000000  0.000000  0.000000 ) 
 ( -0.000000  0.000000 -0.000000  0.000000  0.604328  0.000000 ) 
     freq (   13) =      17.218095 [THz] =     574.333819 [cm-1]
 (  0.000000  0.000000  0.000000  0.000000 -0.000000  0.000000 ) 
 ( -0.011976  0.000000 -0.000459  0.000000  0.000000  0.000000 ) 
 ( -0.417544  0.000000  0.034770  0.000000  0.000000  0.000000 ) 
 ( -0.000000  0.000000 -0.000000  0.000000  0.000000  0.000000 ) 
 (  0.907771  0.000000 -0.015993  0.000000 -0.000000  0.000000 ) 
     freq (   14) =      17.218095 [THz] =     574.333819 [cm-1]
 (  0.000000  0.000000  0.000000  0.000000  0.000000  0.000000 ) 
 (  0.000459  0.000000 -0.011976  0.000000  0.000000  0.000000 ) 
 (  0.015993  0.000000  0.907771  0.000000 -0.000000  0.000000 ) 
 (  0.000000  0.000000  0.000000  0.000000 -0.000000  0.000000 ) 
 ( -0.034770  0.000000 -0.417544  0.000000 -0.000000  0.000000 ) 
     freq (   15) =      24.768615 [THz] =     826.192058 [cm-1]
 ( -0.000000  0.000000 -0.000000  0.000000 -0.035460  0.000000 ) 
 (  0.000000  0.000000  0.000000  0.000000  0.000000  0.000000 ) 
 (  0.000000  0.000000  0.000000  0.000000  0.000000  0.000000 ) 
 ( -0.000000  0.000000 -0.000000  0.000000  0.999371  0.000000 ) 
 ( -0.000000  0.000000 -0.000000  0.000000 -0.000000  0.000000 ) 
 **************************************************************************
