Dynamical matrix file
phonons of STO                                                             
  3    5  0  7.2266000  0.0000000  0.0000000  0.0000000  0.0000000  0.0000000
Basis vectors
      0.990000000    0.000000000    0.000000000
      0.000000000    0.990000000    0.000000000
      0.000000000    0.000000000    0.990000000
           1  'Sr  '    79860.744495629726     
           2  'Ti  '    43628.101538145485     
           3  'O   '    14582.561007571081     
    1    1      0.0000000000      0.0000000000      0.0000000000
    2    2      0.4950000000      0.4950000000      0.4950000000
    3    3      0.4950000000      0.0000000000      0.4950000000
    4    3      0.4950000000      0.4950000000      0.0000000000
    5    3      0.0000000000      0.4950000000      0.4950000000

     Dynamical  Matrix in cartesian axes

     q = (   -0.505050505  -0.505050505  -0.505050505 ) 

    1    1
  0.06682027  0.00000000    0.00000000  0.00000000    0.00000000  0.00000000
  0.00000000  0.00000000    0.06682027  0.00000000    0.00000000  0.00000000
  0.00000000  0.00000000    0.00000000  0.00000000    0.06682027  0.00000000
    1    2
  0.00000000  0.00000000    0.00000000  0.00000000    0.00000000  0.00000000
  0.00000000  0.00000000   -0.00000000  0.00000000    0.00000000  0.00000000
  0.00000000  0.00000000    0.00000000  0.00000000   -0.00000000  0.00000000
    1    3
  0.00000000  0.00000000    0.00000000  0.00000000    0.04007091 -0.00000000
  0.00000000  0.00000000    0.00000000  0.00000000    0.00000000  0.00000000
  0.04007091 -0.00000000    0.00000000  0.00000000    0.00000000  0.00000000
    1    4
  0.00000000  0.00000000    0.04007091 -0.00000000    0.00000000  0.00000000
  0.04007091 -0.00000000    0.00000000  0.00000000    0.00000000  0.00000000
  0.00000000  0.00000000    0.00000000  0.00000000    0.00000000  0.00000000
    1    5
  0.00000000  0.00000000    0.00000000  0.00000000    0.00000000  0.00000000
  0.00000000  0.00000000    0.00000000  0.00000000    0.04007091 -0.00000000
  0.00000000  0.00000000    0.04007091 -0.00000000    0.00000000  0.00000000
    2    1
  0.00000000 -0.00000000    0.00000000 -0.00000000    0.00000000 -0.00000000
  0.00000000 -0.00000000   -0.00000000  0.00000000    0.00000000 -0.00000000
  0.00000000 -0.00000000    0.00000000 -0.00000000   -0.00000000 -0.00000000
    2    2
  0.68874649  0.00000000    0.00000000  0.00000000    0.00000000  0.00000000
  0.00000000  0.00000000    0.68874649  0.00000000    0.00000000  0.00000000
  0.00000000  0.00000000    0.00000000  0.00000000    0.68874649  0.00000000
    2    3
  0.00000000  0.00000000    0.00000000  0.00000000    0.00000000  0.00000000
  0.00000000  0.00000000    0.00000000 -0.00000000    0.00000000  0.00000000
 -0.00000000  0.00000000    0.00000000  0.00000000    0.00000000  0.00000000
    2    4
  0.00000000  0.00000000   -0.00000000  0.00000000    0.00000000  0.00000000
  0.00000000 -0.00000000    0.00000000  0.00000000    0.00000000  0.00000000
  0.00000000  0.00000000    0.00000000  0.00000000    0.00000000 -0.00000000
    2    5
  0.00000000 -0.00000000    0.00000000  0.00000000    0.00000000  0.00000000
  0.00000000  0.00000000    0.00000000  0.00000000   -0.00000000  0.00000000
  0.00000000  0.00000000    0.00000000 -0.00000000    0.00000000  0.00000000
    3    1
  0.00000000  0.00000000    0.00000000  0.00000000    0.04007091  0.00000000
  0.00000000  0.00000000    0.00000000  0.00000000    0.00000000  0.00000000
  0.04007091  0.00000000    0.00000000  0.00000000    0.00000000  0.00000000
    3    2
  0.00000000 -0.00000000    0.00000000  0.00000000   -0.00000000 -0.00000000
  0.00000000  0.00000000    0.00000000  0.00000000    0.00000000  0.00000000
  0.00000000  0.00000000    0.00000000  0.00000000    0.00000000 -0.00000000
    3    3
  0.13182176  0.00000000    0.00000000  0.00000000    0.00000000  0.00000000
  0.00000000  0.00000000    0.57927983  0.00000000    0.00000000  0.00000000
  0.00000000  0.00000000    0.00000000  0.00000000    0.13182176  0.00000000
    3    4
  0.00000000  0.00000000    0.00000000  0.00000000    0.00000000  0.00000000
  0.00000000 -0.00000000    0.00000000  0.00000000    0.20989841  0.00000000
  0.00000000  0.00000000    0.13673402  0.00000000    0.00000000  0.00000000
    3    5
  0.00000000  0.00000000    0.13673402  0.00000000    0.00000000  0.00000000
  0.20989841  0.00000000    0.00000000  0.00000000    0.00000000  0.00000000
  0.00000000  0.00000000    0.00000000  0.00000000    0.00000000  0.00000000
    4    1
  0.00000000  0.00000000    0.04007091  0.00000000    0.00000000  0.00000000
  0.04007091  0.00000000    0.00000000  0.00000000    0.00000000  0.00000000
  0.00000000  0.00000000    0.00000000  0.00000000    0.00000000  0.00000000
    4    2
  0.00000000 -0.00000000    0.00000000  0.00000000    0.00000000  0.00000000
 -0.00000000  0.00000000    0.00000000 -0.00000000    0.00000000  0.00000000
  0.00000000  0.00000000    0.00000000  0.00000000    0.00000000  0.00000000
    4    3
  0.00000000  0.00000000    0.00000000  0.00000000    0.00000000  0.00000000
  0.00000000  0.00000000    0.00000000  0.00000000    0.13673402  0.00000000
  0.00000000  0.00000000    0.20989841  0.00000000    0.00000000  0.00000000
    4    4
  0.13182176  0.00000000    0.00000000  0.00000000    0.00000000  0.00000000
  0.00000000  0.00000000    0.13182176  0.00000000    0.00000000  0.00000000
  0.00000000  0.00000000    0.00000000  0.00000000    0.57927983  0.00000000
    4    5
  0.00000000  0.00000000    0.00000000  0.00000000    0.13673402  0.00000000
  0.00000000  0.00000000    0.00000000  0.00000000    0.00000000  0.00000000
  0.20989841  0.00000000    0.00000000 -0.00000000    0.00000000  0.00000000
    5    1
  0.00000000  0.00000000    0.00000000  0.00000000    0.00000000  0.00000000
  0.00000000  0.00000000    0.00000000  0.00000000    0.04007091  0.00000000
  0.00000000  0.00000000    0.04007091  0.00000000    0.00000000  0.00000000
    5    2
  0.00000000  0.00000000    0.00000000  0.00000000    0.00000000  0.00000000
  0.00000000  0.00000000    0.00000000 -0.00000000    0.00000000  0.00000000
  0.00000000  0.00000000   -0.00000000 -0.00000000    0.00000000 -0.00000000
    5    3
  0.00000000  0.00000000    0.20989841  0.00000000    0.00000000 -0.00000000
  0.13673402  0.00000000    0.00000000  0.00000000    0.00000000  0.00000000
  0.00000000  0.00000000    0.00000000  0.00000000    0.00000000  0.00000000
    5    4
  0.00000000  0.00000000    0.00000000  0.00000000    0.20989841  0.00000000
  0.00000000  0.00000000    0.00000000  0.00000000    0.00000000  0.00000000
  0.13673402  0.00000000    0.00000000  0.00000000    0.00000000  0.00000000
    5    5
  0.57927983  0.00000000    0.00000000  0.00000000    0.00000000  0.00000000
  0.00000000  0.00000000    0.13182176  0.00000000    0.00000000  0.00000000
  0.00000000  0.00000000    0.00000000  0.00000000    0.13182176  0.00000000

     Diagonalizing the dynamical matrix

     q = (   -0.505050505  -0.505050505  -0.505050505 ) 

 **************************************************************************
     freq (    1) =      -1.909408 [THz] =     -63.690992 [cm-1]
 (  0.000000  0.000000 -0.000000  0.000000  0.000000  0.000000 ) 
 (  0.000000  0.000000  0.000000  0.000000  0.000000  0.000000 ) 
 ( -0.236405  0.000000 -0.000000  0.000000 -0.666346  0.000000 ) 
 ( -0.009762  0.000000  0.666346  0.000000  0.000000  0.000000 ) 
 ( -0.000000  0.000000  0.236405  0.000000  0.009762  0.000000 ) 
     freq (    2) =      -1.909408 [THz] =     -63.690992 [cm-1]
 ( -0.000000  0.000000 -0.000000  0.000000  0.000000  0.000000 ) 
 ( -0.000000  0.000000 -0.000000  0.000000 -0.000000  0.000000 ) 
 ( -0.020266  0.000000  0.000000  0.000000  0.017542  0.000000 ) 
 ( -0.706599  0.000000 -0.017542  0.000000 -0.000000  0.000000 ) 
 (  0.000000  0.000000  0.020266  0.000000  0.706599  0.000000 ) 
     freq (    3) =      -1.909408 [THz] =     -63.690992 [cm-1]
 (  0.000000  0.000000  0.000000  0.000000 -0.000000  0.000000 ) 
 (  0.000000  0.000000  0.000000  0.000000  0.000000  0.000000 ) 
 (  0.666110  0.000000 -0.000000  0.000000 -0.235955  0.000000 ) 
 ( -0.024963  0.000000  0.235955  0.000000  0.000000  0.000000 ) 
 ( -0.000000  0.000000 -0.666110  0.000000  0.024963  0.000000 ) 
     freq (    4) =       2.715314 [THz] =      90.573130 [cm-1]
 (  0.976809  0.000000  0.000000  0.000000  0.005636  0.000000 ) 
 (  0.000000  0.000000  0.000000  0.000000  0.000000  0.000000 ) 
 ( -0.000873  0.000000 -0.000000  0.000000 -0.151347  0.000000 ) 
 ( -0.000000  0.000000 -0.151347  0.000000  0.000000  0.000000 ) 
 (  0.000000  0.000000 -0.000873  0.000000  0.000000  0.000000 ) 
     freq (    5) =       2.715314 [THz] =      90.573130 [cm-1]
 ( -0.000000  0.000000 -0.976825  0.000000  0.000000  0.000000 ) 
 (  0.000000  0.000000 -0.000000  0.000000  0.000000  0.000000 ) 
 (  0.000000  0.000000 -0.000000  0.000000 -0.000000  0.000000 ) 
 (  0.151349  0.000000  0.000000  0.000000 -0.000000  0.000000 ) 
 (  0.000000  0.000000 -0.000000  0.000000  0.151349  0.000000 ) 
     freq (    6) =       2.715314 [THz] =      90.573130 [cm-1]
 (  0.005636  0.000000 -0.000000  0.000000 -0.976809  0.000000 ) 
 (  0.000000  0.000000  0.000000  0.000000  0.000000  0.000000 ) 
 (  0.151347  0.000000 -0.000000  0.000000 -0.000873  0.000000 ) 
 (  0.000000  0.000000 -0.000873  0.000000 -0.000000  0.000000 ) 
 ( -0.000000  0.000000  0.151347  0.000000  0.000000  0.000000 ) 
     freq (    7) =      13.071384 [THz] =     436.014442 [cm-1]
 ( -0.000000  0.000000 -0.000000  0.000000  0.000000  0.000000 ) 
 (  0.230150  0.000000  0.000000  0.000000 -0.973155  0.000000 ) 
 (  0.000000  0.000000 -0.000000  0.000000 -0.000000  0.000000 ) 
 ( -0.000000  0.000000 -0.000000  0.000000  0.000000  0.000000 ) 
 ( -0.000000  0.000000 -0.000000  0.000000  0.000000  0.000000 ) 
     freq (    8) =      13.071384 [THz] =     436.014442 [cm-1]
 ( -0.000000  0.000000 -0.000000  0.000000 -0.000000  0.000000 ) 
 (  0.973155  0.000000 -0.000000  0.000000  0.230150  0.000000 ) 
 (  0.000000  0.000000 -0.000000  0.000000 -0.000000  0.000000 ) 
 ( -0.000000  0.000000 -0.000000  0.000000  0.000000  0.000000 ) 
 ( -0.000000  0.000000 -0.000000  0.000000  0.000000  0.000000 ) 
     freq (    9) =      13.071384 [THz] =     436.014442 [cm-1]
 ( -0.000000  0.000000  0.000000  0.000000  0.000000  0.000000 ) 
 ( -0.000000  0.000000  1.000000  0.000000  0.000000  0.000000 ) 
 ( -0.000000  0.000000  0.000000  0.000000 -0.000000  0.000000 ) 
 ( -0.000000  0.000000 -0.000000  0.000000 -0.000000  0.000000 ) 
 (  0.000000  0.000000  0.000000  0.000000  0.000000  0.000000 ) 
     freq (   10) =      14.177545 [THz] =     472.911993 [cm-1]
 (  0.000574  0.000000 -0.000000  0.000000 -0.039975  0.000000 ) 
 (  0.000000  0.000000  0.000000  0.000000 -0.000000  0.000000 ) 
 ( -0.706469  0.000000 -0.000000  0.000000  0.010150  0.000000 ) 
 ( -0.000000  0.000000  0.010150  0.000000  0.000000  0.000000 ) 
 ( -0.000000  0.000000 -0.706469  0.000000  0.000000  0.000000 ) 
     freq (   11) =      14.177545 [THz] =     472.911993 [cm-1]
 (  0.000000 -0.000000  0.039979 -0.000000  0.000000 -0.000000 ) 
 (  0.000000 -0.000000  0.000000 -0.000000  0.000000 -0.000000 ) 
 ( -0.000000  0.000000  0.000000 -0.000000 -0.000000  0.000000 ) 
 (  0.706541 -0.000000  0.000000 -0.000000  0.000000 -0.000000 ) 
 ( -0.000000  0.000000  0.000000 -0.000000  0.706541 -0.000000 ) 
     freq (   12) =      14.177545 [THz] =     472.911993 [cm-1]
 (  0.039975  0.000000  0.000000  0.000000  0.000574  0.000000 ) 
 (  0.000000  0.000000  0.000000  0.000000 -0.000000  0.000000 ) 
 (  0.010150  0.000000  0.000000  0.000000  0.706469  0.000000 ) 
 (  0.000000  0.000000  0.706469  0.000000 -0.000000  0.000000 ) 
 ( -0.000000  0.000000  0.010150  0.000000  0.000000  0.000000 ) 
     freq (   13) =      16.557534 [THz] =     552.299889 [cm-1]
 (  0.000000  0.000000  0.000000  0.000000  0.000000  0.000000 ) 
 (  0.000000  0.000000 -0.000000  0.000000 -0.000000  0.000000 ) 
 ( -0.000000  0.000000 -0.404511  0.000000  0.000000  0.000000 ) 
 ( -0.000000  0.000000  0.000000  0.000000 -0.411974  0.000000 ) 
 (  0.816485  0.000000 -0.000000  0.000000  0.000000  0.000000 ) 
     freq (   14) =      16.557534 [THz] =     552.299889 [cm-1]
 ( -0.000000  0.000000 -0.000000  0.000000 -0.000000  0.000000 ) 
 (  0.000000  0.000000 -0.000000  0.000000 -0.000000  0.000000 ) 
 ( -0.000000  0.000000  0.709252  0.000000 -0.000000  0.000000 ) 
 (  0.000000  0.000000  0.000000  0.000000 -0.704942  0.000000 ) 
 ( -0.004309  0.000000 -0.000000  0.000000  0.000000  0.000000 ) 
     freq (   15) =      27.230621 [THz] =     908.315732 [cm-1]
 (  0.000000  0.000000 -0.000000  0.000000 -0.000000  0.000000 ) 
 ( -0.000000  0.000000 -0.000000  0.000000  0.000000  0.000000 ) 
 ( -0.000000  0.000000 -0.577350  0.000000  0.000000  0.000000 ) 
 (  0.000000  0.000000 -0.000000  0.000000 -0.577350  0.000000 ) 
 ( -0.577350  0.000000 -0.000000  0.000000  0.000000  0.000000 ) 
 **************************************************************************
