 &plot nbnd=  14, nks=   301 /
            0.000000  0.000000  0.000000
   -9.202   -6.548   -3.303   -0.187    1.314    1.544    2.488    3.665    3.986    5.290
    7.011    7.497    8.363    9.183
            0.000000  0.005872  0.000000
   -9.202   -6.548   -3.303   -0.187    1.313    1.544    2.488    3.665    3.986    5.291
    7.012    7.496    8.363    9.183
            0.000000  0.011744  0.000000
   -9.202   -6.549   -3.303   -0.186    1.312    1.543    2.487    3.666    3.986    5.293
    7.013    7.496    8.363    9.182
            0.000000  0.017615  0.000000
   -9.201   -6.550   -3.303   -0.184    1.310    1.542    2.487    3.668    3.987    5.298
    7.014    7.495    8.364    9.182
            0.000000  0.023487  0.000000
   -9.201   -6.552   -3.302   -0.181    1.307    1.540    2.486    3.671    3.988    5.305
    7.016    7.493    8.366    9.181
            0.000000  0.029359  0.000000
   -9.200   -6.554   -3.302   -0.177    1.302    1.538    2.486    3.675    3.989    5.313
    7.019    7.491    8.368    9.181
            0.000000  0.035231  0.000000
   -9.199   -6.557   -3.301   -0.173    1.298    1.535    2.485    3.679    3.990    5.323
    7.022    7.489    8.370    9.180
            0.000000  0.041103  0.000000
   -9.198   -6.560   -3.300   -0.168    1.292    1.532    2.484    3.685    3.992    5.335
    7.025    7.486    8.373    9.179
            0.000000  0.046975  0.000000
   -9.196   -6.564   -3.299   -0.162    1.285    1.528    2.483    3.691    3.994    5.348
    7.029    7.482    8.376    9.177
            0.000000  0.052846  0.000000
   -9.195   -6.568   -3.298   -0.155    1.278    1.523    2.482    3.699    3.996    5.364
    7.033    7.479    8.379    9.176
            0.000000  0.058718  0.000000
   -9.193   -6.572   -3.297   -0.147    1.270    1.518    2.480    3.707    3.998    5.380
    7.037    7.475    8.383    9.174
            0.000000  0.064590  0.000000
   -9.191   -6.577   -3.296   -0.139    1.261    1.512    2.479    3.717    4.000    5.399
    7.040    7.471    8.387    9.173
            0.000000  0.070462  0.000000
   -9.189   -6.582   -3.295   -0.130    1.251    1.506    2.477    3.727    4.003    5.419
    7.044    7.466    8.391    9.171
            0.000000  0.076334  0.000000
   -9.187   -6.588   -3.294   -0.121    1.241    1.499    2.475    3.739    4.006    5.440
    7.047    7.461    8.396    9.169
            0.000000  0.082205  0.000000
   -9.185   -6.593   -3.292   -0.110    1.231    1.491    2.474    3.752    4.009    5.462
    7.050    7.456    8.400    9.167
            0.000000  0.088077  0.000000
   -9.182   -6.600   -3.291   -0.099    1.220    1.483    2.472    3.766    4.012    5.486
    7.052    7.451    8.405    9.165
            0.000000  0.093949  0.000000
   -9.180   -6.606   -3.289   -0.087    1.208    1.473    2.470    3.782    4.015    5.511
    7.053    7.446    8.410    9.163
            0.000000  0.099821  0.000000
   -9.177   -6.613   -3.287   -0.075    1.197    1.463    2.468    3.799    4.019    5.537
    7.054    7.440    8.415    9.161
            0.000000  0.105693  0.000000
   -9.174   -6.620   -3.286   -0.062    1.184    1.453    2.465    3.817    4.022    5.564
    7.053    7.435    8.420    9.158
            0.000000  0.111565  0.000000
   -9.171   -6.627   -3.284   -0.048    1.172    1.441    2.463    3.837    4.026    5.591
    7.050    7.429    8.425    9.156
            0.000000  0.117436  0.000000
   -9.168   -6.634   -3.282   -0.034    1.159    1.429    2.461    3.857    4.029    5.620
    7.046    7.423    8.431    9.154
            0.000000  0.123308  0.000000
   -9.165   -6.642   -3.280   -0.020    1.147    1.416    2.459    3.880    4.033    5.649
    7.041    7.417    8.436    9.151
            0.000000  0.129180  0.000000
   -9.162   -6.650   -3.278   -0.004    1.134    1.403    2.457    3.903    4.037    5.679
    7.034    7.411    8.441    9.149
            0.000000  0.135052  0.000000
   -9.159   -6.657   -3.276    0.011    1.121    1.389    2.454    3.928    4.041    5.709
    7.024    7.405    8.446    9.146
            0.000000  0.140924  0.000000
   -9.156   -6.665   -3.274    0.027    1.108    1.374    2.452    3.955    4.045    5.740
    7.013    7.400    8.452    9.143
            0.000000  0.146795  0.000000
   -9.153   -6.673   -3.272    0.044    1.095    1.358    2.450    3.982    4.049    5.771
    7.000    7.394    8.457    9.141
            0.000000  0.152667  0.000000
   -9.150   -6.681   -3.270    0.061    1.082    1.342    2.447    4.011    4.053    5.802
    6.984    7.388    8.461    9.138
            0.000000  0.158539  0.000000
   -9.146   -6.689   -3.268    0.078    1.069    1.326    2.445    4.041    4.056    5.833
    6.967    7.382    8.466    9.136
            0.000000  0.164411  0.000000
   -9.143   -6.696   -3.266    0.096    1.057    1.309    2.443    4.060    4.072    5.864
    6.947    7.377    8.471    9.133
            0.000000  0.170283  0.000000
   -9.140   -6.704   -3.264    0.114    1.044    1.291    2.441    4.064    4.105    5.895
    6.925    7.371    8.475    9.131
            0.000000  0.176155  0.000000
   -9.137   -6.711   -3.262    0.132    1.032    1.273    2.438    4.068    4.138    5.925
    6.901    7.366    8.480    9.129
            0.000000  0.182026  0.000000
   -9.134   -6.719   -3.261    0.151    1.021    1.255    2.436    4.071    4.171    5.955
    6.875    7.361    8.484    9.126
            0.000000  0.187898  0.000000
   -9.131   -6.726   -3.259    0.169    1.009    1.236    2.434    4.075    4.206    5.985
    6.847    7.356    8.488    9.124
            0.000000  0.193770  0.000000
   -9.128   -6.733   -3.257    0.188    0.998    1.217    2.432    4.078    4.241    6.014
    6.818    7.351    8.492    9.122
            0.000000  0.199642  0.000000
   -9.125   -6.740   -3.255    0.206    0.988    1.198    2.430    4.081    4.277    6.041
    6.787    7.347    8.495    9.120
            0.000000  0.205514  0.000000
   -9.122   -6.746   -3.254    0.225    0.978    1.179    2.428    4.085    4.312    6.068
    6.755    7.343    8.499    9.118
            0.000000  0.211385  0.000000
   -9.120   -6.753   -3.252    0.244    0.968    1.160    2.427    4.087    4.348    6.094
    6.722    7.338    8.502    9.116
            0.000000  0.217257  0.000000
   -9.117   -6.759   -3.250    0.262    0.959    1.141    2.425    4.090    4.383    6.119
    6.689    7.335    8.504    9.114
            0.000000  0.223129  0.000000
   -9.115   -6.764   -3.249    0.280    0.951    1.122    2.424    4.093    4.418    6.143
    6.656    7.331    8.507    9.112
            0.000000  0.229001  0.000000
   -9.112   -6.769   -3.248    0.298    0.943    1.104    2.422    4.096    4.452    6.165
    6.623    7.328    8.510    9.110
            0.000000  0.234873  0.000000
   -9.110   -6.774   -3.246    0.315    0.936    1.087    2.421    4.098    4.485    6.186
    6.590    7.325    8.512    9.109
            0.000000  0.240745  0.000000
   -9.108   -6.779   -3.245    0.331    0.929    1.070    2.419    4.100    4.517    6.205
    6.559    7.322    8.514    9.108
            0.000000  0.246616  0.000000
   -9.107   -6.783   -3.244    0.346    0.923    1.054    2.418    4.102    4.546    6.222
    6.529    7.319    8.515    9.106
            0.000000  0.252488  0.000000
   -9.105   -6.786   -3.243    0.361    0.918    1.039    2.417    4.104    4.574    6.237
    6.501    7.317    8.517    9.105
            0.000000  0.258360  0.000000
   -9.104   -6.789   -3.242    0.374    0.913    1.025    2.417    4.105    4.599    6.251
    6.475    7.315    8.518    9.104
            0.000000  0.264232  0.000000
   -9.102   -6.792   -3.242    0.385    0.909    1.013    2.416    4.106    4.621    6.263
    6.453    7.313    8.519    9.103
            0.000000  0.270104  0.000000
   -9.101   -6.794   -3.241    0.395    0.906    1.003    2.415    4.107    4.640    6.272
    6.433    7.312    8.520    9.103
            0.000000  0.275975  0.000000
   -9.101   -6.796   -3.241    0.403    0.903    0.994    2.415    4.108    4.655    6.280
    6.418    7.311    8.521    9.102
            0.000000  0.281847  0.000000
   -9.100   -6.797   -3.240    0.409    0.902    0.988    2.414    4.109    4.665    6.285
    6.407    7.310    8.522    9.102
            0.000000  0.287719  0.000000
   -9.100   -6.798   -3.240    0.413    0.901    0.985    2.414    4.109    4.672    6.288
    6.400    7.310    8.522    9.102
            0.000000  0.293591  0.000000
   -9.100   -6.798   -3.240    0.414    0.900    0.983    2.414    4.109    4.674    6.290
    6.397    7.309    8.522    9.102
            0.008999  0.293591  0.000000
   -9.099   -6.797   -3.241    0.415    0.900    0.984    2.408    4.102    4.675    6.289
    6.398    7.318    8.531    9.095
            0.017998  0.293591  0.000000
   -9.096   -6.794   -3.242    0.417    0.899    0.987    2.389    4.081    4.676    6.287
    6.401    7.345    8.557    9.074
            0.026997  0.293591  0.000000
   -9.091   -6.789   -3.244    0.420    0.897    0.991    2.358    4.047    4.678    6.284
    6.405    7.389    8.600    9.041
            0.035997  0.293591  0.000000
   -9.084   -6.782   -3.247    0.425    0.893    0.998    2.316    4.000    4.680    6.279
    6.411    7.449    8.658    8.995
            0.044996  0.293591  0.000000
   -9.076   -6.773   -3.251    0.432    0.889    1.005    2.263    3.942    4.684    6.273
    6.419    7.526    8.731    8.939
            0.053995  0.293591  0.000000
   -9.065   -6.762   -3.257    0.439    0.884    1.015    2.202    3.874    4.688    6.264
    6.429    7.617    8.816    8.873
            0.062994  0.293591  0.000000
   -9.053   -6.749   -3.263    0.448    0.877    1.027    2.133    3.799    4.692    6.254
    6.440    7.723    8.798    8.913
            0.071993  0.293591  0.000000
   -9.039   -6.734   -3.271    0.459    0.868    1.040    2.057    3.717    4.698    6.241
    6.453    7.841    8.717    9.018
            0.080992  0.293591  0.000000
   -9.022   -6.717   -3.280    0.470    0.857    1.055    1.975    3.630    4.703    6.225
    6.468    7.971    8.630    9.130
            0.089991  0.293591  0.000000
   -9.004   -6.698   -3.290    0.483    0.844    1.072    1.890    3.540    4.709    6.207
    6.485    8.112    8.539    9.246
            0.098990  0.293591  0.000000
   -8.984   -6.677   -3.302    0.498    0.828    1.090    1.801    3.448    4.715    6.187
    6.503    8.262    8.444    9.365
            0.107990  0.293591  0.000000
   -8.962   -6.654   -3.316    0.513    0.808    1.110    1.710    3.356    4.722    6.164
    6.522    8.346    8.421    9.484
            0.116989  0.293591  0.000000
   -8.938   -6.629   -3.331    0.530    0.785    1.132    1.618    3.265    4.728    6.139
    6.544    8.247    8.587    9.599
            0.125988  0.293591  0.000000
   -8.913   -6.602   -3.349    0.548    0.756    1.155    1.526    3.176    4.734    6.111
    6.567    8.147    8.760    9.707
            0.134987  0.293591  0.000000
   -8.885   -6.573   -3.369    0.567    0.723    1.181    1.435    3.090    4.740    6.081
    6.592    8.047    8.940    9.804
            0.143986  0.293591  0.000000
   -8.856   -6.542   -3.392    0.588    0.684    1.208    1.345    3.010    4.745    6.047
    6.618    7.947    9.124    9.885
            0.152985  0.293591  0.000000
   -8.824   -6.509   -3.417    0.609    0.639    1.236    1.257    2.934    4.749    6.011
    6.646    7.849    9.313    9.945
            0.161984  0.293591  0.000000
   -8.791   -6.474   -3.445    0.587    0.632    1.171    1.266    2.865    4.752    5.973
    6.675    7.752    9.506    9.980
            0.170983  0.293591  0.000000
   -8.756   -6.437   -3.476    0.528    0.655    1.089    1.298    2.804    4.754    5.932
    6.706    7.658    9.701    9.989
            0.179983  0.293591  0.000000
   -8.719   -6.398   -3.510    0.462    0.680    1.010    1.332    2.749    4.754    5.888
    6.739    7.568    9.896    9.970
            0.188982  0.293591  0.000000
   -8.680   -6.357   -3.548    0.390    0.705    0.936    1.367    2.703    4.752    5.841
    6.772    7.481    9.927   10.091
            0.197981  0.293591  0.000000
   -8.640   -6.314   -3.589    0.310    0.731    0.865    1.403    2.664    4.747    5.792
    6.807    7.399    9.863   10.109
            0.206980  0.293591  0.000000
   -8.597   -6.270   -3.633    0.223    0.758    0.800    1.441    2.633    4.740    5.740
    6.843    7.322    9.784   10.003
            0.215979  0.293591  0.000000
   -8.553   -6.223   -3.681    0.131    0.740    0.786    1.481    2.609    4.730    5.686
    6.881    7.250    9.692    9.896
            0.224978  0.293591  0.000000
   -8.507   -6.174   -3.733    0.033    0.684    0.814    1.522    2.592    4.716    5.629
    6.919    7.185    9.592    9.789
            0.233977  0.293591  0.000000
   -8.459   -6.123   -3.789   -0.070    0.634    0.842    1.564    2.581    4.699    5.569
    6.958    7.126    9.485    9.683
            0.242976  0.293591  0.000000
   -8.409   -6.071   -3.848   -0.177    0.590    0.871    1.608    2.576    4.678    5.508
    6.998    7.074    9.374    9.578
            0.251976  0.293591  0.000000
   -8.358   -6.016   -3.911   -0.288    0.551    0.900    1.653    2.577    4.653    5.444
    7.030    7.039    9.260    9.474
            0.260975  0.293591  0.000000
   -8.305   -5.960   -3.977   -0.402    0.518    0.929    1.700    2.582    4.624    5.379
    6.993    7.080    9.145    9.372
            0.269974  0.293591  0.000000
   -8.250   -5.901   -4.047   -0.519    0.490    0.958    1.748    2.591    4.592    5.311
    6.964    7.121    9.029    9.273
            0.278973  0.293591  0.000000
   -8.193   -5.841   -4.120   -0.638    0.467    0.987    1.797    2.604    4.556    5.242
    6.943    7.161    8.913    9.176
            0.287972  0.293591  0.000000
   -8.134   -5.778   -4.196   -0.758    0.450    1.015    1.847    2.620    4.517    5.171
    6.929    7.201    8.798    9.083
            0.296971  0.293591  0.000000
   -8.074   -5.714   -4.275   -0.880    0.437    1.043    1.898    2.640    4.475    5.098
    6.922    7.239    8.683    8.995
            0.305970  0.293591  0.000000
   -8.012   -5.648   -4.357   -1.003    0.430    1.070    1.950    2.661    4.432    5.025
    6.922    7.275    8.571    8.911
            0.314969  0.293591  0.000000
   -7.949   -5.580   -4.442   -1.127    0.427    1.095    2.003    2.685    4.387    4.950
    6.928    7.308    8.460    8.834
            0.323969  0.293591  0.000000
   -7.884   -5.510   -4.528   -1.251    0.428    1.119    2.057    2.710    4.341    4.875
    6.941    7.337    8.351    8.764
            0.332968  0.293591  0.000000
   -7.817   -5.438   -4.617   -1.375    0.434    1.142    2.112    2.737    4.296    4.799
    6.959    7.361    8.245    8.703
            0.341967  0.293591  0.000000
   -7.748   -5.364   -4.707   -1.499    0.444    1.163    2.167    2.765    4.251    4.722
    6.983    7.378    8.142    8.653
            0.350966  0.293591  0.000000
   -7.678   -5.288   -4.799   -1.623    0.457    1.181    2.223    2.793    4.207    4.645
    7.011    7.387    8.042    8.614
            0.359965  0.293591  0.000000
   -7.606   -5.211   -4.893   -1.747    0.473    1.197    2.279    2.822    4.166    4.568
    7.045    7.387    7.945    8.588
            0.368964  0.293591  0.000000
   -7.533   -5.131   -4.987   -1.870    0.493    1.210    2.336    2.852    4.127    4.492
    7.082    7.378    7.852    8.575
            0.377963  0.293591  0.000000
   -7.458   -5.083   -5.050   -1.992    0.515    1.220    2.393    2.881    4.091    4.416
    7.123    7.360    7.763    8.576
            0.386962  0.293591  0.000000
   -7.382   -5.179   -4.967   -2.113    0.540    1.227    2.449    2.909    4.059    4.340
    7.168    7.334    7.678    8.589
            0.395962  0.293591  0.000000
   -7.304   -5.276   -4.882   -2.234    0.567    1.230    2.506    2.937    4.031    4.266
    7.215    7.302    7.598    8.614
            0.404961  0.293591  0.000000
   -7.225   -5.374   -4.795   -2.354    0.596    1.230    2.561    2.963    4.008    4.193
    7.264    7.266    7.523    8.649
            0.413960  0.293591  0.000000
   -7.144   -5.471   -4.706   -2.472    0.626    1.225    2.617    2.988    3.990    4.121
    7.223    7.320    7.453    8.692
            0.422959  0.293591  0.000000
   -7.062   -5.569   -4.616   -2.590    0.657    1.217    2.671    3.011    3.977    4.051
    7.180    7.376    7.388    8.634
            0.431958  0.293591  0.000000
   -6.979   -5.667   -4.524   -2.706    0.689    1.205    2.725    3.032    3.969    3.983
    7.136    7.329    7.434    8.529
            0.440957  0.293591  0.000000
   -6.894   -5.764   -4.430   -2.821    0.722    1.189    2.777    3.051    3.917    3.966
    7.093    7.276    7.495    8.427
            0.449956  0.293591  0.000000
   -6.808   -5.861   -4.334   -2.935    0.755    1.169    2.827    3.067    3.854    3.969
    7.052    7.230    7.557    8.326
            0.449956  0.293591  0.007263
   -6.808   -5.861   -4.334   -2.936    0.753    1.169    2.827    3.062    3.856    3.973
    7.049    7.229    7.563    8.331
            0.449956  0.293591  0.014526
   -6.807   -5.861   -4.334   -2.937    0.749    1.168    2.826    3.048    3.862    3.984
    7.040    7.226    7.579    8.343
            0.449956  0.293591  0.021790
   -6.805   -5.860   -4.333   -2.939    0.742    1.166    2.824    3.024    3.871    4.002
    7.025    7.223    7.605    8.362
            0.449956  0.293591  0.029053
   -6.802   -5.860   -4.333   -2.942    0.732    1.163    2.821    2.992    3.884    4.025
    7.005    7.221    7.640    8.388
            0.449956  0.293591  0.036316
   -6.799   -5.859   -4.332   -2.946    0.720    1.160    2.818    2.954    3.900    4.052
    6.982    7.220    7.681    8.418
            0.449956  0.293591  0.043579
   -6.795   -5.857   -4.332   -2.951    0.705    1.157    2.814    2.910    3.919    4.082
    6.956    7.223    7.728    8.450
            0.449956  0.293591  0.050843
   -6.790   -5.856   -4.331   -2.957    0.688    1.152    2.809    2.862    3.942    4.115
    6.929    7.229    7.780    8.484
            0.449956  0.293591  0.058106
   -6.784   -5.855   -4.330   -2.964    0.669    1.148    2.803    2.810    3.967    4.148
    6.902    7.240    7.836    8.516
            0.449956  0.293591  0.065369
   -6.778   -5.853   -4.328   -2.971    0.649    1.142    2.756    2.796    3.994    4.182
    6.875    7.255    7.896    8.547
            0.449956  0.293591  0.072632
   -6.771   -5.851   -4.327   -2.980    0.627    1.137    2.699    2.787    4.022    4.216
    6.849    7.275    7.960    8.575
            0.449956  0.293591  0.079895
   -6.763   -5.849   -4.325   -2.989    0.604    1.131    2.640    2.778    4.053    4.249
    6.826    7.300    8.026    8.601
            0.449956  0.293591  0.087159
   -6.755   -5.847   -4.324   -3.000    0.579    1.125    2.580    2.768    4.084    4.281
    6.805    7.330    8.094    8.623
            0.449956  0.293591  0.094422
   -6.746   -5.845   -4.322   -3.011    0.555    1.118    2.519    2.756    4.117    4.312
    6.788    7.365    8.164    8.644
            0.449956  0.293591  0.101685
   -6.736   -5.843   -4.319   -3.023    0.529    1.112    2.458    2.743    4.149    4.342
    6.775    7.405    8.236    8.662
            0.449956  0.293591  0.108948
   -6.725   -5.841   -4.317   -3.036    0.504    1.105    2.396    2.729    4.182    4.370
    6.766    7.450    8.308    8.678
            0.449956  0.293591  0.116212
   -6.714   -5.840   -4.314   -3.050    0.478    1.099    2.334    2.713    4.214    4.397
    6.761    7.500    8.380    8.693
            0.449956  0.293591  0.123475
   -6.702   -5.838   -4.311   -3.065    0.453    1.092    2.271    2.696    4.245    4.422
    6.762    7.554    8.451    8.707
            0.449956  0.293591  0.130738
   -6.690   -5.836   -4.308   -3.080    0.428    1.086    2.209    2.677    4.275    4.446
    6.767    7.613    8.520    8.721
            0.449956  0.293591  0.138001
   -6.677   -5.835   -4.304   -3.097    0.403    1.080    2.148    2.658    4.305    4.468
    6.778    7.676    8.587    8.733
            0.449956  0.293591  0.145264
   -6.663   -5.834   -4.300   -3.114    0.379    1.074    2.087    2.636    4.332    4.489
    6.794    7.743    8.648    8.746
            0.449956  0.293591  0.152528
   -6.649   -5.833   -4.295   -3.133    0.357    1.068    2.027    2.614    4.358    4.508
    6.816    7.813    8.704    8.758
            0.449956  0.293591  0.159791
   -6.634   -5.832   -4.290   -3.152    0.335    1.062    1.968    2.590    4.383    4.526
    6.842    7.887    8.751    8.770
            0.449956  0.293591  0.167054
   -6.618   -5.832   -4.285   -3.172    0.314    1.057    1.910    2.565    4.406    4.543
    6.873    7.963    8.783    8.789
            0.449956  0.293591  0.174317
   -6.602   -5.833   -4.279   -3.192    0.295    1.051    1.853    2.538    4.427    4.558
    6.909    8.042    8.795    8.817
            0.449956  0.293591  0.181580
   -6.586   -5.834   -4.272   -3.214    0.276    1.045    1.799    2.511    4.447    4.572
    6.950    8.122    8.808    8.834
            0.449956  0.293591  0.188844
   -6.569   -5.835   -4.265   -3.236    0.260    1.039    1.746    2.482    4.465    4.586
    6.994    8.203    8.821    8.842
            0.449956  0.293591  0.196107
   -6.551   -5.837   -4.258   -3.259    0.245    1.032    1.696    2.452    4.481    4.598
    7.042    8.283    8.836    8.844
            0.449956  0.293591  0.203370
   -6.533   -5.840   -4.249   -3.282    0.231    1.024    1.648    2.421    4.497    4.609
    7.093    8.362    8.842    8.851
            0.449956  0.293591  0.210633
   -6.515   -5.843   -4.240   -3.306    0.220    1.015    1.605    2.389    4.511    4.620
    7.147    8.434    8.843    8.867
            0.449956  0.293591  0.217897
   -6.496   -5.847   -4.231   -3.331    0.210    1.003    1.565    2.356    4.524    4.630
    7.203    8.495    8.851    8.884
            0.449956  0.293591  0.225160
   -6.477   -5.852   -4.220   -3.356    0.201    0.990    1.529    2.322    4.537    4.638
    7.261    8.538    8.875    8.903
            0.449956  0.293591  0.232423
   -6.458   -5.857   -4.209   -3.382    0.195    0.973    1.499    2.288    4.548    4.647
    7.319    8.559    8.920    8.923
            0.449956  0.293591  0.239686
   -6.438   -5.863   -4.197   -3.408    0.191    0.954    1.474    2.253    4.559    4.654
    7.378    8.560    8.946    8.983
            0.449956  0.293591  0.246949
   -6.418   -5.870   -4.184   -3.434    0.188    0.931    1.455    2.218    4.569    4.661
    7.437    8.549    8.970    9.057
            0.449956  0.293591  0.254213
   -6.398   -5.878   -4.170   -3.461    0.188    0.905    1.442    2.182    4.579    4.666
    7.495    8.530    8.998    9.136
            0.449956  0.293591  0.261476
   -6.377   -5.887   -4.156   -3.488    0.189    0.876    1.434    2.146    4.588    4.672
    7.552    8.507    9.027    9.218
            0.449956  0.293591  0.268739
   -6.357   -5.897   -4.140   -3.515    0.192    0.845    1.431    2.109    4.597    4.676
    7.608    8.481    9.060    9.299
            0.449956  0.293591  0.276002
   -6.336   -5.907   -4.124   -3.543    0.198    0.812    1.432    2.073    4.606    4.680
    7.662    8.455    9.095    9.378
            0.449956  0.293591  0.283266
   -6.315   -5.918   -4.107   -3.571    0.205    0.777    1.438    2.036    4.614    4.684
    7.713    8.427    9.134    9.453
            0.449956  0.293591  0.290529
   -6.294   -5.930   -4.089   -3.598    0.214    0.741    1.447    2.000    4.622    4.686
    7.762    8.399    9.175    9.523
            0.449956  0.293591  0.297792
   -6.273   -5.943   -4.070   -3.626    0.225    0.706    1.459    1.964    4.629    4.688
    7.809    8.372    9.219    9.585
            0.449956  0.293591  0.305055
   -6.252   -5.957   -4.051   -3.654    0.238    0.670    1.474    1.928    4.636    4.690
    7.853    8.344    9.265    9.638
            0.449956  0.293591  0.312318
   -6.231   -5.971   -4.030   -3.682    0.253    0.634    1.491    1.893    4.643    4.690
    7.894    8.316    9.314    9.680
            0.449956  0.293591  0.319582
   -6.210   -5.987   -4.009   -3.709    0.270    0.599    1.511    1.858    4.649    4.690
    7.933    8.289    9.364    9.711
            0.449956  0.293591  0.326845
   -6.190   -6.002   -3.987   -3.736    0.289    0.564    1.532    1.823    4.655    4.690
    7.969    8.262    9.414    9.728
            0.449956  0.293591  0.334108
   -6.169   -6.019   -3.965   -3.764    0.309    0.531    1.555    1.790    4.661    4.689
    8.004    8.235    9.465    9.733
            0.449956  0.293591  0.341371
   -6.149   -6.036   -3.942   -3.790    0.332    0.498    1.580    1.757    4.666    4.687
    8.036    8.208    9.515    9.726
            0.449956  0.293591  0.348635
   -6.129   -6.054   -3.918   -3.817    0.355    0.467    1.606    1.724    4.671    4.685
    8.067    8.181    9.562    9.708
            0.449956  0.293591  0.355898
   -6.110   -6.072   -3.893   -3.843    0.381    0.437    1.634    1.693    4.675    4.682
    8.097    8.153    9.607    9.682
            0.449956  0.293591  0.363161
   -6.091   -6.091   -3.868   -3.868    0.408    0.408    1.663    1.663    4.679    4.679
    8.125    8.125    9.647    9.647
            0.440957  0.293591  0.355898
   -6.153   -6.110   -3.848   -3.791    0.319    0.375    1.718    1.777    4.699    4.701
    8.077    8.142    9.565    9.646
            0.431958  0.293591  0.348635
   -6.225   -6.129   -3.827   -3.702    0.235    0.345    1.775    1.892    4.715    4.720
    8.024    8.169    9.476    9.642
            0.422959  0.293591  0.341371
   -6.304   -6.149   -3.806   -3.605    0.156    0.321    1.834    2.008    4.720    4.743
    7.965    8.207    9.384    9.636
            0.413960  0.293591  0.334108
   -6.388   -6.168   -3.785   -3.500    0.083    0.300    1.894    2.124    4.718    4.765
    7.902    8.256    9.294    9.628
            0.404961  0.293591  0.326845
   -6.477   -6.187   -3.764   -3.389    0.017    0.285    1.956    2.240    4.709    4.788
    7.835    8.315    9.207    9.615
            0.395962  0.293591  0.319582
   -6.568   -6.207   -3.744   -3.274   -0.043    0.275    2.019    2.356    4.693    4.811
    7.765    8.383    9.124    9.598
            0.386962  0.293591  0.312318
   -6.661   -6.226   -3.724   -3.156   -0.097    0.269    2.083    2.469    4.672    4.832
    7.694    8.458    9.046    9.575
            0.377963  0.293591  0.305055
   -6.756   -6.244   -3.705   -3.036   -0.143    0.270    2.147    2.580    4.648    4.851
    7.624    8.540    8.973    9.546
            0.368964  0.293591  0.297792
   -6.851   -6.263   -3.688   -2.914   -0.182    0.276    2.210    2.688    4.621    4.868
    7.557    8.626    8.902    9.511
            0.359965  0.293591  0.290529
   -6.946   -6.281   -3.671   -2.792   -0.213    0.287    2.273    2.792    4.593    4.881
    7.495    8.716    8.835    9.470
            0.350966  0.293591  0.283266
   -7.041   -6.299   -3.656   -2.670   -0.237    0.305    2.334    2.892    4.565    4.890
    7.443    8.770    8.807    9.422
            0.341967  0.293591  0.276002
   -7.135   -6.317   -3.642   -2.549   -0.252    0.329    2.392    2.985    4.538    4.893
    7.401    8.707    8.896    9.371
            0.332968  0.293591  0.268739
   -7.228   -6.335   -3.630   -2.430   -0.260    0.360    2.446    3.070    4.514    4.891
    7.373    8.645    8.973    9.323
            0.323969  0.293591  0.261476
   -7.320   -6.353   -3.619   -2.312   -0.260    0.397    2.497    3.147    4.495    4.884
    7.359    8.584    9.021    9.298
            0.314969  0.293591  0.254213
   -7.411   -6.370   -3.609   -2.196   -0.252    0.440    2.541    3.213    4.481    4.873
    7.361    8.524    9.011    9.324
            0.305970  0.293591  0.246949
   -7.500   -6.387   -3.601   -2.083   -0.236    0.491    2.580    3.267    4.474    4.860
    7.378    8.466    8.952    9.390
            0.296971  0.293591  0.239686
   -7.587   -6.404   -3.593   -1.974   -0.213    0.547    2.611    3.306    4.475    4.846
    7.409    8.411    8.872    9.471
            0.287972  0.293591  0.232423
   -7.673   -6.421   -3.587   -1.867   -0.182    0.611    2.635    3.330    4.484    4.836
    7.452    8.362    8.782    9.558
            0.278973  0.293591  0.225160
   -7.756   -6.438   -3.581   -1.764   -0.144    0.681    2.650    3.336    4.501    4.831
    7.502    8.320    8.687    9.645
            0.269974  0.293591  0.217897
   -7.838   -6.455   -3.575   -1.665   -0.100    0.756    2.658    3.323    4.526    4.833
    7.553    8.292    8.590    9.731
            0.260975  0.293591  0.210633
   -7.918   -6.471   -3.570   -1.569   -0.049    0.837    2.659    3.293    4.559    4.845
    7.597    8.285    8.495    9.815
            0.251976  0.293591  0.203370
   -7.995   -6.488   -3.564   -1.477    0.007    0.923    2.654    3.246    4.598    4.865
    7.625    8.307    8.402    9.897
            0.242976  0.293591  0.196107
   -8.070   -6.505   -3.558   -1.388    0.070    1.012    2.643    3.184    4.643    4.895
    7.630    8.313    8.362    9.976
            0.233977  0.293591  0.188844
   -8.143   -6.521   -3.552   -1.301    0.137    1.103    2.630    3.111    4.690    4.931
    7.614    8.230    8.448   10.054
            0.224978  0.293591  0.181580
   -8.213   -6.537   -3.546   -1.218    0.210    1.195    2.614    3.028    4.739    4.974
    7.582    8.155    8.559   10.128
            0.215979  0.293591  0.174317
   -8.281   -6.553   -3.538   -1.137    0.286    1.286    2.600    2.938    4.787    5.021
    7.540    8.090    8.688   10.199
            0.206980  0.293591  0.167054
   -8.346   -6.570   -3.530   -1.058    0.367    1.374    2.589    2.842    4.833    5.073
    7.491    8.035    8.829   10.262
            0.197981  0.293591  0.159791
   -8.409   -6.585   -3.520   -0.982    0.450    1.454    2.585    2.744    4.875    5.127
    7.439    7.993    8.978   10.287
            0.188982  0.293591  0.152528
   -8.470   -6.601   -3.510   -0.906    0.536    1.524    2.591    2.644    4.912    5.183
    7.385    7.964    9.131   10.251
            0.179983  0.293591  0.145264
   -8.527   -6.617   -3.499   -0.832    0.624    1.580    2.544    2.611    4.941    5.241
    7.330    7.950    9.279   10.192
            0.170983  0.293591  0.138001
   -8.582   -6.632   -3.486   -0.759    0.712    1.618    2.446    2.648    4.962    5.300
    7.274    7.950    9.404   10.034
            0.161984  0.293591  0.130738
   -8.635   -6.647   -3.472   -0.687    0.800    1.638    2.352    2.703    4.975    5.359
    7.220    7.965    9.452    9.946
            0.152985  0.293591  0.123475
   -8.684   -6.661   -3.458   -0.615    0.887    1.641    2.262    2.773    4.980    5.419
    7.165    7.995    9.367    9.947
            0.143986  0.293591  0.116212
   -8.731   -6.675   -3.442   -0.544    0.970    1.629    2.180    2.858    4.977    5.479
    7.112    8.038    9.208    9.849
            0.134987  0.293591  0.108948
   -8.776   -6.689   -3.426   -0.473    1.046    1.605    2.108    2.953    4.967    5.539
    7.060    8.094    9.029    9.745
            0.125988  0.293591  0.101685
   -8.817   -6.702   -3.409   -0.402    1.113    1.571    2.049    3.055    4.951    5.598
    7.009    8.160    8.846    9.637
            0.116989  0.293591  0.094422
   -8.856   -6.714   -3.392   -0.332    1.165    1.529    2.008    3.161    4.930    5.657
    6.959    8.234    8.665    9.526
            0.107990  0.293591  0.087159
   -8.892   -6.726   -3.375   -0.261    1.198    1.483    1.989    3.269    4.905    5.715
    6.910    8.315    8.490    9.414
            0.098990  0.293591  0.079895
   -8.925   -6.737   -3.357   -0.191    1.212    1.432    1.993    3.377    4.878    5.772
    6.862    8.321    8.401    9.304
            0.089991  0.293591  0.072632
   -8.955   -6.747   -3.340   -0.121    1.206    1.377    2.019    3.484    4.850    5.828
    6.815    8.162    8.488    9.196
            0.080992  0.293591  0.065369
   -8.983   -6.756   -3.324   -0.052    1.186    1.321    2.061    3.586    4.822    5.883
    6.769    8.012    8.574    9.093
            0.071993  0.293591  0.058106
   -9.007   -6.765   -3.308    0.017    1.157    1.263    2.113    3.684    4.794    5.937
    6.723    7.874    8.655    8.999
            0.062994  0.293591  0.050843
   -9.029   -6.772   -3.294    0.085    1.125    1.204    2.169    3.775    4.768    5.990
    6.677    7.748    8.720    8.925
            0.053995  0.293591  0.043579
   -9.048   -6.779   -3.280    0.151    1.092    1.145    2.225    3.858    4.745    6.042
    6.632    7.635    8.733    8.904
            0.044996  0.293591  0.036316
   -9.063   -6.785   -3.269    0.214    1.061    1.087    2.277    3.931    4.724    6.092
    6.586    7.538    8.690    8.942
            0.035997  0.293591  0.029053
   -9.077   -6.790   -3.259    0.274    1.032    1.035    2.324    3.993    4.706    6.141
    6.541    7.457    8.636    8.993
            0.026997  0.293591  0.021790
   -9.087   -6.793   -3.251    0.328    0.982    1.013    2.362    4.043    4.693    6.188
    6.496    7.393    8.588    9.038
            0.017998  0.293591  0.014526
   -9.094   -6.796   -3.245    0.373    0.940    0.997    2.391    4.080    4.682    6.233
    6.453    7.347    8.552    9.073
            0.008999  0.293591  0.007263
   -9.098   -6.798   -3.241    0.403    0.911    0.987    2.408    4.102    4.676    6.271
    6.416    7.319    8.529    9.094
            0.000000  0.293591  0.000000
   -9.100   -6.798   -3.240    0.414    0.900    0.983    2.414    4.109    4.674    6.290
    6.397    7.309    8.522    9.102
            0.000000  0.293591  0.007263
   -9.099   -6.799   -3.241    0.402    0.911    0.986    2.415    4.109    4.676    6.272
    6.415    7.310    8.521    9.101
            0.000000  0.293591  0.014526
   -9.098   -6.800   -3.243    0.370    0.941    0.993    2.416    4.108    4.681    6.234
    6.451    7.311    8.517    9.100
            0.000000  0.293591  0.021790
   -9.095   -6.802   -3.247    0.323    0.984    1.005    2.418    4.106    4.689    6.189
    6.493    7.314    8.510    9.098
            0.000000  0.293591  0.029053
   -9.092   -6.806   -3.252    0.266    1.022    1.036    2.420    4.103    4.701    6.142
    6.536    7.317    8.502    9.095
            0.000000  0.293591  0.036316
   -9.087   -6.810   -3.258    0.202    1.044    1.093    2.424    4.100    4.715    6.094
    6.580    7.321    8.490    9.092
            0.000000  0.293591  0.043579
   -9.082   -6.815   -3.266    0.134    1.070    1.152    2.428    4.096    4.733    6.045
    6.623    7.327    8.476    9.088
            0.000000  0.293591  0.050843
   -9.076   -6.821   -3.274    0.064    1.100    1.213    2.434    4.091    4.754    5.994
    6.666    7.333    8.460    9.083
            0.000000  0.293591  0.058106
   -9.068   -6.828   -3.284   -0.009    1.135    1.274    2.439    4.086    4.777    5.943
    6.709    7.341    8.441    9.078
            0.000000  0.293591  0.065369
   -9.060   -6.837   -3.294   -0.083    1.174    1.336    2.446    4.080    4.803    5.891
    6.751    7.350    8.420    9.072
            0.000000  0.293591  0.072632
   -9.050   -6.846   -3.305   -0.159    1.218    1.397    2.454    4.073    4.832    5.839
    6.793    7.361    8.396    9.066
            0.000000  0.293591  0.079895
   -9.040   -6.856   -3.317   -0.235    1.265    1.458    2.462    4.065    4.864    5.786
    6.834    7.374    8.371    9.060
            0.000000  0.293591  0.087159
   -9.029   -6.867   -3.328   -0.312    1.315    1.518    2.471    4.057    4.898    5.732
    6.874    7.388    8.343    9.054
            0.000000  0.293591  0.094422
   -9.017   -6.880   -3.340   -0.389    1.369    1.578    2.481    4.047    4.933    5.678
    6.913    7.404    8.313    9.047
            0.000000  0.293591  0.101685
   -9.003   -6.893   -3.351   -0.466    1.427    1.637    2.491    4.037    4.971    5.623
    6.951    7.422    8.281    9.041
            0.000000  0.293591  0.108948
   -8.989   -6.908   -3.363   -0.543    1.487    1.695    2.502    4.027    5.010    5.567
    6.987    7.443    8.248    9.034
            0.000000  0.293591  0.116212
   -8.974   -6.924   -3.374   -0.621    1.551    1.752    2.515    4.015    5.050    5.512
    7.023    7.466    8.213    9.028
            0.000000  0.293591  0.123475
   -8.958   -6.941   -3.384   -0.698    1.617    1.809    2.527    4.003    5.091    5.455
    7.057    7.492    8.176    9.022
            0.000000  0.293591  0.130738
   -8.941   -6.959   -3.393   -0.775    1.686    1.864    2.541    3.990    5.133    5.398
    7.089    7.521    8.139    9.016
            0.000000  0.293591  0.138001
   -8.924   -6.978   -3.402   -0.852    1.757    1.919    2.555    3.976    5.175    5.341
    7.120    7.552    8.101    9.011
            0.000000  0.293591  0.145264
   -8.905   -6.998   -3.409   -0.929    1.831    1.974    2.570    3.962    5.216    5.283
    7.150    7.585    8.062    9.007
            0.000000  0.293591  0.152528
   -8.885   -7.020   -3.415   -1.005    1.907    2.027    2.585    3.947    5.225    5.257
    7.179    7.621    8.024    9.003
            0.000000  0.293591  0.159791
   -8.865   -7.042   -3.420   -1.081    1.984    2.080    2.602    3.931    5.167    5.297
    7.206    7.659    7.986    9.000
            0.000000  0.293591  0.167054
   -8.843   -7.066   -3.424   -1.156    2.064    2.133    2.618    3.914    5.109    5.335
    7.232    7.700    7.948    8.998
            0.000000  0.293591  0.174317
   -8.821   -7.091   -3.426   -1.231    2.145    2.185    2.636    3.897    5.050    5.370
    7.258    7.742    7.912    8.997
            0.000000  0.293591  0.181580
   -8.798   -7.117   -3.427   -1.305    2.228    2.236    2.654    3.879    4.991    5.403
    7.283    7.786    7.878    8.997
            0.000000  0.293591  0.188844
   -8.774   -7.144   -3.425   -1.378    2.288    2.312    2.673    3.860    4.932    5.432
    7.308    7.831    7.846    8.998
            0.000000  0.293591  0.196107
   -8.749   -7.172   -3.422   -1.451    2.338    2.397    2.692    3.841    4.873    5.456
    7.332    7.817    7.877    9.000
            0.000000  0.293591  0.203370
   -8.723   -7.201   -3.418   -1.523    2.389    2.484    2.713    3.821    4.814    5.476
    7.356    7.791    7.924    9.003
            0.000000  0.293591  0.210633
   -8.697   -7.231   -3.411   -1.594    2.439    2.571    2.733    3.800    4.755    5.491
    7.380    7.768    7.972    9.007
            0.000000  0.293591  0.217897
   -8.670   -7.262   -3.403   -1.664    2.489    2.660    2.754    3.779    4.696    5.499
    7.404    7.750    8.021    9.013
            0.000000  0.293591  0.225160
   -8.642   -7.294   -3.392   -1.734    2.539    2.749    2.776    3.757    4.637    5.502
    7.429    7.736    8.069    9.020
            0.000000  0.293591  0.232423
   -8.613   -7.326   -3.380   -1.802    2.589    2.798    2.838    3.734    4.578    5.498
    7.453    7.726    8.118    9.029
            0.000000  0.293591  0.239686
   -8.583   -7.360   -3.366   -1.870    2.639    2.821    2.928    3.711    4.520    5.487
    7.477    7.720    8.167    9.039
            0.000000  0.293591  0.246949
   -8.553   -7.394   -3.350   -1.937    2.689    2.844    3.019    3.687    4.462    5.469
    7.502    7.719    8.216    9.050
            0.000000  0.293591  0.254213
   -8.522   -7.429   -3.332   -2.002    2.739    2.868    3.109    3.663    4.404    5.444
    7.526    7.721    8.264    9.063
            0.000000  0.293591  0.261476
   -8.491   -7.464   -3.312   -2.067    2.789    2.892    3.199    3.639    4.347    5.413
    7.550    7.727    8.311    9.078
            0.000000  0.293591  0.268739
   -8.458   -7.500   -3.290   -2.130    2.840    2.917    3.289    3.614    4.291    5.376
    7.575    7.736    8.357    9.094
            0.000000  0.293591  0.276002
   -8.426   -7.537   -3.266   -2.193    2.890    2.942    3.378    3.588    4.236    5.332
    7.599    7.746    8.403    9.111
            0.000000  0.293591  0.283266
   -8.392   -7.574   -3.241   -2.254    2.940    2.967    3.466    3.563    4.183    5.284
    7.623    7.759    8.447    9.130
            0.000000  0.293591  0.290529
   -8.358   -7.611   -3.213   -2.314    2.991    2.993    3.536    3.550    4.133    5.230
    7.647    7.771    8.490    9.148
            0.000000  0.293591  0.297792
   -8.324   -7.649   -3.184   -2.373    3.019    3.042    3.510    3.630    4.088    5.172
    7.670    7.784    8.532    9.111
            0.000000  0.293591  0.305055
   -8.288   -7.686   -3.152   -2.430    3.045    3.093    3.483    3.699    4.054    5.109
    7.692    7.797    8.572    9.076
            0.000000  0.293591  0.312318
   -8.253   -7.725   -3.119   -2.486    3.072    3.145    3.456    3.746    4.041    5.043
    7.713    7.808    8.610    9.042
            0.000000  0.293591  0.319582
   -8.217   -7.763   -3.085   -2.541    3.099    3.196    3.429    3.758    4.063    4.974
    7.734    7.817    8.646    9.010
            0.000000  0.293591  0.326845
   -8.180   -7.801   -3.048   -2.595    3.126    3.248    3.402    3.739    4.116    4.902
    7.753    7.825    8.681    8.979
            0.000000  0.293591  0.334108
   -8.144   -7.840   -3.010   -2.647    3.153    3.300    3.374    3.703    4.186    4.827
    7.771    7.830    8.714    8.949
            0.000000  0.293591  0.341371
   -8.106   -7.878   -2.970   -2.697    3.181    3.347    3.352    3.658    4.264    4.750
    7.786    7.832    8.746    8.920
            0.000000  0.293591  0.348635
   -8.069   -7.917   -2.929   -2.747    3.208    3.319    3.404    3.610    4.345    4.671
    7.800    7.831    8.777    8.891
            0.000000  0.293591  0.355898
   -8.031   -7.955   -2.885   -2.795    3.236    3.291    3.456    3.559    4.427    4.590
    7.812    7.827    8.806    8.863
            0.000000  0.293591  0.363161
   -7.993   -7.993   -2.841   -2.841    3.263    3.263    3.508    3.508    4.509    4.509
    7.821    7.821    8.835    8.835
            0.000000  0.287719  0.355898
   -8.031   -7.955   -2.885   -2.794    3.236    3.291    3.454    3.557    4.428    4.591
    7.812    7.827    8.808    8.865
            0.000000  0.281847  0.348635
   -8.069   -7.917   -2.927   -2.745    3.208    3.319    3.396    3.602    4.348    4.674
    7.801    7.831    8.783    8.898
            0.000000  0.275975  0.341371
   -8.107   -7.879   -2.967   -2.694    3.181    3.333    3.347    3.643    4.271    4.756
    7.789    7.833    8.759    8.935
            0.000000  0.270104  0.334108
   -8.145   -7.840   -3.005   -2.641    3.154    3.266    3.374    3.677    4.198    4.836
    7.775    7.831    8.737    8.977
            0.000000  0.264232  0.326845
   -8.182   -7.802   -3.040   -2.586    3.127    3.195    3.402    3.706    4.130    4.915
    7.760    7.827    8.715    9.024
            0.000000  0.258360  0.319582
   -8.219   -7.764   -3.073   -2.528    3.100    3.120    3.429    3.724    4.070    4.991
    7.744    7.820    8.693    9.076
            0.000000  0.252488  0.312318
   -8.256   -7.725   -3.104   -2.469    3.042    3.074    3.456    3.729    4.024    5.063
    7.728    7.812    8.672    9.133
            0.000000  0.246616  0.305055
   -8.293   -7.687   -3.133   -2.407    2.960    3.048    3.483    3.715    3.997    5.130
    7.711    7.803    8.651    9.187
            0.000000  0.240745  0.297792
   -8.329   -7.649   -3.160   -2.344    2.876    3.022    3.509    3.681    3.990    5.193
    7.695    7.793    8.630    9.161
            0.000000  0.234873  0.290529
   -8.365   -7.611   -3.185   -2.278    2.790    2.997    3.535    3.632    3.996    5.249
    7.679    7.783    8.608    9.137
            0.000000  0.229001  0.283266
   -8.401   -7.573   -3.207   -2.211    2.702    2.972    3.561    3.575    4.011    5.298
    7.664    7.774    8.587    9.114
            0.000000  0.223129  0.276002
   -8.436   -7.535   -3.228   -2.143    2.613    2.948    3.513    3.586    4.030    5.340
    7.652    7.765    8.566    9.093
            0.000000  0.217257  0.268739
   -8.471   -7.497   -3.246   -2.072    2.523    2.924    3.449    3.610    4.051    5.372
    7.642    7.757    8.545    9.073
            0.000000  0.211385  0.261476
   -8.506   -7.459   -3.263   -2.000    2.434    2.901    3.384    3.634    4.074    5.396
    7.636    7.749    8.523    9.056
            0.000000  0.205514  0.254213
   -8.540   -7.422   -3.278   -1.927    2.344    2.878    3.317    3.657    4.098    5.410
    7.634    7.741    8.502    9.039
            0.000000  0.199642  0.246949
   -8.573   -7.384   -3.291   -1.852    2.255    2.856    3.250    3.680    4.123    5.415
    7.637    7.734    8.481    9.025
            0.000000  0.193770  0.239686
   -8.606   -7.347   -3.303   -1.776    2.167    2.834    3.182    3.702    4.148    5.409
    7.645    7.728    8.460    9.012
            0.000000  0.187898  0.232423
   -8.638   -7.310   -3.313   -1.699    2.081    2.813    3.113    3.723    4.174    5.395
    7.657    7.721    8.439    9.002
            0.000000  0.182026  0.225160
   -8.670   -7.274   -3.321   -1.622    1.996    2.793    3.045    3.743    4.200    5.371
    7.672    7.717    8.417    8.993
            0.000000  0.176155  0.217897
   -8.701   -7.237   -3.328   -1.543    1.913    2.773    2.976    3.762    4.228    5.339
    7.684    7.720    8.395    8.985
            0.000000  0.170283  0.210633
   -8.731   -7.201   -3.334   -1.465    1.833    2.754    2.907    3.781    4.256    5.300
    7.684    7.737    8.372    8.980
            0.000000  0.164411  0.203370
   -8.761   -7.166   -3.338   -1.386    1.756    2.736    2.838    3.798    4.285    5.253
    7.678    7.764    8.348    8.976
            0.000000  0.158539  0.196107
   -8.790   -7.131   -3.341   -1.306    1.681    2.718    2.770    3.815    4.314    5.201
    7.670    7.795    8.323    8.974
            0.000000  0.152667  0.188844
   -8.818   -7.096   -3.344   -1.228    1.610    2.701    2.701    3.831    4.345    5.144
    7.660    7.828    8.295    8.973
            0.000000  0.146795  0.181580
   -8.846   -7.061   -3.345   -1.149    1.543    2.633    2.685    3.845    4.377    5.082
    7.649    7.863    8.266    8.975
            0.000000  0.140924  0.174317
   -8.872   -7.028   -3.345   -1.072    1.480    2.565    2.669    3.859    4.410    5.017
    7.638    7.898    8.235    8.977
            0.000000  0.135052  0.167054
   -8.898   -6.994   -3.345   -0.996    1.421    2.498    2.654    3.872    4.445    4.950
    7.626    7.934    8.201    8.982
            0.000000  0.129180  0.159791
   -8.923   -6.962   -3.344   -0.921    1.367    2.431    2.639    3.885    4.480    4.879
    7.614    7.968    8.165    8.987
            0.000000  0.123308  0.152528
   -8.946   -6.930   -3.342   -0.848    1.317    2.366    2.625    3.896    4.516    4.808
    7.602    8.000    8.127    8.994
            0.000000  0.117436  0.145264
   -8.969   -6.899   -3.340   -0.778    1.274    2.301    2.612    3.906    4.552    4.736
    7.589    8.024    8.093    9.002
            0.000000  0.111565  0.138001
   -8.991   -6.869   -3.338   -0.711    1.235    2.238    2.600    3.916    4.584    4.670
    7.576    8.013    8.090    9.011
            0.000000  0.105693  0.130738
   -9.012   -6.839   -3.336   -0.646    1.203    2.176    2.588    3.925    4.568    4.652
    7.562    7.971    8.113    9.021
            0.000000  0.099821  0.123475
   -9.032   -6.811   -3.333   -0.586    1.177    2.115    2.577    3.933    4.501    4.685
    7.548    7.921    8.140    9.032
            0.000000  0.093949  0.116212
   -9.051   -6.784   -3.330   -0.530    1.158    2.057    2.567    3.940    4.429    4.726
    7.533    7.868    8.167    9.044
            0.000000  0.088077  0.108948
   -9.069   -6.757   -3.327   -0.478    1.145    2.000    2.557    3.947    4.356    4.769
    7.516    7.813    8.192    9.056
            0.000000  0.082205  0.101685
   -9.086   -6.732   -3.324   -0.431    1.138    1.946    2.548    3.953    4.284    4.814
    7.498    7.758    8.216    9.068
            0.000000  0.076334  0.094422
   -9.102   -6.709   -3.321   -0.389    1.137    1.894    2.540    3.958    4.214    4.859
    7.476    7.706    8.237    9.080
            0.000000  0.070462  0.087159
   -9.116   -6.686   -3.319   -0.352    1.142    1.844    2.532    3.963    4.145    4.905
    7.449    7.658    8.257    9.093
            0.000000  0.064590  0.079895
   -9.130   -6.665   -3.316   -0.319    1.152    1.798    2.525    3.967    4.079    4.950
    7.415    7.618    8.275    9.105
            0.000000  0.058718  0.072632
   -9.142   -6.646   -3.314   -0.292    1.167    1.755    2.518    3.970    4.016    4.996
    7.373    7.586    8.291    9.117
            0.000000  0.052846  0.065369
   -9.154   -6.628   -3.312   -0.268    1.184    1.715    2.512    3.956    3.974    5.041
    7.325    7.562    8.305    9.128
            0.000000  0.046975  0.058106
   -9.164   -6.611   -3.310   -0.249    1.204    1.679    2.507    3.900    3.976    5.084
    7.274    7.544    8.318    9.138
            0.000000  0.041103  0.050843
   -9.173   -6.597   -3.308   -0.232    1.225    1.647    2.503    3.849    3.979    5.126
    7.223    7.531    8.328    9.148
            0.000000  0.035231  0.043579
   -9.181   -6.584   -3.307   -0.219    1.246    1.619    2.499    3.802    3.981    5.165
    7.173    7.521    8.338    9.157
            0.000000  0.029359  0.036316
   -9.187   -6.573   -3.306   -0.209    1.265    1.595    2.495    3.762    3.982    5.200
    7.128    7.513    8.345    9.164
            0.000000  0.023487  0.029053
   -9.193   -6.564   -3.305   -0.201    1.282    1.577    2.493    3.728    3.984    5.230
    7.088    7.507    8.352    9.171
            0.000000  0.017615  0.021790
   -9.197   -6.557   -3.304   -0.195    1.296    1.562    2.490    3.701    3.985    5.255
    7.056    7.502    8.356    9.176
            0.000000  0.011744  0.014526
   -9.200   -6.552   -3.304   -0.191    1.306    1.552    2.489    3.681    3.985    5.274
    7.031    7.499    8.360    9.180
            0.000000  0.005872  0.007263
   -9.202   -6.549   -3.303   -0.188    1.312    1.546    2.488    3.669    3.986    5.286
    7.016    7.497    8.362    9.182
            0.000000  0.000000  0.000000
   -9.202   -6.548   -3.303   -0.187    1.314    1.544    2.488    3.665    3.986    5.290
    7.011    7.497    8.363    9.183
