Dynamical matrix file
phonons of STO                                                             
  3    5  0  7.2266000  0.0000000  0.0000000  0.0000000  0.0000000  0.0000000
Basis vectors
      0.990000000    0.000000000    0.000000000
      0.000000000    0.990000000    0.000000000
      0.000000000    0.000000000    0.990000000
           1  'Sr  '    79860.744495629726     
           2  'Ti  '    43628.101538145485     
           3  'O   '    14582.561007571081     
    1    1      0.0000000000      0.0000000000      0.0000000000
    2    2      0.4950000000      0.4950000000      0.4950000000
    3    3      0.4950000000      0.0000000000      0.4950000000
    4    3      0.4950000000      0.4950000000      0.0000000000
    5    3      0.0000000000      0.4950000000      0.4950000000

     Dynamical  Matrix in cartesian axes

     q = (    0.000000000   0.000000000   0.000000000 ) 

    1    1
  0.03097809  0.00000000    0.00000000  0.00000000    0.00000000  0.00000000
  0.00000000  0.00000000    0.03097809  0.00000000    0.00000000  0.00000000
  0.00000000  0.00000000    0.00000000  0.00000000    0.03097809  0.00000000
    1    2
 -0.05055936  0.00000000    0.00000000  0.00000000    0.00000000  0.00000000
  0.00000000  0.00000000   -0.05055936  0.00000000    0.00000000  0.00000000
  0.00000000  0.00000000    0.00000000  0.00000000   -0.05055936  0.00000000
    1    3
  0.02070087  0.00000000    0.00000000  0.00000000    0.00000000  0.00000000
  0.00000000  0.00000000   -0.02293867  0.00000000    0.00000000  0.00000000
  0.00000000  0.00000000    0.00000000  0.00000000    0.02070087  0.00000000
    1    4
  0.02070087  0.00000000    0.00000000  0.00000000    0.00000000  0.00000000
  0.00000000  0.00000000    0.02070087  0.00000000    0.00000000  0.00000000
  0.00000000  0.00000000    0.00000000  0.00000000   -0.02293867  0.00000000
    1    5
 -0.02293867  0.00000000    0.00000000  0.00000000    0.00000000  0.00000000
  0.00000000  0.00000000    0.02070087  0.00000000    0.00000000  0.00000000
  0.00000000  0.00000000    0.00000000  0.00000000    0.02070087  0.00000000
    2    1
 -0.05055936  0.00000000    0.00000000  0.00000000    0.00000000  0.00000000
  0.00000000  0.00000000   -0.05055936  0.00000000    0.00000000  0.00000000
  0.00000000  0.00000000    0.00000000  0.00000000   -0.05055936  0.00000000
    2    2
  0.03024192  0.00000000    0.00000000  0.00000000    0.00000000  0.00000000
  0.00000000  0.00000000    0.03024192  0.00000000    0.00000000  0.00000000
  0.00000000  0.00000000    0.00000000  0.00000000    0.03024192  0.00000000
    2    3
  0.01140479  0.00000000    0.00000000  0.00000000    0.00000000  0.00000000
  0.00000000  0.00000000   -0.00873394  0.00000000    0.00000000  0.00000000
  0.00000000  0.00000000    0.00000000  0.00000000    0.01140479  0.00000000
    2    4
  0.01140479  0.00000000    0.00000000  0.00000000    0.00000000  0.00000000
  0.00000000  0.00000000    0.01140479  0.00000000    0.00000000  0.00000000
  0.00000000  0.00000000    0.00000000  0.00000000   -0.00873394  0.00000000
    2    5
 -0.00873394  0.00000000    0.00000000  0.00000000    0.00000000  0.00000000
  0.00000000  0.00000000    0.01140479  0.00000000    0.00000000  0.00000000
  0.00000000  0.00000000    0.00000000  0.00000000    0.01140479  0.00000000
    3    1
  0.02070087  0.00000000    0.00000000  0.00000000    0.00000000  0.00000000
  0.00000000  0.00000000   -0.02293867  0.00000000    0.00000000  0.00000000
  0.00000000  0.00000000    0.00000000  0.00000000    0.02070087  0.00000000
    3    2
  0.01140479  0.00000000    0.00000000  0.00000000    0.00000000  0.00000000
  0.00000000  0.00000000   -0.00873394  0.00000000    0.00000000  0.00000000
  0.00000000  0.00000000    0.00000000  0.00000000    0.01140479  0.00000000
    3    3
  0.10349781  0.00000000    0.00000000  0.00000000    0.00000000  0.00000000
  0.00000000  0.00000000    0.32704183  0.00000000    0.00000000  0.00000000
  0.00000000  0.00000000    0.00000000  0.00000000    0.10349781  0.00000000
    3    4
  0.02745555  0.00000000    0.00000000  0.00000000    0.00000000  0.00000000
  0.00000000  0.00000000   -0.13039714  0.00000000    0.00000000  0.00000000
  0.00000000  0.00000000    0.00000000  0.00000000   -0.13039714  0.00000000
    3    5
 -0.13039714  0.00000000    0.00000000  0.00000000    0.00000000  0.00000000
  0.00000000  0.00000000   -0.13039714  0.00000000    0.00000000  0.00000000
  0.00000000  0.00000000    0.00000000  0.00000000    0.02745555  0.00000000
    4    1
  0.02070087  0.00000000    0.00000000  0.00000000    0.00000000  0.00000000
  0.00000000  0.00000000    0.02070087  0.00000000    0.00000000  0.00000000
  0.00000000  0.00000000    0.00000000  0.00000000   -0.02293867  0.00000000
    4    2
  0.01140479  0.00000000    0.00000000  0.00000000    0.00000000  0.00000000
  0.00000000  0.00000000    0.01140479  0.00000000    0.00000000  0.00000000
  0.00000000  0.00000000    0.00000000  0.00000000   -0.00873394  0.00000000
    4    3
  0.02745555  0.00000000    0.00000000  0.00000000    0.00000000  0.00000000
  0.00000000  0.00000000   -0.13039714  0.00000000    0.00000000  0.00000000
  0.00000000  0.00000000    0.00000000  0.00000000   -0.13039714  0.00000000
    4    4
  0.10349781  0.00000000    0.00000000  0.00000000    0.00000000  0.00000000
  0.00000000  0.00000000    0.10349781  0.00000000    0.00000000  0.00000000
  0.00000000  0.00000000    0.00000000  0.00000000    0.32704183  0.00000000
    4    5
 -0.13039714  0.00000000    0.00000000  0.00000000    0.00000000  0.00000000
  0.00000000  0.00000000    0.02745555  0.00000000    0.00000000  0.00000000
  0.00000000  0.00000000    0.00000000  0.00000000   -0.13039714  0.00000000
    5    1
 -0.02293867  0.00000000    0.00000000  0.00000000    0.00000000  0.00000000
  0.00000000  0.00000000    0.02070087  0.00000000    0.00000000  0.00000000
  0.00000000  0.00000000    0.00000000  0.00000000    0.02070087  0.00000000
    5    2
 -0.00873394  0.00000000    0.00000000  0.00000000    0.00000000  0.00000000
  0.00000000  0.00000000    0.01140479  0.00000000    0.00000000  0.00000000
  0.00000000  0.00000000    0.00000000  0.00000000    0.01140479  0.00000000
    5    3
 -0.13039714  0.00000000    0.00000000  0.00000000    0.00000000  0.00000000
  0.00000000  0.00000000   -0.13039714  0.00000000    0.00000000  0.00000000
  0.00000000  0.00000000    0.00000000  0.00000000    0.02745555  0.00000000
    5    4
 -0.13039714  0.00000000    0.00000000  0.00000000    0.00000000  0.00000000
  0.00000000  0.00000000    0.02745555  0.00000000    0.00000000  0.00000000
  0.00000000  0.00000000    0.00000000  0.00000000   -0.13039714  0.00000000
    5    5
  0.32704183  0.00000000    0.00000000  0.00000000    0.00000000  0.00000000
  0.00000000  0.00000000    0.10349781  0.00000000    0.00000000  0.00000000
  0.00000000  0.00000000    0.00000000  0.00000000    0.10349781  0.00000000

     Dielectric Tensor:

          5.705346797008          0.000000000000          0.000000000000
          0.000000000000          5.705346797008          0.000000000000
          0.000000000000          0.000000000000          5.705346797008

     Effective Charges E-U: Z_{alpha}{s,beta}

     atom #    1
          2.564242537609          0.000000000000          0.000000000000
          0.000000000000          2.564242537609          0.000000000000
          0.000000000000          0.000000000000          2.564242537609
     atom #    2
          6.820387616843          0.000000000000          0.000000000000
          0.000000000000          6.820387616843          0.000000000000
          0.000000000000          0.000000000000          6.820387616843
     atom #    3
         -1.983573304842          0.000000000000          0.000000000000
          0.000000000000         -5.300716523226          0.000000000000
          0.000000000000          0.000000000000         -1.983573304842
     atom #    4
         -1.983573304842          0.000000000000          0.000000000000
          0.000000000000         -1.983573304842          0.000000000000
          0.000000000000          0.000000000000         -5.300716523226
     atom #    5
         -5.300716523226          0.000000000000          0.000000000000
          0.000000000000         -1.983573304842          0.000000000000
          0.000000000000          0.000000000000         -1.983573304842

     Effective Charges U-E: Z_{s,alpha}{beta}

     atom #    1
      0.256377681831E+01      0.000000000000E+00      0.000000000000E+00
      0.000000000000E+00      0.256377681831E+01      0.000000000000E+00
      0.000000000000E+00      0.000000000000E+00      0.256377681831E+01
     atom #    2
      0.681911641035E+01      0.000000000000E+00      0.000000000000E+00
      0.000000000000E+00      0.681911641035E+01      0.000000000000E+00
      0.000000000000E+00      0.000000000000E+00      0.681911641035E+01
     atom #    3
     -0.198447202273E+01      0.000000000000E+00      0.000000000000E+00
      0.000000000000E+00     -0.529835747268E+01      0.000000000000E+00
      0.000000000000E+00      0.000000000000E+00     -0.198447202273E+01
     atom #    4
     -0.198447202273E+01      0.000000000000E+00      0.000000000000E+00
      0.000000000000E+00     -0.198447202273E+01      0.000000000000E+00
      0.000000000000E+00      0.000000000000E+00     -0.529835747268E+01
     atom #    5
     -0.529835747268E+01      0.000000000000E+00      0.000000000000E+00
      0.000000000000E+00     -0.198447202273E+01      0.000000000000E+00
      0.000000000000E+00      0.000000000000E+00     -0.198447202273E+01

     Diagonalizing the dynamical matrix

     q = (    0.000000000   0.000000000   0.000000000 ) 

 **************************************************************************
     freq (    1) =      -2.385445 [THz] =     -79.569890 [cm-1]
 ( -0.001474  0.000000  0.002742  0.000000  0.573291  0.000000 ) 
 ( -0.001675  0.000000  0.003116  0.000000  0.651497  0.000000 ) 
 (  0.000830  0.000000 -0.000935  0.000000 -0.323017  0.000000 ) 
 (  0.000830  0.000000 -0.001545  0.000000 -0.195395  0.000000 ) 
 (  0.000502  0.000000 -0.001545  0.000000 -0.323017  0.000000 ) 
     freq (    2) =      -2.385445 [THz] =     -79.569890 [cm-1]
 ( -0.570568  0.000000 -0.055889  0.000000 -0.001200  0.000000 ) 
 ( -0.648402  0.000000 -0.063514  0.000000 -0.001363  0.000000 ) 
 (  0.321482  0.000000  0.019049  0.000000  0.000676  0.000000 ) 
 (  0.321482  0.000000  0.031490  0.000000  0.000409  0.000000 ) 
 (  0.194466  0.000000  0.031490  0.000000  0.000676  0.000000 ) 
     freq (    3) =      -2.385445 [THz] =     -79.569890 [cm-1]
 ( -0.055883  0.000000  0.570562  0.000000 -0.002873  0.000000 ) 
 ( -0.063506  0.000000  0.648396  0.000000 -0.003265  0.000000 ) 
 (  0.031487  0.000000 -0.194465  0.000000  0.001619  0.000000 ) 
 (  0.031487  0.000000 -0.321479  0.000000  0.000979  0.000000 ) 
 (  0.019047  0.000000 -0.321479  0.000000  0.001619  0.000000 ) 
     freq (    4) =       3.893366 [THz] =     129.868698 [cm-1]
 (  0.349128  0.000000  0.387969  0.000000  0.007838  0.000000 ) 
 ( -0.488271  0.000000 -0.542592  0.000000 -0.010961  0.000000 ) 
 (  0.174859  0.000000  0.178841  0.000000  0.003925  0.000000 ) 
 (  0.174859  0.000000  0.194312  0.000000  0.003613  0.000000 ) 
 (  0.160937  0.000000  0.194312  0.000000  0.003925  0.000000 ) 
     freq (    5) =       3.893366 [THz] =     129.868698 [cm-1]
 (  0.358947 -0.000000 -0.326886  0.000000  0.191766 -0.000000 ) 
 ( -0.502004  0.000000  0.457164 -0.000000 -0.268194  0.000000 ) 
 (  0.179777 -0.000000 -0.150684  0.000000  0.096045 -0.000000 ) 
 (  0.179777 -0.000000 -0.163719  0.000000  0.088398 -0.000000 ) 
 (  0.165463 -0.000000 -0.163719  0.000000  0.096045 -0.000000 ) 
     freq (    6) =       3.893366 [THz] =     129.868698 [cm-1]
 (  0.147439  0.000000 -0.122872  0.000000 -0.485423  0.000000 ) 
 ( -0.206200  0.000000  0.171842  0.000000  0.678886  0.000000 ) 
 (  0.073844  0.000000 -0.056640  0.000000 -0.243122  0.000000 ) 
 (  0.073844  0.000000 -0.061540  0.000000 -0.223765  0.000000 ) 
 (  0.067965  0.000000 -0.061540  0.000000 -0.243122  0.000000 ) 
     freq (    7) =       4.083452 [THz] =     136.209305 [cm-1]
 (  0.016732 -0.000000  0.001368 -0.000000  0.000420 -0.000000 ) 
 (  0.218161 -0.000000  0.017840 -0.000000  0.005474 -0.000000 ) 
 (  0.585596 -0.000000  0.041619 -0.000000  0.014694 -0.000000 ) 
 (  0.585596 -0.000000  0.047888 -0.000000  0.012770 -0.000000 ) 
 (  0.508936 -0.000000  0.047888 -0.000000  0.014694 -0.000000 ) 
     freq (    8) =       4.083452 [THz] =     136.209305 [cm-1]
 (  0.001377  0.000000 -0.016733  0.000000 -0.000348  0.000000 ) 
 (  0.017955  0.000000 -0.218173  0.000000 -0.004541  0.000000 ) 
 (  0.048197  0.000000 -0.508964  0.000000 -0.012190  0.000000 ) 
 (  0.048197  0.000000 -0.585628  0.000000 -0.010594  0.000000 ) 
 (  0.041887  0.000000 -0.585628  0.000000 -0.012190  0.000000 ) 
     freq (    9) =       4.083452 [THz] =     136.209305 [cm-1]
 ( -0.000390  0.000000 -0.000381  0.000000  0.016784  0.000000 ) 
 ( -0.005084  0.000000 -0.004974  0.000000  0.218842  0.000000 ) 
 ( -0.013648  0.000000 -0.011603  0.000000  0.587425  0.000000 ) 
 ( -0.013648  0.000000 -0.013350  0.000000  0.510525  0.000000 ) 
 ( -0.011861  0.000000 -0.013350  0.000000  0.587425  0.000000 ) 
     freq (   10) =       7.512520 [THz] =     250.590680 [cm-1]
 ( -0.000000  0.000000 -0.000000  0.000000 -0.000000  0.000000 ) 
 (  0.000000  0.000000 -0.000000  0.000000 -0.000000  0.000000 ) 
 ( -0.705665  0.000000  0.000000  0.000000  0.001697  0.000000 ) 
 (  0.705665  0.000000  0.045108  0.000000 -0.000000  0.000000 ) 
 ( -0.000000  0.000000 -0.045108  0.000000 -0.001697  0.000000 ) 
     freq (   11) =       7.512520 [THz] =     250.590680 [cm-1]
 ( -0.000000  0.000000 -0.000000  0.000000 -0.000000  0.000000 ) 
 (  0.000000  0.000000 -0.000000  0.000000 -0.000000  0.000000 ) 
 ( -0.045140  0.000000 -0.000000  0.000000 -0.026984  0.000000 ) 
 (  0.045140  0.000000 -0.705148  0.000000 -0.000000  0.000000 ) 
 (  0.000000  0.000000  0.705148  0.000000  0.026984  0.000000 ) 
     freq (   12) =       7.512520 [THz] =     250.590680 [cm-1]
 ( -0.000000  0.000000  0.000000  0.000000 -0.000000  0.000000 ) 
 ( -0.000000  0.000000  0.000000  0.000000 -0.000000  0.000000 ) 
 ( -0.000029  0.000000  0.000000  0.000000  0.706590  0.000000 ) 
 (  0.000029  0.000000 -0.027038  0.000000 -0.000000  0.000000 ) 
 ( -0.000000  0.000000  0.027038  0.000000 -0.706590  0.000000 ) 
     freq (   13) =      18.041020 [THz] =     601.783642 [cm-1]
 ( -0.013575  0.000000  0.004819  0.000000 -0.000000  0.000000 ) 
 ( -0.011079  0.000000  0.003933  0.000000 -0.000000  0.000000 ) 
 ( -0.343564  0.000000 -0.286584  0.000000 -0.000000  0.000000 ) 
 ( -0.343564  0.000000  0.121965  0.000000 -0.000000  0.000000 ) 
 (  0.807280  0.000000  0.121965  0.000000 -0.000000  0.000000 ) 
     freq (   14) =      18.041020 [THz] =     601.783642 [cm-1]
 (  0.004819  0.000000  0.013575  0.000000 -0.000000  0.000000 ) 
 (  0.003933  0.000000  0.011079  0.000000 -0.000000  0.000000 ) 
 (  0.121965  0.000000 -0.807280  0.000000 -0.000000  0.000000 ) 
 (  0.121965  0.000000  0.343564  0.000000  0.000000  0.000000 ) 
 ( -0.286584  0.000000  0.343564  0.000000 -0.000000  0.000000 ) 
     freq (   15) =      18.041020 [THz] =     601.783642 [cm-1]
 (  0.000000  0.000000  0.000000  0.000000  0.014405  0.000000 ) 
 (  0.000000  0.000000  0.000000  0.000000  0.011757  0.000000 ) 
 (  0.000000  0.000000 -0.000000  0.000000  0.364570  0.000000 ) 
 (  0.000000  0.000000  0.000000  0.000000 -0.856640  0.000000 ) 
 ( -0.000000  0.000000  0.000000  0.000000  0.364570  0.000000 ) 
 **************************************************************************
