# energy grid [eV]     epsi_x  epsi_y  epsi_z
#
    0.200000000    0.000000000    0.000000000    0.000000000
    0.207178631    0.000000000    0.000000000    0.000000000
    0.214357262    0.000000000    0.000000000    0.000000000
    0.221535893    0.000000000    0.000000000    0.000000000
    0.228714524    0.000000000    0.000000000    0.000000000
    0.235893155    0.000000000    0.000000000    0.000000000
    0.243071786    0.000000000    0.000000000    0.000000000
    0.250250417    0.000000000    0.000000000    0.000000000
    0.257429048    0.000000000    0.000000000    0.000000000
    0.264607679    0.000000000    0.000000000    0.000000000
    0.271786311    0.000000000    0.000000000    0.000000000
    0.278964942    0.000000000    0.000000000    0.000000000
    0.286143573    0.000000000    0.000000000    0.000000000
    0.293322204    0.000000000    0.000000000    0.000000000
    0.300500835    0.000000000    0.000000000    0.000000000
    0.307679466    0.000000000    0.000000000    0.000000000
    0.314858097    0.000000000    0.000000000    0.000000000
    0.322036728    0.000000000    0.000000000    0.000000000
    0.329215359    0.000000000    0.000000000    0.000000000
    0.336393990    0.000000000    0.000000000    0.000000000
    0.343572621    0.000000000    0.000000000    0.000000000
    0.350751252    0.000000000    0.000000000    0.000000000
    0.357929883    0.000000000    0.000000000    0.000000000
    0.365108514    0.000000000    0.000000000    0.000000000
    0.372287145    0.000000000    0.000000000    0.000000000
    0.379465776    0.000000000    0.000000000    0.000000000
    0.386644407    0.000000000    0.000000000    0.000000000
    0.393823038    0.000000000    0.000000000    0.000000000
    0.401001669    0.000000000    0.000000000    0.000000000
    0.408180301    0.000000000    0.000000000    0.000000000
    0.415358932    0.000000000    0.000000000    0.000000000
    0.422537563    0.000000000    0.000000000    0.000000000
    0.429716194    0.000000000    0.000000000    0.000000000
    0.436894825    0.000000000    0.000000000    0.000000000
    0.444073456    0.000000000    0.000000000    0.000000000
    0.451252087    0.000000000    0.000000000    0.000000000
    0.458430718    0.000000000    0.000000000    0.000000000
    0.465609349    0.000000000    0.000000000    0.000000000
    0.472787980    0.000000000    0.000000000    0.000000000
    0.479966611    0.000000000    0.000000000    0.000000000
    0.487145242    0.000000000    0.000000000    0.000000000
    0.494323873    0.000000000    0.000000000    0.000000000
    0.501502504    0.000000000    0.000000000    0.000000000
    0.508681135    0.000000000    0.000000000    0.000000000
    0.515859766    0.000000000    0.000000000    0.000000000
    0.523038397    0.000000000    0.000000000    0.000000000
    0.530217028    0.000000000    0.000000000    0.000000000
    0.537395659    0.000000000    0.000000000    0.000000000
    0.544574290    0.000000000    0.000000000    0.000000000
    0.551752922    0.000000000    0.000000000    0.000000000
    0.558931553    0.000000000    0.000000000    0.000000000
    0.566110184    0.000000000    0.000000000    0.000000000
    0.573288815    0.000000000    0.000000000    0.000000000
    0.580467446    0.000000000    0.000000000    0.000000000
    0.587646077    0.000000000    0.000000000    0.000000000
    0.594824708    0.000000000    0.000000000    0.000000001
    0.602003339    0.000000001    0.000000000    0.000000001
    0.609181970    0.000000001    0.000000000    0.000000001
    0.616360601    0.000000001    0.000000000    0.000000001
    0.623539232    0.000000001    0.000000001    0.000000002
    0.630717863    0.000000001    0.000000001    0.000000002
    0.637896494    0.000000001    0.000000001    0.000000002
    0.645075125    0.000000001    0.000000001    0.000000002
    0.652253756    0.000000002    0.000000001    0.000000003
    0.659432387    0.000000002    0.000000002    0.000000003
    0.666611018    0.000000002    0.000000002    0.000000003
    0.673789649    0.000000002    0.000000002    0.000000003
    0.680968280    0.000000002    0.000000003    0.000000003
    0.688146912    0.000000002    0.000000003    0.000000003
    0.695325543    0.000000002    0.000000003    0.000000003
    0.702504174    0.000000002    0.000000003    0.000000004
    0.709682805    0.000000002    0.000000003    0.000000004
    0.716861436    0.000000001    0.000000003    0.000000004
    0.724040067    0.000000001    0.000000003    0.000000004
    0.731218698    0.000000001    0.000000003    0.000000004
    0.738397329    0.000000002    0.000000003    0.000000004
    0.745575960    0.000000002    0.000000003    0.000000003
    0.752754591    0.000000002    0.000000003    0.000000003
    0.759933222    0.000000003    0.000000003    0.000000002
    0.767111853    0.000000003    0.000000003    0.000000002
    0.774290484    0.000000004    0.000000003    0.000000001
    0.781469115    0.000000004    0.000000003    0.000000001
    0.788647746    0.000000005    0.000000003    0.000000001
    0.795826377    0.000000005    0.000000003    0.000000001
    0.803005008    0.000000005    0.000000003    0.000000002
    0.810183639    0.000000005    0.000000004    0.000000002
    0.817362270    0.000000005    0.000000004    0.000000002
    0.824540902    0.000000006    0.000000004    0.000000003
    0.831719533    0.000000006    0.000000004    0.000000004
    0.838898164    0.000000006    0.000000005    0.000000005
    0.846076795    0.000000006    0.000000006    0.000000006
    0.853255426    0.000000006    0.000000006    0.000000007
    0.860434057    0.000000006    0.000000007    0.000000007
    0.867612688    0.000000005    0.000000008    0.000000007
    0.874791319    0.000000005    0.000000009    0.000000007
    0.881969950    0.000000004    0.000000009    0.000000007
    0.889148581    0.000000004    0.000000010    0.000000006
    0.896327212    0.000000004    0.000000010    0.000000006
    0.903505843    0.000000004    0.000000009    0.000000005
    0.910684474    0.000000004    0.000000008    0.000000005
    0.917863105    0.000000005    0.000000007    0.000000005
    0.925041736    0.000000005    0.000000006    0.000000005
    0.932220367    0.000000005    0.000000005    0.000000005
    0.939398998    0.000000005    0.000000005    0.000000005
    0.946577629    0.000000004    0.000000004    0.000000005
    0.953756260    0.000000004    0.000000004    0.000000004
    0.960934891    0.000000004    0.000000004    0.000000004
    0.968113523    0.000000003    0.000000005    0.000000004
    0.975292154    0.000000004    0.000000005    0.000000005
    0.982470785    0.000000004    0.000000005    0.000000005
    0.989649416    0.000000004    0.000000005    0.000000006
    0.996828047    0.000000005    0.000000005    0.000000006
    1.004006678    0.000000006    0.000000005    0.000000007
    1.011185309    0.000000008    0.000000004    0.000000007
    1.018363940    0.000000009    0.000000004    0.000000007
    1.025542571    0.000000010    0.000000004    0.000000007
    1.032721202    0.000000010    0.000000004    0.000000006
    1.039899833    0.000000011    0.000000004    0.000000005
    1.047078464    0.000000011    0.000000005    0.000000005
    1.054257095    0.000000011    0.000000005    0.000000004
    1.061435726    0.000000011    0.000000005    0.000000004
    1.068614357    0.000000011    0.000000004    0.000000004
    1.075792988    0.000000011    0.000000004    0.000000004
    1.082971619    0.000000011    0.000000004    0.000000005
    1.090150250    0.000000012    0.000000004    0.000000005
    1.097328881    0.000000012    0.000000004    0.000000006
    1.104507513    0.000000012    0.000000005    0.000000006
    1.111686144    0.000000012    0.000000005    0.000000007
    1.118864775    0.000000012    0.000000005    0.000000007
    1.126043406    0.000000011    0.000000005    0.000000007
    1.133222037    0.000000010    0.000000005    0.000000007
    1.140400668    0.000000009    0.000000006    0.000000007
    1.147579299    0.000000008    0.000000006    0.000000006
    1.154757930    0.000000007    0.000000007    0.000000007
    1.161936561    0.000000007    0.000000008    0.000000007
    1.169115192    0.000000007    0.000000009    0.000000008
    1.176293823    0.000000008    0.000000010    0.000000009
    1.183472454    0.000000008    0.000000010    0.000000010
    1.190651085    0.000000008    0.000000010    0.000000011
    1.197829716    0.000000008    0.000000010    0.000000012
    1.205008347    0.000000008    0.000000010    0.000000012
    1.212186978    0.000000008    0.000000009    0.000000012
    1.219365609    0.000000008    0.000000009    0.000000011
    1.226544240    0.000000009    0.000000009    0.000000011
    1.233722871    0.000000008    0.000000008    0.000000010
    1.240901503    0.000000008    0.000000008    0.000000009
    1.248080134    0.000000008    0.000000009    0.000000008
    1.255258765    0.000000008    0.000000009    0.000000008
    1.262437396    0.000000008    0.000000010    0.000000008
    1.269616027    0.000000008    0.000000010    0.000000009
    1.276794658    0.000000009    0.000000011    0.000000009
    1.283973289    0.000000009    0.000000012    0.000000010
    1.291151920    0.000000010    0.000000012    0.000000011
    1.298330551    0.000000011    0.000000012    0.000000012
    1.305509182    0.000000011    0.000000012    0.000000012
    1.312687813    0.000000012    0.000000011    0.000000012
    1.319866444    0.000000012    0.000000010    0.000000012
    1.327045075    0.000000013    0.000000009    0.000000011
    1.334223706    0.000000013    0.000000009    0.000000010
    1.341402337    0.000000013    0.000000008    0.000000009
    1.348580968    0.000000013    0.000000008    0.000000008
    1.355759599    0.000000013    0.000000008    0.000000007
    1.362938230    0.000000012    0.000000009    0.000000007
    1.370116861    0.000000012    0.000000009    0.000000007
    1.377295492    0.000000011    0.000000010    0.000000007
    1.384474124    0.000000010    0.000000011    0.000000007
    1.391652755    0.000000010    0.000000011    0.000000008
    1.398831386    0.000000010    0.000000011    0.000000008
    1.406010017    0.000000010    0.000000011    0.000000009
    1.413188648    0.000000010    0.000000011    0.000000010
    1.420367279    0.000000010    0.000000011    0.000000011
    1.427545910    0.000000010    0.000000010    0.000000011
    1.434724541    0.000000010    0.000000010    0.000000012
    1.441903172    0.000000010    0.000000010    0.000000013
    1.449081803    0.000000010    0.000000010    0.000000013
    1.456260434    0.000000011    0.000000010    0.000000014
    1.463439065    0.000000011    0.000000011    0.000000014
    1.470617696    0.000000011    0.000000011    0.000000015
    1.477796327    0.000000011    0.000000012    0.000000015
    1.484974958    0.000000011    0.000000012    0.000000016
    1.492153589    0.000000012    0.000000013    0.000000016
    1.499332220    0.000000013    0.000000013    0.000000017
    1.506510851    0.000000013    0.000000014    0.000000017
    1.513689482    0.000000014    0.000000014    0.000000017
    1.520868114    0.000000015    0.000000015    0.000000018
    1.528046745    0.000000016    0.000000015    0.000000018
    1.535225376    0.000000016    0.000000015    0.000000019
    1.542404007    0.000000016    0.000000016    0.000000019
    1.549582638    0.000000017    0.000000016    0.000000019
    1.556761269    0.000000017    0.000000016    0.000000019
    1.563939900    0.000000017    0.000000017    0.000000020
    1.571118531    0.000000019    0.000000019    0.000000021
    1.578297162    0.000000021    0.000000022    0.000000023
    1.585475793    0.000000025    0.000000026    0.000000028
    1.592654424    0.000000030    0.000000032    0.000000035
    1.599833055    0.000000039    0.000000040    0.000000045
    1.607011686    0.000000049    0.000000050    0.000000057
    1.614190317    0.000000061    0.000000061    0.000000072
    1.621368948    0.000000073    0.000000071    0.000000088
    1.628547579    0.000000084    0.000000080    0.000000102
    1.635726210    0.000000093    0.000000086    0.000000113
    1.642904841    0.000000100    0.000000090    0.000000122
    1.650083472    0.000000103    0.000000092    0.000000129
    1.657262104    0.000000105    0.000000094    0.000000134
    1.664440735    0.000000106    0.000000097    0.000000137
    1.671619366    0.000000105    0.000000099    0.000000138
    1.678797997    0.000000102    0.000000101    0.000000137
    1.685976628    0.000000100    0.000000101    0.000000133
    1.693155259    0.000000097    0.000000099    0.000000127
    1.700333890    0.000000096    0.000000096    0.000000120
    1.707512521    0.000000096    0.000000092    0.000000112
    1.714691152    0.000000098    0.000000088    0.000000106
    1.721869783    0.000000101    0.000000087    0.000000102
    1.729048414    0.000000105    0.000000090    0.000000100
    1.736227045    0.000000109    0.000000096    0.000000101
    1.743405676    0.000000114    0.000000105    0.000000104
    1.750584307    0.000000120    0.000000115    0.000000109
    1.757762938    0.000000126    0.000000127    0.000000115
    1.764941569    0.000000132    0.000000138    0.000000124
    1.772120200    0.000000137    0.000000148    0.000000133
    1.779298831    0.000000141    0.000000156    0.000000142
    1.786477462    0.000000144    0.000000162    0.000000149
    1.793656093    0.000000144    0.000000165    0.000000152
    1.800834725    0.000000143    0.000000165    0.000000152
    1.808013356    0.000000141    0.000000162    0.000000147
    1.815191987    0.000000138    0.000000157    0.000000140
    1.822370618    0.000000138    0.000000152    0.000000133
    1.829549249    0.000000139    0.000000148    0.000000128
    1.836727880    0.000000143    0.000000146    0.000000125
    1.843906511    0.000000150    0.000000147    0.000000126
    1.851085142    0.000000157    0.000000149    0.000000130
    1.858263773    0.000000164    0.000000153    0.000000135
    1.865442404    0.000000171    0.000000157    0.000000140
    1.872621035    0.000000177    0.000000161    0.000000145
    1.879799666    0.000000183    0.000000165    0.000000149
    1.886978297    0.000000189    0.000000170    0.000000153
    1.894156928    0.000000196    0.000000176    0.000000158
    1.901335559    0.000000203    0.000000182    0.000000164
    1.908514190    0.000000211    0.000000188    0.000000173
    1.915692821    0.000000219    0.000000195    0.000000183
    1.922871452    0.000000227    0.000000201    0.000000195
    1.930050083    0.000000233    0.000000206    0.000000207
    1.937228715    0.000000239    0.000000211    0.000000219
    1.944407346    0.000000244    0.000000216    0.000000229
    1.951585977    0.000000248    0.000000222    0.000000238
    1.958764608    0.000000252    0.000000229    0.000000246
    1.965943239    0.000000256    0.000000238    0.000000253
    1.973121870    0.000000260    0.000000247    0.000000258
    1.980300501    0.000000263    0.000000256    0.000000261
    1.987479132    0.000000266    0.000000264    0.000000262
    1.994657763    0.000000266    0.000000267    0.000000261
    2.001836394    0.000000264    0.000000266    0.000000257
    2.009015025    0.000000258    0.000000260    0.000000253
    2.016193656    0.000000251    0.000000249    0.000000248
    2.023372287    0.000000243    0.000000237    0.000000243
    2.030550918    0.000000236    0.000000228    0.000000241
    2.037729549    0.000000234    0.000000225    0.000000243
    2.044908180    0.000000235    0.000000229    0.000000251
    2.052086811    0.000000241    0.000000238    0.000000262
    2.059265442    0.000000250    0.000000250    0.000000276
    2.066444073    0.000000260    0.000000262    0.000000290
    2.073622705    0.000000270    0.000000271    0.000000300
    2.080801336    0.000000278    0.000000277    0.000000306
    2.087979967    0.000000284    0.000000280    0.000000305
    2.095158598    0.000000286    0.000000280    0.000000301
    2.102337229    0.000000286    0.000000280    0.000000294
    2.109515860    0.000000286    0.000000280    0.000000287
    2.116694491    0.000000285    0.000000282    0.000000282
    2.123873122    0.000000286    0.000000284    0.000000281
    2.131051753    0.000000288    0.000000287    0.000000283
    2.138230384    0.000000291    0.000000291    0.000000290
    2.145409015    0.000000294    0.000000294    0.000000300
    2.152587646    0.000000296    0.000000296    0.000000312
    2.159766277    0.000000297    0.000000297    0.000000324
    2.166944908    0.000000297    0.000000296    0.000000334
    2.174123539    0.000000297    0.000000293    0.000000342
    2.181302170    0.000000298    0.000000290    0.000000348
    2.188480801    0.000000301    0.000000288    0.000000352
    2.195659432    0.000000308    0.000000288    0.000000355
    2.202838063    0.000000318    0.000000293    0.000000359
    2.210016694    0.000000332    0.000000303    0.000000366
    2.217195326    0.000000347    0.000000316    0.000000374
    2.224373957    0.000000363    0.000000332    0.000000384
    2.231552588    0.000000376    0.000000348    0.000000393
    2.238731219    0.000000386    0.000000362    0.000000400
    2.245909850    0.000000392    0.000000373    0.000000404
    2.253088481    0.000000396    0.000000383    0.000000406
    2.260267112    0.000000399    0.000000390    0.000000409
    2.267445743    0.000000403    0.000000399    0.000000416
    2.274624374    0.000000411    0.000000410    0.000000427
    2.281803005    0.000000424    0.000000424    0.000000444
    2.288981636    0.000000440    0.000000440    0.000000463
    2.296160267    0.000000458    0.000000455    0.000000480
    2.303338898    0.000000473    0.000000467    0.000000492
    2.310517529    0.000000484    0.000000475    0.000000497
    2.317696160    0.000000489    0.000000482    0.000000494
    2.324874791    0.000000492    0.000000491    0.000000487
    2.332053422    0.000000496    0.000000503    0.000000483
    2.339232053    0.000000505    0.000000521    0.000000486
    2.346410684    0.000000523    0.000000545    0.000000499
    2.353589316    0.000000548    0.000000573    0.000000523
    2.360767947    0.000000579    0.000000603    0.000000555
    2.367946578    0.000000612    0.000000635    0.000000594
    2.375125209    0.000000643    0.000000667    0.000000637
    2.382303840    0.000000673    0.000000698    0.000000682
    2.389482471    0.000000704    0.000000724    0.000000727
    2.396661102    0.000000740    0.000000744    0.000000770
    2.403839733    0.000000787    0.000000759    0.000000812
    2.411018364    0.000000847    0.000000774    0.000000851
    2.418196995    0.000000921    0.000000793    0.000000888
    2.425375626    0.000001007    0.000000823    0.000000925
    2.432554257    0.000001098    0.000000865    0.000000962
    2.439732888    0.000001189    0.000000921    0.000000998
    2.446911519    0.000001274    0.000000990    0.000001033
    2.454090150    0.000001354    0.000001072    0.000001070
    2.461268781    0.000001436    0.000001171    0.000001111
    2.468447412    0.000001533    0.000001288    0.000001161
    2.475626043    0.000001661    0.000001423    0.000001220
    2.482804674    0.000001839    0.000001570    0.000001288
    2.489983306    0.000002092    0.000001722    0.000001361
    2.497161937    0.000002448    0.000001872    0.000001438
    2.504340568    0.000002939    0.000002014    0.000001524
    2.511519199    0.000003623    0.000002142    0.000001624
    2.518697830    0.000004836    0.000002254    0.000001741
    2.525876461    0.000008483    0.000002363    0.000001876
    2.533055092    0.000023549    0.000002566    0.000002037
    2.540233723    0.000086186    0.000003457    0.000002315
    2.547412354    0.000322957    0.000008108    0.000003129
    2.554590985    0.001120685    0.000030566    0.000006047
    2.561769616    0.003507619    0.000127445    0.000016169
    2.568948247    0.009841589    0.000499212    0.000048447
    2.576126878    0.024722726    0.001766577    0.000142853
    2.583305509    0.055601436    0.005600340    0.000398386
    2.590484140    0.111988542    0.015877505    0.001045286
    2.597662771    0.202114678    0.040252181    0.002588641
    2.604841402    0.327150803    0.091289744    0.006062212
    2.612020033    0.475691764    0.185357403    0.013388117
    2.619198664    0.623329531    0.337319704    0.027689371
    2.626377295    0.740978119    0.551101476    0.053164858
    2.633555927    0.810186840    0.810301125    0.094038013
    2.640734558    0.837203021    1.076278269    0.152530770
    2.647913189    0.855675454    1.299077659    0.226897331
    2.655091820    0.913527828    1.438200273    0.311464750
    2.662270451    1.049452592    1.481352862    0.399874879
    2.669449082    1.271651093    1.448502766    0.489824840
    2.676627713    1.550718585    1.378353303    0.584774145
    2.683806344    1.830384587    1.307092586    0.689070895
    2.690984975    2.049643830    1.253850382    0.798770531
    2.698163606    2.164472365    1.220185791    0.896543791
    2.705342237    2.160234051    1.199526012    0.958748492
    2.712520868    2.054044531    1.187182862    0.974388499
    2.719699499    1.892433565    1.185358893    0.965821724
    2.726878130    1.748687252    1.204352229    0.998240764
    2.734056761    1.718544793    1.263860418    1.170986651
    2.741235392    1.909102529    1.395938160    1.592810250
    2.748414023    2.417640271    1.647617766    2.349055198
    2.755592654    3.302969570    2.079326624    3.470730546
    2.762771285    4.558319450    2.755431943    4.916009642
    2.769949917    6.099013540    3.725822283    6.573619355
    2.777128548    7.776613419    5.002547684    8.291669915
    2.784307179    9.420036639    6.540612811    9.923987330
    2.791485810   10.886645419    8.232756077   11.374530921
    2.798664441   12.095974587    9.923248711   12.617974767
    2.805843072   13.028363329   11.438805768   13.685743122
    2.813021703   13.696066346   12.629266781   14.626518990
    2.820200334   14.114199660   13.407148731   15.465453575
    2.827378965   14.294856674   13.772948586   16.185993725
    2.834557596   14.263621139   13.814355546   16.742877424
    2.841736227   14.076161282   13.675448478   17.095714303
    2.848914858   13.813482255   13.505233198   17.241789168
    2.856093489   13.556248719   13.406628178   17.228806910
    2.863272120   13.360064564   13.409558530   17.140174927
    2.870450751   13.253492090   13.481825088   17.060488360
    2.877629382   13.258434836   13.571651306   17.039323086
    2.884808013   13.410095578   13.655685659   17.070978735
    2.891986644   13.753483805   13.759974349   17.097022545
    2.899165275   14.314838045   13.938363071   17.026445323
    2.906343907   15.067485291   14.224385574   16.764661652
    2.913522538   15.914851770   14.593781596   16.246859198
    2.920701169   16.701980610   14.965800788   15.472414803
    2.927879800   17.254220820   15.239973048   14.528360624
    2.935058431   17.431866585   15.339657754   13.580843794
    2.942237062   17.179894196   15.234856670   12.822110387
    2.949415693   16.548280469   14.937867196   12.389528245
    2.956594324   15.671436221   14.484223855   12.300466148
    2.963772955   14.720387020   13.914993501   12.445405293
    2.970951586   13.855844093   13.269399681   12.647791446
    2.978130217   13.200139068   12.589063138   12.757296883
    2.985308848   12.824951278   11.929846153   12.723497521
    2.992487479   12.744184975   11.371760310   12.610926251
    2.999666110   12.911662548   11.013295662   12.551931622
    3.006844741   13.233438384   10.941966813   12.667799812
    3.014023372   13.599191234   11.190911602   13.002703627
    3.021202003   13.921452576   11.709156947   13.503679288
    3.028380634   14.162371667   12.370976959   14.051596494
    3.035559265   14.334662002   13.024486253   14.520576904
    3.042737896   14.479875072   13.552146922   14.832259708
    3.049916528   14.639045571   13.909609557   14.980145748
    3.057095159   14.830121832   14.126215073   15.018569563
    3.064273790   15.038247924   14.273622744   15.028024626
    3.071452421   15.219222837   14.422664625   15.076473714
    3.078631052   15.315987280   14.608772715   15.193858022
    3.085809683   15.285548345   14.817532182   15.366942694
    3.092988314   15.125393242   14.991523152   15.550297644
    3.100166945   14.883049023   15.054139232   15.684356467
    3.107345576   14.640656714   14.945012110   15.714766770
    3.114524207   14.483342003   14.657902210   15.611433465
    3.121702838   14.469092604   14.263931238   15.383826046
    3.128881469   14.611641804   13.901759380   15.084495501
    3.136060100   14.876889053   13.731198234   14.794533357
    3.143238731   15.189826495   13.869222059   14.594798830
    3.150417362   15.451654691   14.338334551   14.536008350
    3.157595993   15.566643925   15.049660319   14.620447792
    3.164774624   15.472356447   15.827066701   14.800487361
    3.171953255   15.161253654   16.464878279   14.993092192
    3.179131886   14.683199229   16.800724340   15.107588259
    3.186310518   14.127081763   16.775447188   15.080263190
    3.193489149   13.590157869   16.451160948   14.901854770
    3.200667780   13.149595518   15.975535029   14.621397062
    3.207846411   12.848934437   15.510202707   14.321524002
    3.215025042   12.703406664   15.163091918   14.080660649
    3.222203673   12.716657428   14.959885391   13.947893908
    3.229382304   12.894744478   14.861702265   13.944564702
    3.236560935   13.247026484   14.807617013   14.082417595
    3.243739566   13.774858209   14.752819337   14.374580891
    3.250918197   14.457521795   14.685595308   14.825359463
    3.258096828   15.243918321   14.622242846   15.407260442
    3.265275459   16.053018080   14.587163591   16.047224953
    3.272454090   16.784224203   14.588588340   16.637866127
    3.279632721   17.339824231   14.603502403   17.071379328
    3.286811352   17.657445045   14.583802010   17.279172657
    3.293989983   17.739430506   14.483745123   17.257943074
    3.301168614   17.659076834   14.292979564   17.070937253
    3.308347245   17.531935136   14.054538948   16.824454232
    3.315525876   17.461441508   13.857717144   16.628745797
    3.322704508   17.486461478   13.810197264   16.557449939
    3.329883139   17.559918834   14.000253017   16.620597269
    3.337061770   17.571754309   14.459907942   16.762674218
    3.344240401   17.406343718   15.141403374   16.888205921
    3.351419032   17.006021867   15.920292647   16.904233634
    3.358597663   16.407124559   16.629636073   16.758698688
    3.365776294   15.727797079   17.112079939   16.455248883
    3.372954925   15.114108404   17.265625394   16.040316177
    3.380133556   14.676570985   17.065951213   15.576471576
    3.387312187   14.453494256   16.564639597   15.121463520
    3.394490818   14.416496145   15.871097534   14.721306653
    3.401669449   14.504314373   15.122922888   14.411323747
    3.408848080   14.656767963   14.447969454   14.215932779
    3.416026711   14.828915746   13.929789125   14.145794735
    3.423205342   14.984887294   13.595762747   14.196948658
    3.430383973   15.085904756   13.437781336   14.353824120
    3.437562604   15.090436582   13.450891765   14.593256581
    3.444741235   14.976135145   13.658426300   14.887912338
    3.451919866   14.775448762   14.101823600   15.211910803
    3.459098497   14.598017206   14.803334932   15.550903612
    3.466277129   14.610294492   15.733414107   15.913165611
    3.473455760   14.967564501   16.810420724   16.334003811
    3.480634391   15.731941362   17.932507928   16.866482477
    3.487813022   16.829137496   19.015697201   17.556195198
    3.494991653   18.075996718   20.010583818   18.406712046
    3.502170284   19.264152474   20.891722071   19.353527691
    3.509348915   20.249524458   21.637228975   20.267832707
    3.516527546   20.998966144   22.221955909   20.997846562
    3.523706177   21.578975719   22.634033963   21.432026595
    3.530884808   22.108198175   22.904617461   21.554781540
    3.538063439   22.708767837   23.128162734   21.470022984
    3.545242070   23.477235751   23.452139541   21.381019077
    3.552420701   24.472389791   24.030084571   21.527419459
    3.559599332   25.706869599   24.954622142   22.096424573
    3.566777963   27.137443842   26.206047348   23.145791577
    3.573956594   28.661574072   27.651894352   24.582336041
    3.581135225   30.130374685   29.105377186   26.211122609
    3.588313856   31.379514682   30.409425972   27.822376014
    3.595492487   32.270083635   31.491727767   29.259358785
    3.602671119   32.727905741   32.358738927   30.435705956
    3.609849750   32.771009996   33.047242645   31.318468431
    3.617028381   32.517584380   33.583564867   31.914546863
    3.624207012   32.169569663   33.982269894   32.276817203
    3.631385643   31.969962318   34.268968168   32.511994016
    3.638564274   32.136185942   34.487436059   32.763103979
    3.645742905   32.781469094   34.675068222   33.161417883
    3.652921536   33.851869400   34.833671163   33.771126580
    3.660100167   35.117489061   34.934337190   34.559480961
    3.667278798   36.244010978   34.961058490   35.410577720
    3.674457429   36.929244378   34.954804936   36.175616453
    3.681636060   37.041918665   35.014052584   36.733804016
    3.688814691   36.686001495   35.244849444   37.036658176
    3.695993322   36.153395142   35.696784382   37.122452206
    3.703171953   35.796771702   36.332695813   37.104708436
    3.710350584   35.900469908   37.054565146   37.146288456
    3.717529215   36.616819852   37.770076521   37.426745543
    3.724707846   37.981631988   38.460524144   38.104595296
    3.731886477   39.970536372   39.211322981   39.277376596
    3.739065109   42.541305586   40.185906649   40.949540417
    3.746243740   45.627564274   41.551154993   43.021796697
    3.753422371   49.087527967   43.386734268   45.309455653
    3.760601002   52.648095026   45.621918809   47.585376580
    3.767779633   55.901947159   48.034553760   49.633722516
    3.774958264   58.395326900   50.318321106   51.297570387
    3.782136895   59.785097772   52.187878348   52.505000791
    3.789315526   59.980778917   53.467160102   53.264078996
    3.796494157   59.177260740   54.113335802   53.628882422
    3.803672788   57.749687107   54.169372243   53.653451390
    3.810851419   56.076022254   53.686984990   53.358070147
    3.818030050   54.395264072   52.681280048   52.725076418
    3.825208681   52.768360021   51.150375528   51.723981433
    3.832387312   51.130701227   49.138954531   50.349771385
    3.839565943   49.378308280   46.788103304   48.651485028
    3.846744574   47.436886417   44.323486973   46.732407193
    3.853923205   45.295290533   41.980493234   44.718938549
    3.861101836   43.008845164   39.912239515   42.717537118
    3.868280467   40.684291711   38.140176242   40.791515791
    3.875459098   38.454428598   36.577831729   38.974695290
    3.882637730   36.445207721   35.106636366   37.303391911
    3.889816361   34.737361280   33.647268465   35.825952977
    3.896994992   33.332040794   32.179442327   34.568566197
    3.904173623   32.140160523   30.710187476   33.484070001
    3.911352254   31.013469000   29.233872678   32.439011705
    3.918530885   29.812464256   27.727643058   31.269590541
    3.925709516   28.475344830   26.185682260   29.877851600
    3.932888147   27.043359580   24.655659352   28.299802439
    3.940066778   25.626431707   23.238482650   26.693499585
    3.947245409   24.336443658   22.046098424   25.252659307
    3.954424040   23.234253714   21.146964167   24.102081117
    3.961602671   22.316770228   20.535505690   23.239292756
    3.968781302   21.537619693   20.141254455   22.553000923
    3.975959933   20.839952746   19.867740516   21.900358873
    3.983138564   20.185358481   19.638682783   21.192571146
    3.990317195   19.570568675   19.430501596   20.439403565
    3.997495826   19.024761980   19.277279441   19.733547962
    4.004674457   18.583825265   19.243241149   19.192859042
    4.011853088   18.251724033   19.371626629   18.898008615
    4.019031720   17.974321711   19.635941587   18.857112991
    4.026210351   17.650207118   19.926354045   19.007518650
    4.033388982   17.180340535   20.086671484   19.244169175
    4.040567613   16.528168925   19.982776973   19.454647400
    4.047746244   15.748979983   19.559824720   19.545198980
    4.054924875   14.965199080   18.854990089   19.453475185
    4.062103506   14.301826193   17.966294005   19.152122366
    4.069282137   13.824669643   17.005457771   18.647738168
    4.076460768   13.520921410   16.063854764   17.976745778
    4.083639399   13.329474105   15.202199025   17.199455566
    4.090818030   13.192984341   14.456495944   16.394194529
    4.097996661   13.092709433   13.846866382   15.649903691
    4.105175292   13.046841254   13.380663882   15.051083074
    4.112353923   13.083617736   13.049608025   14.652675755
    4.119532554   13.215301785   12.826594915   14.455344032
    4.126711185   13.429559438   12.668719207   14.400358551
    4.133889816   13.695339492   12.528824228   14.394496640
    4.141068447   13.970715329   12.371066543   14.352766223
    4.148247078   14.205770601   12.181303245   14.230753000
    4.155425710   14.344534656   11.965252592   14.025686323
    4.162604341   14.334045279   11.736245803   13.751125097
    4.169782972   14.142561866   11.503061928   13.411523245
    4.176961603   13.778754678   11.268388263   13.000563426
    4.184140234   13.298198461   11.038697772   12.523753582
    4.191318865   12.787962282   10.835189219   12.022895686
    4.198497496   12.332873119   10.693253447   11.577443512
    4.205676127   11.980168976   10.647025918   11.276248174
    4.212854758   11.723046818   10.708062962   11.176079265
    4.220033389   11.513627480   10.852564173   11.272645931
    4.227212020   11.297567326   11.026210472   11.500495603
    4.234390651   11.048495894   11.164643604   11.759103543
    4.241569282   10.781007431   11.218721638   11.948004298
    4.248747913   10.536033719   11.171700850   11.993332346
    4.255926544   10.351318943   11.040818856   11.859723691
    4.263105175   10.238735767   10.865147478   11.553259429
    4.270283806   10.183105985   10.688986751   11.121633516
    4.277462437   10.160322010   10.550085766   10.648427905
    4.284641068   10.159299129   10.475180386   10.232910357
    4.291819699   10.191384640   10.478563052    9.955093992
    4.298998331   10.280394867   10.558791140    9.841214562
    4.306176962   10.438826624   10.693618435    9.850796310
    4.313355593   10.644918564   10.838319656    9.895400576
    4.320534224   10.837146286   10.933179434    9.879754347
    4.327712855   10.934203215   10.921148706    9.743144700
    4.334891486   10.871680444   10.769098226    9.480261215
    4.342070117   10.633184012   10.480967500    9.133221693
    4.349248748   10.256561972   10.093775037    8.762267774
    4.356427379    9.814551098    9.658226548    8.413301914
    4.363606010    9.386816963    9.217005488    8.100613689
    4.370784641    9.041120713    8.795464830    7.812814676
    4.377963272    8.826943606    8.408439505    7.535338037
    4.385141903    8.771994697    8.072506817    7.272921366
    4.392320534    8.873612645    7.809011455    7.056499887
    4.399499165    9.089492548    7.633858009    6.930003590
    4.406677796    9.340661988    7.544818456    6.925968977
    4.413856427    9.534254112    7.520558431    7.045391472
    4.421035058    9.598449712    7.533771337    7.252928223
    4.428213689    9.510174869    7.565882027    7.487721828
    4.435392321    9.298084844    7.608763228    7.681559625
    4.442570952    9.018622626    7.652628355    7.775707089
    4.449749583    8.721125279    7.674682160    7.733594467
    4.456928214    8.425746001    7.643768343    7.550869252
    4.464106845    8.128314843    7.540850997    7.261907586
    4.471285476    7.825149996    7.378993985    6.936428242
    4.478464107    7.535005423    7.205180679    6.660328168
    4.485642738    7.298738383    7.080144659    6.504255133
    4.492821369    7.156951058    7.047972583    6.494037180
    4.500000000    7.123778009    7.112541595    6.598951084
