# energy grid [eV]     epsi_x  epsi_y  epsi_z
#
    0.200000000    0.000000000    0.000000000    0.000000000
    0.207178631    0.000000000    0.000000000    0.000000000
    0.214357262    0.000000000    0.000000000    0.000000000
    0.221535893    0.000000000    0.000000000    0.000000000
    0.228714524    0.000000000    0.000000000    0.000000000
    0.235893155    0.000000000    0.000000000    0.000000000
    0.243071786    0.000000000    0.000000000    0.000000000
    0.250250417    0.000000000    0.000000000    0.000000000
    0.257429048    0.000000000    0.000000000    0.000000000
    0.264607679    0.000000000    0.000000000    0.000000000
    0.271786311    0.000000000    0.000000000    0.000000000
    0.278964942    0.000000000    0.000000000    0.000000000
    0.286143573    0.000000000    0.000000000    0.000000000
    0.293322204    0.000000000    0.000000000    0.000000000
    0.300500835    0.000000000    0.000000000    0.000000000
    0.307679466    0.000000000    0.000000000    0.000000000
    0.314858097    0.000000000    0.000000000    0.000000000
    0.322036728    0.000000000    0.000000000    0.000000000
    0.329215359    0.000000000    0.000000000    0.000000000
    0.336393990    0.000000000    0.000000000    0.000000000
    0.343572621    0.000000000    0.000000000    0.000000000
    0.350751252    0.000000000    0.000000000    0.000000000
    0.357929883    0.000000000    0.000000000    0.000000000
    0.365108514    0.000000000    0.000000000    0.000000000
    0.372287145    0.000000000    0.000000000    0.000000000
    0.379465776    0.000000000    0.000000000    0.000000000
    0.386644407    0.000000000    0.000000000    0.000000000
    0.393823038    0.000000000    0.000000000    0.000000000
    0.401001669    0.000000000    0.000000000    0.000000000
    0.408180301    0.000000000    0.000000000    0.000000000
    0.415358932    0.000000000    0.000000000    0.000000000
    0.422537563    0.000000000    0.000000000    0.000000000
    0.429716194    0.000000000    0.000000000    0.000000000
    0.436894825    0.000000000    0.000000000    0.000000000
    0.444073456    0.000000000    0.000000000    0.000000000
    0.451252087    0.000000000    0.000000000    0.000000000
    0.458430718    0.000000000    0.000000000    0.000000000
    0.465609349    0.000000000    0.000000000    0.000000000
    0.472787980    0.000000000    0.000000000    0.000000000
    0.479966611    0.000000000    0.000000000    0.000000000
    0.487145242    0.000000000    0.000000000    0.000000000
    0.494323873    0.000000000    0.000000000    0.000000000
    0.501502504    0.000000000    0.000000000    0.000000000
    0.508681135    0.000000000    0.000000000    0.000000000
    0.515859766    0.000000000    0.000000000    0.000000000
    0.523038397    0.000000000    0.000000000    0.000000000
    0.530217028    0.000000000    0.000000000    0.000000000
    0.537395659    0.000000000    0.000000000    0.000000000
    0.544574290    0.000000000    0.000000000    0.000000000
    0.551752922    0.000000000    0.000000000    0.000000000
    0.558931553    0.000000000    0.000000000    0.000000000
    0.566110184    0.000000000    0.000000000    0.000000000
    0.573288815    0.000000000    0.000000000    0.000000000
    0.580467446    0.000000000    0.000000000    0.000000000
    0.587646077    0.000000001    0.000000000    0.000000001
    0.594824708    0.000000001    0.000000000    0.000000001
    0.602003339    0.000000002    0.000000000    0.000000001
    0.609181970    0.000000002    0.000000000    0.000000002
    0.616360601    0.000000003    0.000000000    0.000000003
    0.623539232    0.000000003    0.000000000    0.000000003
    0.630717863    0.000000003    0.000000000    0.000000003
    0.637896494    0.000000004    0.000000001    0.000000003
    0.645075125    0.000000004    0.000000001    0.000000002
    0.652253756    0.000000005    0.000000002    0.000000002
    0.659432387    0.000000006    0.000000003    0.000000001
    0.666611018    0.000000006    0.000000004    0.000000002
    0.673789649    0.000000006    0.000000005    0.000000002
    0.680968280    0.000000006    0.000000007    0.000000003
    0.688146912    0.000000006    0.000000008    0.000000005
    0.695325543    0.000000005    0.000000008    0.000000007
    0.702504174    0.000000005    0.000000008    0.000000009
    0.709682805    0.000000005    0.000000008    0.000000012
    0.716861436    0.000000005    0.000000008    0.000000014
    0.724040067    0.000000005    0.000000007    0.000000016
    0.731218698    0.000000006    0.000000006    0.000000016
    0.738397329    0.000000005    0.000000004    0.000000014
    0.745575960    0.000000005    0.000000003    0.000000011
    0.752754591    0.000000004    0.000000002    0.000000008
    0.759933222    0.000000003    0.000000001    0.000000006
    0.767111853    0.000000002    0.000000001    0.000000003
    0.774290484    0.000000001    0.000000000    0.000000002
    0.781469115    0.000000001    0.000000000    0.000000001
    0.788647746    0.000000000    0.000000000    0.000000000
    0.795826377    0.000000000    0.000000000    0.000000000
    0.803005008    0.000000000    0.000000001    0.000000000
    0.810183639    0.000000000    0.000000001    0.000000000
    0.817362270    0.000000001    0.000000002    0.000000001
    0.824540902    0.000000001    0.000000003    0.000000001
    0.831719533    0.000000002    0.000000004    0.000000002
    0.838898164    0.000000003    0.000000004    0.000000004
    0.846076795    0.000000004    0.000000005    0.000000005
    0.853255426    0.000000004    0.000000005    0.000000007
    0.860434057    0.000000005    0.000000005    0.000000008
    0.867612688    0.000000005    0.000000005    0.000000008
    0.874791319    0.000000004    0.000000006    0.000000007
    0.881969950    0.000000003    0.000000007    0.000000005
    0.889148581    0.000000002    0.000000008    0.000000004
    0.896327212    0.000000002    0.000000009    0.000000003
    0.903505843    0.000000001    0.000000009    0.000000002
    0.910684474    0.000000001    0.000000008    0.000000001
    0.917863105    0.000000002    0.000000007    0.000000001
    0.925041736    0.000000003    0.000000005    0.000000001
    0.932220367    0.000000004    0.000000004    0.000000001
    0.939398998    0.000000005    0.000000003    0.000000001
    0.946577629    0.000000006    0.000000003    0.000000002
    0.953756260    0.000000006    0.000000002    0.000000002
    0.960934891    0.000000006    0.000000002    0.000000002
    0.968113523    0.000000006    0.000000002    0.000000002
    0.975292154    0.000000006    0.000000002    0.000000003
    0.982470785    0.000000007    0.000000002    0.000000004
    0.989649416    0.000000008    0.000000002    0.000000005
    0.996828047    0.000000010    0.000000003    0.000000007
    1.004006678    0.000000012    0.000000004    0.000000009
    1.011185309    0.000000014    0.000000007    0.000000012
    1.018363940    0.000000015    0.000000010    0.000000014
    1.025542571    0.000000016    0.000000014    0.000000015
    1.032721202    0.000000016    0.000000018    0.000000015
    1.039899833    0.000000015    0.000000022    0.000000013
    1.047078464    0.000000014    0.000000024    0.000000011
    1.054257095    0.000000013    0.000000025    0.000000008
    1.061435726    0.000000011    0.000000023    0.000000007
    1.068614357    0.000000010    0.000000019    0.000000005
    1.075792988    0.000000008    0.000000016    0.000000005
    1.082971619    0.000000008    0.000000013    0.000000005
    1.090150250    0.000000008    0.000000011    0.000000005
    1.097328881    0.000000009    0.000000010    0.000000006
    1.104507513    0.000000011    0.000000010    0.000000006
    1.111686144    0.000000013    0.000000010    0.000000006
    1.118864775    0.000000014    0.000000010    0.000000006
    1.126043406    0.000000014    0.000000010    0.000000006
    1.133222037    0.000000013    0.000000010    0.000000005
    1.140400668    0.000000012    0.000000010    0.000000005
    1.147579299    0.000000010    0.000000011    0.000000005
    1.154757930    0.000000008    0.000000011    0.000000005
    1.161936561    0.000000007    0.000000011    0.000000006
    1.169115192    0.000000006    0.000000011    0.000000007
    1.176293823    0.000000006    0.000000009    0.000000008
    1.183472454    0.000000006    0.000000008    0.000000008
    1.190651085    0.000000005    0.000000006    0.000000007
    1.197829716    0.000000005    0.000000004    0.000000006
    1.205008347    0.000000006    0.000000002    0.000000004
    1.212186978    0.000000007    0.000000002    0.000000003
    1.219365609    0.000000008    0.000000002    0.000000002
    1.226544240    0.000000009    0.000000002    0.000000002
    1.233722871    0.000000011    0.000000003    0.000000002
    1.240901503    0.000000012    0.000000004    0.000000003
    1.248080134    0.000000012    0.000000006    0.000000004
    1.255258765    0.000000012    0.000000008    0.000000006
    1.262437396    0.000000012    0.000000010    0.000000008
    1.269616027    0.000000012    0.000000012    0.000000010
    1.276794658    0.000000012    0.000000014    0.000000012
    1.283973289    0.000000012    0.000000016    0.000000012
    1.291151920    0.000000013    0.000000017    0.000000013
    1.298330551    0.000000014    0.000000018    0.000000013
    1.305509182    0.000000014    0.000000018    0.000000013
    1.312687813    0.000000015    0.000000017    0.000000012
    1.319866444    0.000000016    0.000000016    0.000000012
    1.327045075    0.000000016    0.000000015    0.000000011
    1.334223706    0.000000016    0.000000014    0.000000010
    1.341402337    0.000000015    0.000000012    0.000000009
    1.348580968    0.000000013    0.000000011    0.000000008
    1.355759599    0.000000012    0.000000010    0.000000006
    1.362938230    0.000000009    0.000000008    0.000000005
    1.370116861    0.000000007    0.000000007    0.000000004
    1.377295492    0.000000005    0.000000007    0.000000003
    1.384474124    0.000000003    0.000000006    0.000000003
    1.391652755    0.000000002    0.000000006    0.000000003
    1.398831386    0.000000002    0.000000006    0.000000003
    1.406010017    0.000000002    0.000000006    0.000000004
    1.413188648    0.000000003    0.000000006    0.000000005
    1.420367279    0.000000004    0.000000006    0.000000006
    1.427545910    0.000000005    0.000000005    0.000000007
    1.434724541    0.000000007    0.000000004    0.000000009
    1.441903172    0.000000007    0.000000004    0.000000010
    1.449081803    0.000000008    0.000000004    0.000000011
    1.456260434    0.000000007    0.000000004    0.000000013
    1.463439065    0.000000007    0.000000004    0.000000015
    1.470617696    0.000000006    0.000000005    0.000000016
    1.477796327    0.000000006    0.000000007    0.000000018
    1.484974958    0.000000006    0.000000008    0.000000018
    1.492153589    0.000000007    0.000000010    0.000000017
    1.499332220    0.000000008    0.000000012    0.000000016
    1.506510851    0.000000010    0.000000014    0.000000014
    1.513689482    0.000000012    0.000000016    0.000000014
    1.520868114    0.000000015    0.000000018    0.000000014
    1.528046745    0.000000018    0.000000020    0.000000015
    1.535225376    0.000000020    0.000000021    0.000000016
    1.542404007    0.000000021    0.000000022    0.000000017
    1.549582638    0.000000021    0.000000022    0.000000018
    1.556761269    0.000000020    0.000000021    0.000000018
    1.563939900    0.000000019    0.000000022    0.000000019
    1.571118531    0.000000021    0.000000026    0.000000022
    1.578297162    0.000000028    0.000000033    0.000000029
    1.585475793    0.000000043    0.000000045    0.000000044
    1.592654424    0.000000069    0.000000063    0.000000069
    1.599833055    0.000000107    0.000000088    0.000000106
    1.607011686    0.000000154    0.000000118    0.000000151
    1.614190317    0.000000204    0.000000149    0.000000198
    1.621368948    0.000000247    0.000000174    0.000000240
    1.628547579    0.000000274    0.000000189    0.000000266
    1.635726210    0.000000278    0.000000189    0.000000271
    1.642904841    0.000000260    0.000000177    0.000000254
    1.650083472    0.000000226    0.000000157    0.000000223
    1.657262104    0.000000187    0.000000138    0.000000186
    1.664440735    0.000000153    0.000000126    0.000000153
    1.671619366    0.000000131    0.000000124    0.000000129
    1.678797997    0.000000121    0.000000130    0.000000117
    1.685976628    0.000000123    0.000000143    0.000000114
    1.693155259    0.000000131    0.000000156    0.000000114
    1.700333890    0.000000142    0.000000165    0.000000116
    1.707512521    0.000000155    0.000000172    0.000000116
    1.714691152    0.000000171    0.000000176    0.000000115
    1.721869783    0.000000190    0.000000184    0.000000117
    1.729048414    0.000000212    0.000000197    0.000000124
    1.736227045    0.000000238    0.000000217    0.000000138
    1.743405676    0.000000266    0.000000246    0.000000162
    1.750584307    0.000000295    0.000000281    0.000000193
    1.757762938    0.000000326    0.000000319    0.000000230
    1.764941569    0.000000355    0.000000359    0.000000268
    1.772120200    0.000000380    0.000000397    0.000000303
    1.779298831    0.000000396    0.000000431    0.000000330
    1.786477462    0.000000399    0.000000458    0.000000345
    1.793656093    0.000000388    0.000000473    0.000000345
    1.800834725    0.000000364    0.000000471    0.000000329
    1.808013356    0.000000331    0.000000449    0.000000300
    1.815191987    0.000000293    0.000000406    0.000000262
    1.822370618    0.000000257    0.000000349    0.000000222
    1.829549249    0.000000226    0.000000287    0.000000188
    1.836727880    0.000000202    0.000000231    0.000000162
    1.843906511    0.000000183    0.000000185    0.000000143
    1.851085142    0.000000169    0.000000153    0.000000129
    1.858263773    0.000000155    0.000000132    0.000000115
    1.865442404    0.000000139    0.000000121    0.000000102
    1.872621035    0.000000123    0.000000116    0.000000088
    1.879799666    0.000000107    0.000000114    0.000000077
    1.886978297    0.000000095    0.000000114    0.000000070
    1.894156928    0.000000088    0.000000119    0.000000068
    1.901335559    0.000000086    0.000000127    0.000000071
    1.908514190    0.000000089    0.000000137    0.000000079
    1.915692821    0.000000095    0.000000146    0.000000091
    1.922871452    0.000000103    0.000000153    0.000000106
    1.930050083    0.000000112    0.000000155    0.000000125
    1.937228715    0.000000123    0.000000157    0.000000148
    1.944407346    0.000000137    0.000000160    0.000000174
    1.951585977    0.000000154    0.000000167    0.000000201
    1.958764608    0.000000173    0.000000178    0.000000224
    1.965943239    0.000000192    0.000000191    0.000000238
    1.973121870    0.000000208    0.000000206    0.000000243
    1.980300501    0.000000218    0.000000220    0.000000240
    1.987479132    0.000000220    0.000000233    0.000000233
    1.994657763    0.000000214    0.000000243    0.000000227
    2.001836394    0.000000202    0.000000249    0.000000225
    2.009015025    0.000000184    0.000000249    0.000000226
    2.016193656    0.000000165    0.000000243    0.000000228
    2.023372287    0.000000147    0.000000234    0.000000233
    2.030550918    0.000000135    0.000000224    0.000000240
    2.037729549    0.000000130    0.000000219    0.000000252
    2.044908180    0.000000132    0.000000222    0.000000270
    2.052086811    0.000000142    0.000000234    0.000000290
    2.059265442    0.000000157    0.000000256    0.000000310
    2.066444073    0.000000178    0.000000286    0.000000325
    2.073622705    0.000000205    0.000000323    0.000000336
    2.080801336    0.000000237    0.000000365    0.000000344
    2.087979967    0.000000273    0.000000409    0.000000357
    2.095158598    0.000000309    0.000000450    0.000000376
    2.102337229    0.000000339    0.000000481    0.000000400
    2.109515860    0.000000360    0.000000500    0.000000426
    2.116694491    0.000000370    0.000000503    0.000000446
    2.123873122    0.000000369    0.000000491    0.000000456
    2.131051753    0.000000361    0.000000469    0.000000454
    2.138230384    0.000000350    0.000000441    0.000000442
    2.145409015    0.000000339    0.000000411    0.000000422
    2.152587646    0.000000329    0.000000380    0.000000400
    2.159766277    0.000000319    0.000000351    0.000000377
    2.166944908    0.000000307    0.000000323    0.000000355
    2.174123539    0.000000294    0.000000299    0.000000337
    2.181302170    0.000000280    0.000000279    0.000000321
    2.188480801    0.000000269    0.000000267    0.000000307
    2.195659432    0.000000262    0.000000264    0.000000292
    2.202838063    0.000000259    0.000000268    0.000000276
    2.210016694    0.000000261    0.000000276    0.000000260
    2.217195326    0.000000264    0.000000286    0.000000246
    2.224373957    0.000000267    0.000000292    0.000000238
    2.231552588    0.000000268    0.000000292    0.000000239
    2.238731219    0.000000268    0.000000287    0.000000252
    2.245909850    0.000000269    0.000000281    0.000000280
    2.253088481    0.000000276    0.000000279    0.000000320
    2.260267112    0.000000291    0.000000283    0.000000368
    2.267445743    0.000000318    0.000000297    0.000000417
    2.274624374    0.000000352    0.000000319    0.000000460
    2.281803005    0.000000389    0.000000347    0.000000495
    2.288981636    0.000000421    0.000000377    0.000000520
    2.296160267    0.000000441    0.000000406    0.000000536
    2.303338898    0.000000447    0.000000432    0.000000545
    2.310517529    0.000000445    0.000000455    0.000000545
    2.317696160    0.000000442    0.000000476    0.000000538
    2.324874791    0.000000445    0.000000497    0.000000525
    2.332053422    0.000000461    0.000000519    0.000000510
    2.339232053    0.000000490    0.000000539    0.000000497
    2.346410684    0.000000525    0.000000556    0.000000490
    2.353589316    0.000000561    0.000000570    0.000000491
    2.360767947    0.000000591    0.000000583    0.000000499
    2.367946578    0.000000613    0.000000599    0.000000514
    2.375125209    0.000000632    0.000000624    0.000000536
    2.382303840    0.000000656    0.000000660    0.000000566
    2.389482471    0.000000691    0.000000703    0.000000604
    2.396661102    0.000000741    0.000000745    0.000000646
    2.403839733    0.000000809    0.000000778    0.000000693
    2.411018364    0.000000893    0.000000801    0.000000743
    2.418196995    0.000000991    0.000000820    0.000000802
    2.425375626    0.000001097    0.000000848    0.000000872
    2.432554257    0.000001199    0.000000899    0.000000952
    2.439732888    0.000001282    0.000000979    0.000001036
    2.446911519    0.000001338    0.000001088    0.000001114
    2.454090150    0.000001366    0.000001225    0.000001180
    2.461268781    0.000001379    0.000001387    0.000001234
    2.468447412    0.000001391    0.000001580    0.000001278
    2.475626043    0.000001410    0.000001817    0.000001318
    2.482804674    0.000001432    0.000002112    0.000001354
    2.489983306    0.000001451    0.000002477    0.000001388
    2.497161937    0.000001467    0.000002909    0.000001429
    2.504340568    0.000001500    0.000003378    0.000001492
    2.511519199    0.000001584    0.000003830    0.000001597
    2.518697830    0.000001761    0.000004196    0.000001765
    2.525876461    0.000002057    0.000004474    0.000002007
    2.533055092    0.000002463    0.000005018    0.000002319
    2.540233723    0.000002927    0.000008035    0.000002700
    2.547412354    0.000003363    0.000024660    0.000003275
    2.554590985    0.000003686    0.000104460    0.000004811
    2.561769616    0.000003851    0.000441876    0.000010533
    2.568948247    0.000003877    0.001705211    0.000031688
    2.576126878    0.000003859    0.005895914    0.000101997
    2.583305509    0.000003970    0.018199653    0.000308793
    2.590484140    0.000004523    0.050117959    0.000845755
    2.597662771    0.000006258    0.123112287    0.002074752
    2.604841402    0.000011314    0.269806361    0.004549329
    2.612020033    0.000026330    0.527741557    0.008925058
    2.619198664    0.000071138    0.922118666    0.015730370
    2.626377295    0.000199481    1.441910964    0.025169699
    2.633555927    0.000538857    2.025363588    0.037455736
    2.640734558    0.001347475    2.574885763    0.054393756
    2.647913189    0.003059188    3.006147098    0.082653228
    2.655091820    0.006248420    3.306060346    0.137956198
    2.662270451    0.011434855    3.554445707    0.247322662
    2.669449082    0.018720550    3.880449244    0.444658486
    2.676627713    0.027424239    4.373412046    0.755885854
    2.683806344    0.036052756    5.009806368    1.176001650
    2.690984975    0.042983758    5.652299408    1.650507370
    2.698163606    0.048165829    6.123668662    2.079591812
    2.705342237    0.056348179    6.302318071    2.355539920
    2.712520868    0.083220287    6.175866745    2.422428214
    2.719699499    0.166859044    5.829110045    2.327985472
    2.726878130    0.385798896    5.392354602    2.238641788
    2.734056761    0.878641044    4.995185251    2.410090824
    2.741235392    1.848110179    4.753864880    3.126776202
    2.748414023    3.523168015    4.789244240    4.627048262
    2.755592654    6.063066764    5.247410967    7.022422115
    2.762771285    9.427550831    6.289510858   10.220705757
    2.769949917   13.288320682    8.036075992   13.881464846
    2.777128548   17.067610516   10.486681250   17.447299248
    2.784307179   20.123464851   13.461371823   20.274727581
    2.791485810   21.992497571   16.602925456   21.830899100
    2.798664441   22.545774387   19.446073148   21.868103580
    2.805843072   21.974598755   21.531054021   20.490075893
    2.813021703   20.649957933   22.529258656   18.089318656
    2.820200334   18.973583222   22.345670568   15.208128199
    2.827378965   17.300794981   21.157440712   12.396404384
    2.834557596   15.923379466   19.358514186   10.104967848
    2.841736227   15.053861893   17.423385030    8.616302483
    2.848914858   14.783566159   15.753231145    8.012948165
    2.856093489   15.044375317   14.576143852    8.197846474
    2.863272120   15.622349850   13.930364255    8.969553334
    2.870450751   16.236213832   13.710257409   10.116469080
    2.877629382   16.643937596   13.740295396   11.472196684
    2.884808013   16.721567712   13.852150237   12.903081119
    2.891986644   16.481088693   13.942255174   14.256837371
    2.899165275   16.033100757   13.984329463   15.332361885
    2.906343907   15.524162673   13.992396294   15.909047068
    2.913522538   15.078886893   13.971891985   15.825416614
    2.920701169   14.765153004   13.911299151   15.062436049
    2.927879800   14.587703642   13.823373381   13.781881792
    2.935058431   14.501758456   13.782951527   12.289042303
    2.942237062   14.428672088   13.899722602   10.924941173
    2.949415693   14.262648416   14.227149964    9.934644680
    2.956594324   13.880284236   14.680684849    9.379620252
    2.963772955   13.176412243   15.044883979    9.142069055
    2.970951586   12.127289766   15.082758546    9.017103241
    2.978130217   10.844418751   14.683893595    8.840746160
    2.985308848    9.573935634   13.963377159    8.587687752
    2.992487479    8.630490848   13.257252028    8.393193993
    2.999666110    8.294362234   13.012927386    8.489719103
    3.006844741    8.710963089   13.613027720    9.084562596
    3.014023372    9.822002800   15.196603736   10.233012817
    3.021202003   11.353598943   17.554471528   11.772045484
    3.028380634   12.883782719   20.159897300   13.358709274
    3.035559265   13.984376064   22.340620988   14.605266890
    3.042737896   14.384287084   23.526899743   15.247924155
    3.049916528   14.074967399   23.467327587   15.264519362
    3.057095159   13.304535244   22.314141517   14.883256575
    3.064273790   12.467255117   20.535322776   14.482245170
    3.071452421   11.945820042   18.690963597   14.434377617
    3.078631052   11.977910356   17.185099370   14.972297663
    3.085809683   12.598316821   16.125402818   16.123435771
    3.092988314   13.670790251   15.361118867   17.719578198
    3.100166945   14.985858195   14.657210499   19.459568090
    3.107345576   16.372097976   13.884297333   21.007250704
    3.114524207   17.757329267   13.115834244   22.106811318
    3.121702838   19.136626413   12.600937305   22.672695925
    3.128881469   20.463534690   12.653206061   22.796150704
    3.136060100   21.551024230   13.519494448   22.652354606
    3.143238731   22.084469727   15.275532342   22.370874367
    3.150417362   21.771188248   17.768627515   21.965858671
    3.157595993   20.531364958   20.613958731   21.366514619
    3.164774624   18.584375048   23.251733592   20.498213741
    3.171953255   16.358542436   25.070869014   19.333829144
    3.179131886   14.287480530   25.582944658   17.886983145
    3.186310518   12.633457449   24.592986717   16.185669999
    3.193489149   11.441235304   22.292093681   14.272985064
    3.200667780   10.621477743   19.218635977   12.234806944
    3.207846411   10.080146523   16.093646889   10.215448778
    3.215025042    9.800147793   13.595651229    8.393978978
    3.222203673    9.832569597   12.164675014    6.935300312
    3.229382304   10.222153493   11.904607999    5.951968574
    3.236560935   10.931732833   12.604735894    5.495819785
    3.243739566   11.821842633   13.852811961    5.567941682
    3.250918197   12.695203946   15.183688093    6.125811522
    3.258096828   13.369616278   16.206121577    7.082874800
    3.265275459   13.733685690   16.673009689    8.313883275
    3.272454090   13.767644122   16.494886888    9.676188942
    3.279632721   13.540130734   15.721377677   11.038148590
    3.286811352   13.192173375   14.513073555   12.296170087
    3.293989983   12.903366587   13.105024513   13.375379574
    3.301168614   12.834688822   11.752199024   14.229240108
    3.308347245   13.064845569   10.663353009   14.853329668
    3.315525876   13.555435960    9.953476235   15.304183869
    3.322704508   14.169308957    9.643459584   15.693717579
    3.329883139   14.733225149    9.703061684   16.141970993
    3.337061770   15.109121727   10.099586389   16.710544147
    3.344240401   15.237473460   10.813173042   17.368787085
    3.351419032   15.138200837   11.811948898   18.030506500
    3.358597663   14.882334510   13.016052586   18.643192177
    3.365776294   14.563268706   14.287380190   19.257437634
    3.372954925   14.288398767   15.458666867   20.003459437
    3.380133556   14.183430479   16.384866552   20.968373045
    3.387312187   14.376483887   16.986581222   22.054956721
    3.394490818   14.937615055   17.264542397   22.935532653
    3.401669449   15.795283337   17.282603273   23.159013425
    3.408848080   16.695873511   17.129960517   22.364618251
    3.416026711   17.265553208   16.879115933   20.480402639
    3.423205342   17.167525384   16.559702297   17.790036819
    3.430383973   16.273182472   16.167424259   14.828772498
    3.437562604   14.748468256   15.711346235   12.167326032
    3.444741235   13.012741300   15.273061279   10.202771511
    3.451919866   11.605251613   15.031943604    9.065437110
    3.459098497   11.027737634   15.224855667    8.677280112
    3.466277129   11.608276100   16.049738630    8.904893238
    3.473455760   13.399902656   17.560508098    9.696297141
    3.480634391   16.131314002   19.611826059   11.107892685
    3.487813022   19.247205747   21.891114617   13.203957931
    3.494991653   22.058316079   24.028354055   15.898169994
    3.502170284   23.956566203   25.723550003   18.851082501
    3.509348915   24.598384665   26.816240496   21.509319542
    3.516527546   23.978400595   27.266975549   23.285837888
    3.523706177   22.390538317   27.098192794   23.792693140
    3.530884808   20.331779325   26.377909033   23.009011894
    3.538063439   18.399861169   25.279838708   21.310389107
    3.545242070   17.194252387   24.159452904   19.358734885
    3.552420701   17.205089778   23.540964074   17.903448969
    3.559599332   18.691574174   23.966425844   17.562954348
    3.566777963   21.586043211   25.769023279   18.653722638
    3.573956594   25.473448505   28.900251018   21.117393609
    3.581135225   29.672481072   32.910867251   24.561812781
    3.588313856   33.401762661   37.092767999   28.390024599
    3.595492487   35.981969206   40.710549514   31.967682596
    3.602671119   37.016516653   43.230675028   34.784079216
    3.609849750   36.502165235   44.476810833   36.577126333
    3.617028381   34.835415632   44.666396695   37.396114789
    3.624207012   32.701561893   44.306487029   37.571725390
    3.631385643   30.866771388   43.964460234   37.577349716
    3.638564274   29.933148072   43.990970497   37.814301838
    3.645742905   30.140982283   44.329241451   38.411130804
    3.652921536   31.293338073   44.538110542   39.143858513
    3.660100167   32.837464874   44.052355185   39.532071292
    3.667278798   34.081423883   42.549292147   39.071858609
    3.674457429   34.469721256   40.200079627   37.491330774
    3.681636060   33.807046921   37.643810576   34.904231018
    3.688814691   32.330137915   35.699235850   31.794277385
    3.695993322   30.597735978   34.991132433   28.851228140
    3.703171953   29.264975363   35.702976744   26.748829809
    3.710350584   28.862259067   37.569908396   25.966801052
    3.717529215   29.669867430   40.080422863   26.711298225
    3.724707846   31.702705774   42.752928808   28.919634648
    3.731886477   34.764115337   45.336111070   32.299633462
    3.739065109   38.522596958   47.841525356   36.375230800
    3.746243740   42.584489316   50.414955410   40.554644779
    3.753422371   46.549183249   53.139223673   44.246395179
    3.760601002   50.043818658   55.892077662   47.002938861
    3.767779633   52.753058161   58.345669360   48.622421542
    3.774958264   54.470765555   60.112421631   49.151332706
    3.782136895   55.174419109   60.956890629   48.801316456
    3.789315526   55.068358273   60.945168896   47.847185768
    3.796494157   54.521802053   60.425541778   46.556357422
    3.803672788   53.893064195   59.832209549   45.146935194
    3.810851419   53.337666628   59.425065784   43.753319584
    3.818030050   52.730583290   59.129289354   42.404781130
    3.825208681   51.745074184   58.571326877   41.040508864
    3.832387312   50.016118027   57.279843170   39.562392201
    3.839565943   47.295298891   54.934246464   37.894926780
    3.846744574   43.566547777   51.541142557   36.020122444
    3.853923205   39.124968460   47.465679157   33.979905878
    3.861101836   34.579139981   43.303121212   31.859893902
    3.868280467   30.710282091   39.642357506   29.773323187
    3.875459098   28.197615992   36.833051161   27.855417203
    3.882637730   27.344823677   34.874626950   26.260156359
    3.889816361   27.976589113   33.474590930   25.135566390
    3.896994992   29.562320045   32.224534077   24.564388893
    3.904173623   31.466888163   30.791881250   24.497614473
    3.911352254   33.165968533   29.047164126   24.738333561
    3.918530885   34.329137053   27.096257913   25.008171637
    3.925709516   34.783011259   25.218091069   25.060937149
    3.932888147   34.429072497   23.724049621   24.764431111
    3.940066778   33.190127270   22.786044914   24.099457849
    3.947245409   31.026545246   22.322482885   23.099781772
    3.954424040   28.017840806   22.032133480   21.805514729
    3.961602671   24.453721090   21.583859026   20.278355736
    3.968781302   20.848762367   20.847442051   18.654217820
    3.975959933   17.824720409   19.997028907   17.159429519
    3.983138564   15.891796297   19.402170408   16.043082396
    3.990317195   15.243153896   19.382968201   15.458523023
    3.997495826   15.684393285   20.004914775   15.382583691
    4.004674457   16.738599913   21.042466699   15.635170186
    4.011853088   17.858487402   22.103126355   15.980220834
    4.019031720   18.623042042   22.804445678   16.231680709
    4.026210351   18.832162050   22.904128833   16.302730279
    4.033388982   18.497774967   22.353817933   16.195457630
    4.040567613   17.786253037   21.294361666   15.969913163
    4.047746244   16.955663374   20.007060036   15.725759861
    4.054924875   16.287509759   18.822853419   15.594904885
    4.062103506   16.000375051   18.006879743   15.717660548
    4.069282137   16.167940919   17.662941745   16.183744714
    4.076460768   16.694426448   17.702375573   16.959015065
    4.083639399   17.373728576   17.888279663   17.854143076
    4.090818030   17.992192590   17.929095573   18.580194278
    4.097996661   18.401177118   17.581330739   18.874459308
    4.105175292   18.523588866   16.728260466   18.620080584
    4.112353923   18.325482641   15.415017906   17.884946904
    4.119532554   17.806204230   13.833343815   16.868684329
    4.126711185   17.020392680   12.262099377   15.808961536
    4.133889816   16.095059787   10.981827560   14.905610156
    4.141068447   15.201811165   10.189762318   14.282791176
    4.148247078   14.487635269    9.942957555   13.976204577
    4.155425710   14.009421762   10.149787639   13.933133194
    4.162604341   13.717641365   10.613275972   14.030322104
    4.169782972   13.497604673   11.108015646   14.116404606
    4.176961603   13.237923790   11.456935635   14.067365603
    4.184140234   12.885269484   11.575756501   13.829754172
    4.191318865   12.462718781   11.472786191   13.434735302
    4.198497496   12.052796892   11.217674602   12.984476922
    4.205676127   11.756246840   10.906346992   12.618841666
    4.212854758   11.637825354   10.639932142   12.465920815
    4.220033389   11.677604408   10.512404298   12.584596349
    4.227212020   11.758947131   10.589000024   12.924743920
    4.234390651   11.717344288   10.870495091   13.336566044
    4.241569282   11.434233591   11.264918810   13.635390379
    4.248747913   10.916403890   11.599131085   13.688784294
    4.255926544   10.302380279   11.682241328   13.475905164
    4.263105175    9.790040240   11.395528669   13.089281460
    4.270283806    9.537223785   10.759875692   12.685667279
    4.277462437    9.598098257    9.940557539   12.415927012
    4.284641068    9.920864427    9.183162918   12.364668129
    4.291819699   10.387827529    8.709619448   12.518049348
    4.298998331   10.862315012    8.620876881   12.765012228
    4.306176962   11.220499959    8.849979305   12.929513695
    4.313355593   11.369339342    9.191459219   12.828837347
    4.320534224   11.263445389    9.402778916   12.348362290
    4.327712855   10.925091322    9.335350450   11.509039324
    4.334891486   10.451878137    9.025108259   10.488318260
    4.342070117    9.988846831    8.682377183    9.562443110
    4.349248748    9.662567155    8.575267945    8.980749611
    4.356427379    9.511405399    8.870049800    8.836122895
    4.363606010    9.462054047    9.525277639    9.012331660
    4.370784641    9.374062062   10.303875689    9.245623138
    4.377963272    9.122381981   10.889450490    9.264252667
    4.385141903    8.661319028   11.029256580    8.921899898
    4.392320534    8.035880698   10.624306489    8.251807552
    4.399499165    7.351191303    9.738832680    7.423407184
    4.406677796    6.731644616    8.553343076    6.640352895
    4.413856427    6.287368169    7.297637540    6.044091486
    4.421035058    6.085972802    6.182943798    5.672065181
    4.428213689    6.129446565    5.341706340    5.479407262
    4.435392321    6.350268196    4.791292395    5.394481079
    4.442570952    6.639906084    4.442662289    5.365860103
    4.449749583    6.900468153    4.157626390    5.376419555
    4.456928214    7.089065021    3.828579273    5.430079354
    4.464106845    7.227327534    3.439006142    5.532264438
    4.471285476    7.373196587    3.074622580    5.678518465
    4.478464107    7.576874325    2.882879592    5.851930796
    4.485642738    7.849461192    3.002874608    6.025217448
    4.492821369    8.159824942    3.497538388    6.166170522
    4.500000000    8.454786648    4.316435734    6.245303304
