# energy grid [eV]     epsi_x  epsi_y  epsi_z
#
    0.200000000    0.000000000    0.000000000    0.000000000
    0.207178631    0.000000000    0.000000000    0.000000000
    0.214357262    0.000000000    0.000000000    0.000000000
    0.221535893    0.000000000    0.000000000    0.000000000
    0.228714524    0.000000000    0.000000000    0.000000000
    0.235893155    0.000000000    0.000000000    0.000000000
    0.243071786    0.000000000    0.000000000    0.000000000
    0.250250417    0.000000000    0.000000000    0.000000000
    0.257429048    0.000000000    0.000000000    0.000000000
    0.264607679    0.000000000    0.000000000    0.000000000
    0.271786311    0.000000000    0.000000000    0.000000000
    0.278964942    0.000000000    0.000000000    0.000000000
    0.286143573    0.000000000    0.000000000    0.000000000
    0.293322204    0.000000000    0.000000000    0.000000000
    0.300500835    0.000000000    0.000000000    0.000000000
    0.307679466    0.000000000    0.000000000    0.000000000
    0.314858097    0.000000000    0.000000000    0.000000000
    0.322036728    0.000000000    0.000000000    0.000000000
    0.329215359    0.000000000    0.000000000    0.000000000
    0.336393990    0.000000000    0.000000000    0.000000000
    0.343572621    0.000000000    0.000000000    0.000000000
    0.350751252    0.000000000    0.000000000    0.000000000
    0.357929883    0.000000000    0.000000000    0.000000000
    0.365108514    0.000000000    0.000000000    0.000000000
    0.372287145    0.000000000    0.000000000    0.000000000
    0.379465776    0.000000000    0.000000000    0.000000000
    0.386644407    0.000000000    0.000000000    0.000000000
    0.393823038    0.000000000    0.000000000    0.000000000
    0.401001669    0.000000000    0.000000000    0.000000000
    0.408180301    0.000000001    0.000000001    0.000000000
    0.415358932    0.000000004    0.000000004    0.000000002
    0.422537563    0.000000023    0.000000020    0.000000011
    0.429716194    0.000000113    0.000000102    0.000000057
    0.436894825    0.000000505    0.000000456    0.000000259
    0.444073456    0.000002019    0.000001822    0.000001045
    0.451252087    0.000007219    0.000006519    0.000003781
    0.458430718    0.000023105    0.000020891    0.000012276
    0.465609349    0.000066257    0.000060014    0.000035805
    0.472787980    0.000170498    0.000154721    0.000093961
    0.479966611    0.000394578    0.000358468    0.000222305
    0.487145242    0.000823975    0.000747679    0.000475490
    0.494323873    0.001560208    0.001407121    0.000923004
    0.501502504    0.002697622    0.002396862    0.001635232
    0.508681135    0.004299970    0.003711638    0.002665927
    0.515859766    0.006395343    0.005259494    0.004046900
    0.523038397    0.008994185    0.006887876    0.005809888
    0.530217028    0.012106336    0.008459969    0.008029629
    0.537395659    0.015719787    0.009942200    0.010849183
    0.544574290    0.019732847    0.011438113    0.014433571
    0.551752922    0.023886652    0.013125539    0.018831839
    0.558931553    0.027772366    0.015119884    0.023805786
    0.566110184    0.030951280    0.017350737    0.028750524
    0.573288815    0.033147758    0.019545263    0.032817242
    0.580467446    0.034411880    0.021344935    0.035232845
    0.587646077    0.035144567    0.022489886    0.035663537
    0.594824708    0.035940470    0.022959349    0.034405151
    0.602003339    0.037305086    0.022987998    0.032268309
    0.609181970    0.039387279    0.022954564    0.030213315
    0.616360601    0.041880752    0.023206742    0.028945745
    0.623539232    0.044168162    0.023912590    0.028694655
    0.630717863    0.045643925    0.025008239    0.029256821
    0.637896494    0.046034230    0.026257052    0.030213112
    0.645075125    0.045523396    0.027377250    0.031144703
    0.652253756    0.044625347    0.028170278    0.031744030
    0.659432387    0.043921466    0.028600132    0.031843059
    0.666611018    0.043866020    0.028806511    0.031439887
    0.673789649    0.044765721    0.029053955    0.030750291
    0.680968280    0.046865807    0.029628638    0.030219667
    0.688146912    0.050385515    0.030711686    0.030408000
    0.695325543    0.055411412    0.032278678    0.031738515
    0.702504174    0.061707275    0.034075862    0.034221748
    0.709682805    0.068605668    0.035694962    0.037337286
    0.716861436    0.075125049    0.036729447    0.040209243
    0.724040067    0.080314765    0.036964619    0.042051489
    0.731218698    0.083657452    0.036527437    0.042666592
    0.738397329    0.085275027    0.035902205    0.042688124
    0.745575960    0.085772812    0.035750009    0.043358712
    0.752754591    0.085792317    0.036587757    0.045912403
    0.759933222    0.085574422    0.038516694    0.050906111
    0.767111853    0.084860199    0.041192086    0.057904144
    0.774290484    0.083205703    0.044046824    0.065689628
    0.781469115    0.080441985    0.046577262    0.072825046
    0.788647746    0.076886146    0.048479374    0.078190366
    0.795826377    0.073137470    0.049602331    0.081227142
    0.803005008    0.069663712    0.049859912    0.081880962
    0.810183639    0.066546747    0.049229428    0.080416800
    0.817362270    0.063582285    0.047822658    0.077265986
    0.824540902    0.060607844    0.045920140    0.072938246
    0.831719533    0.057758088    0.043906856    0.067950180
    0.838898164    0.055438878    0.042152095    0.062740920
    0.846076795    0.054060522    0.040922303    0.057611237
    0.853255426    0.053762103    0.040378252    0.052748479
    0.860434057    0.054346850    0.040638590    0.048350094
    0.867612688    0.055459462    0.041844045    0.044770347
    0.874791319    0.056838039    0.044152378    0.042566227
    0.881969950    0.058428308    0.047634675    0.042360976
    0.889148581    0.060278181    0.052112663    0.044555839
    0.896327212    0.062315812    0.057039887    0.049028780
    0.903505843    0.064206583    0.061543116    0.054996484
    0.910684474    0.065422379    0.064674570    0.061158497
    0.917863105    0.065495300    0.065796073    0.066107179
    0.925041736    0.064290065    0.064898932    0.068832307
    0.932220367    0.062114691    0.062657459    0.069070647
    0.939398998    0.059601618    0.060154226    0.067325890
    0.946577629    0.057439623    0.058416136    0.064581697
    0.953756260    0.056113749    0.058014146    0.061901369
    0.960934891    0.055778197    0.058923326    0.060119530
    0.968113523    0.056289652    0.060666841    0.059705606
    0.975292154    0.057339945    0.062610889    0.060757057
    0.982470785    0.058598342    0.064237053    0.063057179
    0.989649416    0.059811276    0.065290199    0.066173224
    0.996828047    0.060869368    0.065799451    0.069592201
    1.004006678    0.061870509    0.066014791    0.072867891
    1.011185309    0.063152386    0.066285578    0.075721145
    1.018363940    0.065201343    0.066892003    0.078041227
    1.025542571    0.068382483    0.067876036    0.079791973
    1.032721202    0.072604603    0.068972757    0.080900998
    1.039899833    0.077184819    0.069729290    0.081236262
    1.047078464    0.081110815    0.069780323    0.080706081
    1.054257095    0.083598985    0.069108057    0.079399960
    1.061435726    0.084564045    0.068090194    0.077634365
    1.068614357    0.084640304    0.067285425    0.075847798
    1.075792988    0.084741494    0.067110944    0.074431302
    1.082971619    0.085507330    0.067646284    0.073634690
    1.090150250    0.087033050    0.068676888    0.073594886
    1.097328881    0.088994283    0.069887319    0.074395405
    1.104507513    0.090955080    0.071022792    0.076042464
    1.111686144    0.092573637    0.071927654    0.078360675
    1.118864775    0.093612881    0.072517141    0.080932019
    1.126043406    0.093886320    0.072777105    0.083184304
    1.133222037    0.093300745    0.072797034    0.084599488
    1.140400668    0.091999566    0.072760851    0.084907789
    1.147579299    0.090455223    0.072857913    0.084159880
    1.154757930    0.089369861    0.073180775    0.082674669
    1.161936561    0.089399096    0.073709036    0.080928050
    1.169115192    0.090856628    0.074395024    0.079436181
    1.176293823    0.093566641    0.075264457    0.078645264
    1.183472454    0.096922652    0.076435213    0.078824959
    1.190651085    0.100091718    0.078038502    0.079979101
    1.197829716    0.102255424    0.080104978    0.081809404
    1.205008347    0.102810751    0.082487984    0.083774627
    1.212186978    0.101513283    0.084859285    0.085265927
    1.219365609    0.098572457    0.086782301    0.085860990
    1.226544240    0.094680697    0.087852629    0.085545644
    1.233722871    0.090914891    0.087868298    0.084763669
    1.240901503    0.088463207    0.086953265    0.084228919
    1.248080134    0.088230329    0.085552681    0.084583314
    1.255258765    0.090492258    0.084280375    0.086098367
    1.262437396    0.094796116    0.083693944    0.088594047
    1.269616027    0.100183225    0.084120992    0.091597722
    1.276794658    0.105623721    0.085615149    0.094610138
    1.283973289    0.110422811    0.088021838    0.097307147
    1.291151920    0.114388923    0.091071418    0.099595892
    1.298330551    0.117722470    0.094440327    0.101562859
    1.305509182    0.120762564    0.097788242    0.103396480
    1.312687813    0.123781204    0.100809814    0.105329216
    1.319866444    0.126913876    0.103303096    0.107590080
    1.327045075    0.130172845    0.105203888    0.110344477
    1.334223706    0.133448650    0.106538393    0.113625424
    1.341402337    0.136496570    0.107319768    0.117297141
    1.348580968    0.139004339    0.107489806    0.121099857
    1.355759599    0.140797551    0.106995627    0.124775781
    1.362938230    0.142069320    0.105976932    0.128195020
    1.370116861    0.143406507    0.104914659    0.131373449
    1.377295492    0.145490847    0.104577006    0.134360096
    1.384474124    0.148620821    0.105722849    0.137100454
    1.391652755    0.152388440    0.108697102    0.139414073
    1.398831386    0.155774877    0.113154922    0.141116633
    1.406010017    0.157649257    0.118110670    0.142180260
    1.413188648    0.157378918    0.122332908    0.142798548
    1.420367279    0.155180658    0.124890704    0.143319966
    1.427545910    0.152009123    0.125547299    0.144128303
    1.434724541    0.149075274    0.124795613    0.145571957
    1.441903172    0.147310327    0.123571614    0.147963118
    1.449081803    0.147085643    0.122865371    0.151572165
    1.456260434    0.148285457    0.123434247    0.156535849
    1.463439065    0.150583094    0.125669567    0.162695520
    1.470617696    0.153676153    0.129555259    0.169488920
    1.477796327    0.157336596    0.134674358    0.176024180
    1.484974958    0.161315085    0.140293797    0.181353167
    1.492153589    0.165247561    0.145567908    0.184823121
    1.499332220    0.168678995    0.149819143    0.186323873
    1.506510851    0.171206371    0.152764894    0.186300573
    1.513689482    0.172655637    0.154561962    0.185533224
    1.520868114    0.173191859    0.155651042    0.184813663
    1.528046745    0.173298861    0.156517586    0.184692217
    1.535225376    0.173626136    0.157529255    0.185389023
    1.542404007    0.174767032    0.158924264    0.186835643
    1.549582638    0.177066921    0.160883705    0.188748995
    1.556761269    0.180530537    0.163551017    0.190691320
    1.563939900    0.184829077    0.166927084    0.192156897
    1.571118531    0.189371296    0.170712229    0.192729541
    1.578297162    0.193426180    0.174258310    0.192263326
    1.585475793    0.196309688    0.176747075    0.190968464
    1.592654424    0.197610800    0.177550108    0.189332982
    1.599833055    0.197359612    0.176571732    0.187932534
    1.607011686    0.196026185    0.174354415    0.187242373
    1.614190317    0.194329165    0.171867083    0.187516872
    1.621368948    0.192963424    0.170101839    0.188729692
    1.628547579    0.192409644    0.169716444    0.190566567
    1.635726210    0.192908750    0.170894846    0.192506565
    1.642904841    0.194534898    0.173421757    0.194016550
    1.650083472    0.197224418    0.176837978    0.194795326
    1.657262104    0.200703491    0.180562819    0.194934415
    1.664440735    0.204427678    0.183987816    0.194900777
    1.671619366    0.207707667    0.186613479    0.195359167
    1.678797997    0.210043083    0.188234575    0.196929141
    1.685976628    0.211454613    0.189061104    0.199966202
    1.693155259    0.212546705    0.189649503    0.204422106
    1.700333890    0.214228447    0.190653481    0.209830570
    1.707512521    0.217272834    0.192550674    0.215454062
    1.714691152    0.221966242    0.195505303    0.220560653
    1.721869783    0.227979545    0.199397429    0.224703315
    1.729048414    0.234457096    0.203934949    0.227847342
    1.736227045    0.240278428    0.208763629    0.230284907
    1.743405676    0.244437738    0.213551255    0.232416824
    1.750584307    0.246428985    0.218045167    0.234548901
    1.757762938    0.246467402    0.222082890    0.236802732
    1.764941569    0.245424480    0.225546497    0.239146823
    1.772120200    0.244502615    0.228311305    0.241497689
    1.779298831    0.244809288    0.230266679    0.243831660
    1.786477462    0.247007000    0.231415332    0.246245546
    1.793656093    0.251132208    0.231951469    0.248906049
    1.800834725    0.256591000    0.232209185    0.251881086
    1.808013356    0.262314295    0.232490841    0.254954360
    1.815191987    0.267063741    0.232909428    0.257592834
    1.822370618    0.269850124    0.233375982    0.259165445
    1.829549249    0.270335683    0.233738354    0.259328049
    1.836727880    0.269013676    0.233955853    0.258342483
    1.843906511    0.267007514    0.234177793    0.257110950
    1.851085142    0.265538362    0.234678225    0.256869962
    1.858263773    0.265347547    0.235707078    0.258684770
    1.865442404    0.266426466    0.237374007    0.262994961
    1.872621035    0.268211664    0.239652070    0.269430436
    1.879799666    0.270077707    0.242497133    0.276972479
    1.886978297    0.271761084    0.245991273    0.284366315
    1.894156928    0.273429327    0.250392633    0.290590092
    1.901335559    0.275392600    0.256017957    0.295182556
    1.908514190    0.277713028    0.262971858    0.298302819
    1.915692821    0.280020863    0.270844781    0.300511817
    1.922871452    0.281684989    0.278590279    0.302404632
    1.930050083    0.282237280    0.284775709    0.304320888
    1.937228715    0.281779211    0.288206408    0.306314978
    1.944407346    0.281104661    0.288622125    0.308362438
    1.951585977    0.281440968    0.286994021    0.310571234
    1.958764608    0.283928787    0.285128838    0.313166542
    1.965943239    0.289098424    0.284757911    0.316249495
    1.973121870    0.296591954    0.286692878    0.319573229
    1.980300501    0.305255369    0.290600006    0.322585118
    1.987479132    0.313559230    0.295470847    0.324740045
    1.994657763    0.320170955    0.300347003    0.325838370
    2.001836394    0.324445475    0.304742509    0.326134297
    2.009015025    0.326641614    0.308570570    0.326191243
    2.016193656    0.327781510    0.311842229    0.326671034
    2.023372287    0.329195556    0.314515440    0.328206183
    2.030550918    0.331908222    0.316580621    0.331297539
    2.037729549    0.336118252    0.318153555    0.336101203
    2.044908180    0.341056868    0.319375217    0.342157110
    2.052086811    0.345364262    0.320216968    0.348341007
    2.059265442    0.347808747    0.320458414    0.353262085
    2.066444073    0.347909454    0.319928794    0.355964577
    2.073622705    0.346085473    0.318805775    0.356474106
    2.080801336    0.343330321    0.317701388    0.355794347
    2.087979967    0.340751261    0.317475013    0.355364684
    2.095158598    0.339297173    0.318924741    0.356368858
    2.102337229    0.339696395    0.322513507    0.359323076
    2.109515860    0.342403321    0.328173597    0.364088024
    2.116694491    0.347436246    0.335203597    0.370126317
    2.123873122    0.354231010    0.342344741    0.376726902
    2.131051753    0.361730203    0.348131167    0.383072401
    2.138230384    0.368767228    0.351452102    0.388254648
    2.145409015    0.374555290    0.352065503    0.391429041
    2.152587646    0.378986440    0.350764875    0.392159134
    2.159766277    0.382566975    0.349081316    0.390765008
    2.166944908    0.386055162    0.348670256    0.388383264
    2.174123539    0.390040651    0.350701901    0.386599502
    2.181302170    0.394700292    0.355543678    0.386816864
    2.188480801    0.399821876    0.362824078    0.389725892
    2.195659432    0.405034081    0.371744458    0.395177174
    2.202838063    0.410103227    0.381416016    0.402484980
    2.210016694    0.415150727    0.391080840    0.410913592
    2.217195326    0.420683329    0.400214867    0.420005272
    2.224373957    0.427409383    0.408569274    0.429551206
    2.231552588    0.435920294    0.416166239    0.439283615
    2.238731219    0.446387241    0.423215493    0.448586449
    2.245909850    0.458413934    0.429939316    0.456517256
    2.253088481    0.471112407    0.436379049    0.462197833
    2.260267112    0.483377164    0.442329978    0.465348018
    2.267445743    0.494255997    0.447521820    0.466628959
    2.274624374    0.503275720    0.451993900    0.467592645
    2.281803005    0.510600954    0.456405384    0.470268047
    2.288981636    0.516980931    0.461975072    0.476573037
    2.296160267    0.523526160    0.469975760    0.487764516
    2.303338898    0.531403188    0.481063738    0.504083590
    2.310517529    0.541540195    0.494893716    0.524687729
    2.317696160    0.554429023    0.510295221    0.547902990
    2.324874791    0.570089117    0.525918344    0.571755981
    2.332053422    0.588192150    0.540978421    0.594647202
    2.339232053    0.608247475    0.555697070    0.615928196
    2.346410684    0.629707318    0.571212371    0.636099397
    2.353589316    0.651931379    0.588988084    0.656428522
    2.360767947    0.674092819    0.609976746    0.678052814
    2.367946578    0.695178954    0.633910654    0.700999274
    2.375125209    0.714182354    0.659078421    0.723770028
    2.382303840    0.730454371    0.682794083    0.743903715
    2.389482471    0.744089649    0.702485079    0.759276995
    2.396661102    0.756155108    0.716962120    0.769342466
    2.403839733    0.768582372    0.727183893    0.775530490
    2.411018364    0.783654669    0.735985956    0.780652581
    2.418196995    0.803241171    0.746860084    0.787772321
    2.425375626    0.828133073    0.762514781    0.799177960
    2.432554257    0.857839962    0.784032489    0.815863070
    2.439732888    0.890979215    0.810889213    0.837639904
    2.446911519    0.926079646    0.841488104    0.863780003
    2.454090150    0.962396373    0.873741294    0.893796454
    2.461268781    1.000304933    0.905553809    0.927787956
    2.468447412    1.041067464    0.935330022    0.966024317
    2.475626043    1.086185677    0.962556606    1.008144270
    2.482804674    1.136880272    0.988281955    1.052786067
    2.489983306    1.194097131    1.015206167    1.098090218
    2.497161937    1.258859057    1.047210954    1.142645414
    2.504340568    1.332330992    1.088391215    1.186059577
    2.511519199    1.415208182    1.141877423    1.228840119
    2.518697830    1.506794383    1.208898830    1.272032132
    2.525876461    1.604594182    1.288560877    1.317241840
    2.533055092    1.704895043    1.378572302    1.367174282
    2.540233723    1.804078682    1.476638329    1.426235604
    2.547412354    1.900018510    1.581730928    1.500572862
    2.554590985    1.992988943    1.694418609    1.597102344
    2.561769616    2.085613694    1.816009397    1.721370964
    2.568948247    2.181532015    1.947006712    1.874512832
    2.576126878    2.283171561    2.085785653    2.050284928
    2.583305509    2.390099239    2.228330514    2.234011671
    2.590484140    2.499572583    2.369427424    2.405385843
    2.597662771    2.609288967    2.504945527    2.545539190
    2.604841402    2.720188265    2.634030516    2.645898364
    2.612020033    2.836891540    2.759796091    2.714088811
    2.619198664    2.965559904    2.887853686    2.772820678
    2.626377295    3.111381147    3.023375519    2.851512396
    2.633555927    3.277969765    3.168402706    2.974917530
    2.640734558    3.468902180    3.321111771    3.155000788
    2.647913189    3.689853640    3.477692939    3.390310241
    2.655091820    3.949678514    3.635853584    3.672354012
    2.662270451    4.259228515    3.797689555    3.994071697
    2.669449082    4.626972996    3.969909357    4.354495874
    2.676627713    5.052024423    4.161463724    4.757148773
    2.683806344    5.518793776    4.381055313    5.205148422
    2.690984975    5.999749285    4.637332962    5.698663975
    2.698163606    6.468576043    4.941850930    6.237344174
    2.705342237    6.916329564    5.311160033    6.824143957
    2.712520868    7.356926174    5.763333437    7.464041509
    2.719699499    7.814060873    6.307741202    8.155380323
    2.726878130    8.296959882    6.933121575    8.879357375
    2.734056761    8.784114340    7.603210301    9.596519758
    2.741235392    9.230490352    8.266954453   10.254623040
    2.748414023    9.595938073    8.881202231   10.804859456
    2.755592654    9.874814731    9.433045962   11.219933095
    2.762771285   10.104333016    9.945431596   11.507837333
    2.769949917   10.344727020   10.458689253   11.715325385
    2.777128548   10.645619359   10.998007613   11.915390257
    2.784307179   11.022595103   11.549457704   12.179003361
    2.791485810   11.458515397   12.063248174   12.543072404
    2.798664441   11.924299084   12.483471585   12.993822884
    2.805843072   12.400356727   12.783239133   13.477076152
    2.813021703   12.882202742   12.979233133   13.927496826
    2.820200334   13.367742907   13.114949935   14.294693868
    2.827378965   13.837507384   13.226034461   14.549320086
    2.834557596   14.243990500   13.315222454   14.673059469
    2.841736227   14.520870179   13.356453806   14.652433292
    2.848914858   14.610664030   13.323414886   14.490733724
    2.856093489   14.496568071   13.217667084   14.229629370
    2.863272120   14.218929043   13.073222714   13.955131791
    2.870450751   13.864445334   12.935576472   13.770315339
    2.877629382   13.533020657   12.834002556   13.744536745
    2.884808013   13.300947664   12.769028266   13.871982400
    2.891986644   13.199340327   12.722588180   14.070484840
    2.899165275   13.214645880   12.680474742   14.224934953
    2.906343907   13.304769096   12.649007906   14.248653332
    2.913522538   13.419540529   12.654065783   14.124761576
    2.920701169   13.517674236   12.724204524   13.905947172
    2.927879800   13.576843770   12.869822170   13.680169195
    2.935058431   13.595068836   13.070789836   13.527894786
    2.942237062   13.583271289   13.278308265   13.493049662
    2.949415693   13.553666976   13.430114740   13.575087516
    2.956594324   13.512668672   13.474533190   13.738458445
    2.963772955   13.463763088   13.395606945   13.932118058
    2.970951586   13.416686816   13.227796852   14.110686925
    2.978130217   13.393389335   13.049360807   14.248683980
    2.985308848   13.424574445   12.952853414   14.342821825
    2.992487479   13.538506323   13.005073568   14.404215555
    2.999666110   13.748157665   13.216866635   14.446906075
    3.006844741   14.042051699   13.538671384   14.478208632
    3.014023372   14.382491470   13.883465469   14.493575087
    3.021202003   14.713972060   14.164284439   14.477965618
    3.028380634   14.981371771   14.327302851   14.415371586
    3.035559265   15.150973907   14.365935693   14.303947801
    3.042737896   15.222920087   14.312620274   14.167676562
    3.049916528   15.227435075   14.216235292   14.053829656
    3.057095159   15.207401234   14.119023415   14.013044213
    3.064273790   15.198066444   14.045000738   14.071128373
    3.071452421   15.214613603   14.003376789   14.209468926
    3.078631052   15.251569179   14.000317337   14.367979291
    3.085809683   15.290643819   14.047060416   14.471886869
    3.092988314   15.310351430   14.155972957   14.468630714
    3.100166945   15.292701565   14.326452790   14.353723729
    3.107345576   15.226810674   14.532084091   14.170774943
    3.114524207   15.111760234   14.721413621   13.987157646
    3.121702838   14.958963638   14.835537804   13.861194844
    3.128881469   14.791041932   14.833355395   13.819624813
    3.136060100   14.635423677   14.710057577   13.855769289
    3.143238731   14.516249175   14.499830022   13.946294154
    3.150417362   14.450298930   14.263459054   14.074295530
    3.157595993   14.447336381   14.067288545   14.242818079
    3.164774624   14.509026516   13.960849068   14.468667563
    3.171953255   14.623090206   13.960768527   14.760233179
    3.179131886   14.759121056   14.048603011   15.096149733
    3.186310518   14.876792005   14.185316859   15.422727338
    3.193489149   14.947832080   14.334793285   15.674800812
    3.200667780   14.978060235   14.481403591   15.807479742
    3.207846411   15.011021697   14.630964430   15.818938720
    3.215025042   15.106880668   14.797810330   15.751398614
    3.222203673   15.308940679   14.990751403   15.671854397
    3.229382304   15.619032587   15.208280128   15.645158427
    3.236560935   15.995394117   15.442341830   15.713434281
    3.243739566   16.370909786   15.682260165   15.888533615
    3.250918197   16.679242162   15.913235828   16.155064916
    3.258096828   16.876855452   16.112810732   16.477598254
    3.265275459   16.954711091   16.253352403   16.808524161
    3.272454090   16.937431605   16.313647050   17.097417167
    3.279632721   16.869924505   16.293043731   17.302789026
    3.286811352   16.795926339   16.216994547   17.403225971
    3.293989983   16.738884767   16.128022402   17.402460295
    3.301168614   16.696072211   16.066694213   17.325186036
    3.308347245   16.648074914   16.054282312   17.205334596
    3.315525876   16.574614366   16.087314277   17.072297079
    3.322704508   16.465132908   16.146084901   16.941629215
    3.329883139   16.320894520   16.210457495   16.815193921
    3.337061770   16.154466892   16.272180730   16.691304163
    3.344240401   15.991695676   16.335653518   16.578740489
    3.351419032   15.872115230   16.407308534   16.503314131
    3.358597663   15.838463175   16.482690318   16.497969073
    3.365776294   15.913787513   16.543042066   16.579264112
    3.372954925   16.080167652   16.566306769   16.726836291
    3.380133556   16.279799694   16.545645243   16.884893293
    3.387312187   16.446040216   16.502041806   16.990221475
    3.394490818   16.547136455   16.482089326   17.010066952
    3.401669449   16.611251692   16.542948085   16.964040730
    3.408848080   16.713112525   16.733888564   16.915497988
    3.416026711   16.931531271   17.083019532   16.939936969
    3.423205342   17.308210997   17.592319123   17.092490907
    3.430383973   17.834150537   18.239602498   17.393048731
    3.437562604   18.466325390   18.984457253   17.831191005
    3.444741235   19.155862311   19.775528769   18.379146192
    3.451919866   19.866513102   20.558267737   19.000624398
    3.459098497   20.576773356   21.284376070   19.653781069
    3.466277129   21.274174814   21.923829864   20.294549000
    3.473455760   21.952739738   22.476058051   20.884116082
    3.480634391   22.615837593   22.972634435   21.397410431
    3.487813022   23.278668639   23.466037218   21.828547716
    3.494991653   23.965500576   24.008165209   22.194183508
    3.502170284   24.703357599   24.630728699   22.537009962
    3.509348915   25.517264138   25.338892259   22.925658715
    3.516527546   26.428594287   26.119313530   23.442869811
    3.523706177   27.452185406   26.952770914   24.159740422
    3.530884808   28.586821482   27.819774081   25.105868041
    3.538063439   29.799928728   28.696497286   26.250993554
    3.545242070   31.016504179   29.549533988   27.508298024
    3.552420701   32.126434010   30.340418197   28.759033192
    3.559599332   33.017127970   31.041482803   29.889954750
    3.566777963   33.620679700   31.651421832   30.829930422
    3.573956594   33.947858713   32.194595899   31.569506811
    3.581135225   34.081890067   32.699089695   32.151437057
    3.588313856   34.130049235   33.167699049   32.635063268
    3.595492487   34.164456727   33.566433658   33.056006397
    3.602671119   34.194875299   33.844626635   33.408875831
    3.609849750   34.191459584   33.975720362   33.665823559
    3.617028381   34.135021553   33.989789161   33.817504104
    3.624207012   34.053589555   33.974095532   33.906044628
    3.631385643   34.021565121   34.041152216   34.025004979
    3.638564274   34.130163163   34.284552338   34.284206356
    3.645742905   34.453907878   34.746632833   34.760708563
    3.652921536   35.029831264   35.410844390   35.465350153
    3.660100167   35.850851356   36.216879727   36.343046718
    3.667278798   36.869661588   37.087211434   37.303650016
    3.674457429   38.012907278   37.952388773   38.263452033
    3.681636060   39.204958038   38.766927903   39.174690440
    3.688814691   40.391996065   39.513036558   40.030059693
    3.695993322   41.550943799   40.192690109   40.843353874
    3.703171953   42.675721965   40.811659185   41.619497187
    3.710350584   43.751752923   41.364223520   42.333568989
    3.717529215   44.740502816   41.829817228   42.934643417
    3.724707846   45.586791549   42.185437868   43.374122757
    3.731886477   46.241085917   42.423455738   43.638043739
    3.739065109   46.677341546   42.557879125   43.756190266
    3.746243740   46.893725741   42.611746266   43.777575124
    3.753422371   46.899196952   42.594824422   43.729637945
    3.760601002   46.698129881   42.487800775   43.592460988
    3.767779633   46.282638632   42.242275869   43.307315392
    3.774958264   45.634306489   41.795296084   42.813203482
    3.782136895   44.732439366   41.092757598   42.087744257
    3.789315526   43.566834344   40.116087650   41.169538493
    3.796494157   42.153598413   38.903779821   40.151110321
    3.803672788   40.547663667   37.554199460   39.144473359
    3.810851419   38.840605744   36.199086888   38.232818387
    3.818030050   37.138199317   34.954252518   37.431840544
    3.825208681   35.528444782   33.873613840   36.685480955
    3.832387312   34.060984979   32.935005384   35.903708482
    3.839565943   32.749636868   32.065501361   35.020157730
    3.846744574   31.589912142   31.187428317   34.029736407
    3.853923205   30.573795912   30.255937537   32.980819945
    3.861101836   29.692322423   29.270143605   31.933274078
    3.868280467   28.930364364   28.259463496   30.918920045
    3.875459098   28.263190761   27.259927220   29.933087516
    3.882637730   27.659572161   26.296552778   28.955676680
    3.889816361   27.089298232   25.380130904   27.977325032
    3.896994992   26.529533629   24.515541940   27.008320418
    3.904173623   25.965455746   23.710944035   26.067513856
    3.911352254   25.385246002   22.978673096   25.166074747
    3.918530885   24.774769520   22.328321918   24.303009205
    3.925709516   24.118135240   21.760730362   23.476645674
    3.932888147   23.404969246   21.269817817   22.700654400
    3.940066778   22.638757434   20.849699331   22.008160263
    3.947245409   21.839682871   20.498536409   21.437486035
    3.954424040   21.040279124   20.214807804   21.009008776
    3.961602671   20.277180828   19.990497966   20.710172466
    3.968781302   19.582892869   19.808539271   20.498784302
    3.975959933   18.979207359   19.646329303   20.320783639
    3.983138564   18.472737154   19.480980019   20.130304023
    3.990317195   18.054113880   19.292134956   19.902087332
    3.997495826   17.702597437   19.062661692   19.633420928
    4.004674457   17.394526196   18.779713323   19.337190754
    4.011853088   17.109986602   18.436762766   19.029041565
    4.019031720   16.833101190   18.035141931   18.714169934
    4.026210351   16.548000700   17.584138000   18.382121602
    4.033388982   16.237592433   17.100060075   18.014777040
    4.040567613   15.889169128   16.604473894   17.602362162
    4.047746244   15.502947491   16.120826915   17.154403124
    4.054924875   15.096040735   15.669295140   16.696812189
    4.062103506   14.698726361   15.261882507   16.259216936
    4.069282137   14.346275394   14.900991886   15.864350352
    4.076460768   14.071081342   14.582909396   15.526167226
    4.083639399   13.896514434   14.303940003   15.252661681
    4.090818030   13.831175195   14.064364416   15.045630995
    4.097996661   13.863298109   13.866385273   14.895803822
    4.105175292   13.958225725   13.706722013   14.779443043
    4.112353923   14.063249921   13.569647991   14.662949754
    4.119532554   14.121393629   13.427800427   14.515037644
    4.126711185   14.089936518   13.253495586   14.318856451
    4.133889816   13.954805184   13.034825078   14.075753804
    4.141068447   13.732797347   12.785165797   13.798845103
    4.148247078   13.460503626   12.537666228   13.502620800
    4.155425710   13.176858987   12.326682884   13.197277560
    4.162604341   12.909286405   12.167987570   12.891054126
    4.169782972   12.669575894   12.050740457   12.595929549
    4.176961603   12.458706618   11.945873121   12.329403454
    4.184140234   12.274909283   11.824449633   12.109617367
    4.191318865   12.118770725   11.673852243   11.947158956
    4.198497496   11.992320755   11.502359370   11.838629189
    4.205676127   11.893585317   11.330944939   11.764778654
    4.212854758   11.811517817   11.179180950   11.693863410
    4.220033389   11.726426308   11.055026564   11.590244829
    4.227212020   11.617554540   10.954451119   11.426913917
    4.234390651   11.474341185   10.869112368   11.197497055
    4.241569282   11.304431356   10.794477893   10.921158596
    4.248747913   11.132295837   10.731380386   10.636068890
    4.255926544   10.987456406   10.680409223   10.383495244
    4.263105175   10.888104363   10.635100465   10.190766520
    4.270283806   10.829787693   10.580715169   10.062408178
    4.277462437   10.786392388   10.499956472    9.983271243
    4.284641068   10.722906845   10.380828907    9.929418926
    4.291819699   10.612043393   10.220977095    9.878332725
    4.298998331   10.445258219   10.027214280    9.812844160
    4.306176962   10.233547942    9.812941229    9.719840185
    4.313355593    9.999983963    9.595652501    9.588817471
    4.320534224    9.769363230    9.393822255    9.413634807
    4.327712855    9.559668617    9.221884113    9.196113133
    4.334891486    9.377789197    9.084716341    8.947630949
    4.342070117    9.220401445    8.975434505    8.686729547
    4.349248748    9.079718925    8.879142201    8.434394210
    4.356427379    8.951641561    8.781290719    8.209987213
    4.363606010    8.841335695    8.675807807    8.028730355
    4.370784641    8.761355300    8.567877485    7.899252035
    4.377963272    8.721902896    8.469448824    7.820356679
    4.385141903    8.719326310    8.390238398    7.779083251
    4.392320534    8.731943012    8.330125790    7.753229849
    4.399499165    8.728166255    8.278092237    7.718709118
    4.406677796    8.682959149    8.218393992    7.658106620
    4.413856427    8.591755168    8.139532709    7.565863050
    4.421035058    8.472007590    8.039693133    7.448180131
    4.428213689    8.351212553    7.925296893    7.318959796
    4.435392321    8.250041026    7.804857685    7.194344677
    4.442570952    8.172333551    7.683767290    7.088056549
    4.449749583    8.107674132    7.564036308    7.008843518
    4.456928214    8.042269349    7.448033951    6.960120735
    4.464106845    7.968384470    7.341771743    6.940645533
    4.471285476    7.885778956    7.254362159    6.944982477
    4.478464107    7.796667402    7.194168193    6.963805901
    4.485642738    7.700926643    7.164567334    6.984989476
    4.492821369    7.596350073    7.161468654    6.995566710
    4.500000000    7.482742046    7.172967171    6.983385982
