Dynamical matrix file
phonons of GaAs                                                            
  2    2  2 10.4749400  0.0000000  0.0000000  0.0000000  0.0000000  0.0000000
           1  'Ga  '    63545.892561462038     
           2  'As  '    68285.402620549852     
    1    1      0.0000000000      0.0000000000      0.0000000000
    2    2     -0.2500000000      0.2500000000      0.2500000000

     Dynamical  Matrix in cartesian axes

     q = (    0.000000000   0.000000000   0.000000000 ) 

    1    1
  0.20816294  0.00000000   -0.00000000  0.00000000    0.00000000  0.00000000
 -0.00000000  0.00000000    0.20816294  0.00000000    0.00000000  0.00000000
 -0.00000000  0.00000000   -0.00000000  0.00000000    0.20816294  0.00000000
    1    2
 -0.20771388  0.00000000    0.00000000  0.00000000    0.00000000  0.00000000
 -0.00000000  0.00000000   -0.20771388  0.00000000    0.00000000  0.00000000
  0.00000000  0.00000000    0.00000000  0.00000000   -0.20771388  0.00000000
    2    1
 -0.20771388  0.00000000    0.00000000  0.00000000    0.00000000  0.00000000
  0.00000000  0.00000000   -0.20771388  0.00000000    0.00000000  0.00000000
  0.00000000  0.00000000   -0.00000000  0.00000000   -0.20771388  0.00000000
    2    2
  0.20664424  0.00000000   -0.00000000  0.00000000   -0.00000000  0.00000000
 -0.00000000  0.00000000    0.20664424  0.00000000   -0.00000000  0.00000000
 -0.00000000  0.00000000   -0.00000000  0.00000000    0.20664424  0.00000000

     Dielectric Tensor:

         11.568106239287          0.000000000000          0.000000000000
          0.000000000000         11.568106239287         -0.000000000000
          0.000000000000          0.000000000000         11.568106239287

     Effective Charges E-U: Z_{alpha}{s,beta}

     atom #    1
          2.029692085567          0.000000000000          0.000000000000
          0.000000000000          2.029692085567         -0.000000000000
          0.000000000000         -0.000000000000          2.029692085567
     atom #    2
         -2.045514462132          0.000000000000          0.000000000000
          0.000000000000         -2.045514462132         -0.000000000000
          0.000000000000         -0.000000000000         -2.045514462132

     Diagonalizing the dynamical matrix

     q = (    0.000000000   0.000000000   0.000000000 ) 

 **************************************************************************
     freq (    1) =      -0.226209 [THz] =      -7.545522 [cm-1]
 ( -0.591058  0.000000 -0.304833  0.000000  0.236489 -0.000000 ) 
 ( -0.593190  0.000000 -0.305933  0.000000  0.237342 -0.000000 ) 
     freq (    2) =      -0.226209 [THz] =      -7.545522 [cm-1]
 ( -0.106231  0.000000  0.544513  0.000000  0.436371  0.000000 ) 
 ( -0.106614  0.000000  0.546478  0.000000  0.437945  0.000000 ) 
     freq (    3) =      -0.226209 [THz] =      -7.545522 [cm-1]
 (  0.370898  0.000000 -0.329820  0.000000  0.501849  0.000000 ) 
 (  0.372236  0.000000 -0.331010  0.000000  0.503660  0.000000 ) 
     freq (    4) =       8.261829 [THz] =     275.584936 [cm-1]
 ( -0.050251  0.000000  0.516065  0.000000  0.518506 -0.000000 ) 
 (  0.046595  0.000000 -0.478519  0.000000 -0.480783  0.000000 ) 
     freq (    5) =       8.261829 [THz] =     275.584936 [cm-1]
 (  0.050251  0.000000 -0.516065  0.000000  0.518506  0.000000 ) 
 ( -0.046595  0.000000  0.478519  0.000000 -0.480783  0.000000 ) 
     freq (    6) =       8.261829 [THz] =     275.584936 [cm-1]
 (  0.729826  0.000000  0.071065  0.000000  0.000000  0.000000 ) 
 ( -0.676729  0.000000 -0.065895  0.000000  0.000000  0.000000 ) 
 **************************************************************************
