Dynamical matrix file
phonons of GaAs                                                            
  2    2  2 10.4749400  0.0000000  0.0000000  0.0000000  0.0000000  0.0000000
           1  'Ga  '    63548.626894188434     
           2  'As  '    68286.860931337273     
    1    1      0.0000000000      0.0000000000      0.0000000000
    2    2     -0.2500000000      0.2500000000      0.2500000000

     Dynamical  Matrix in cartesian axes

     q = (    0.000000000   0.500000000   0.000000000 ) 

    1    1
  0.18013724  0.00000000    0.00000000  0.00000000    0.00000000 -0.00000000
  0.00000000  0.00000000    0.27652258  0.00000000    0.00000000  0.00000000
  0.00000000 -0.00000000    0.00000000  0.00000000    0.18013724  0.00000000
    1    2
 -0.09652112  0.09652112   -0.00000000  0.00000000    0.07059266  0.07059266
  0.00000000  0.00000000   -0.12049895  0.12049895    0.00000000  0.00000000
  0.07059266  0.07059266   -0.00000000  0.00000000   -0.09652112  0.09652112
    2    1
 -0.09652112 -0.09652112   -0.00000000 -0.00000000    0.07059266 -0.07059266
  0.00000000  0.00000000   -0.12049895 -0.12049895    0.00000000 -0.00000000
  0.07059266 -0.07059266   -0.00000000 -0.00000000   -0.09652112 -0.09652112
    2    2
  0.21549906  0.00000000    0.00000000  0.00000000   -0.00000000 -0.00000000
 -0.00000000  0.00000000    0.26353413  0.00000000   -0.00000000  0.00000000
 -0.00000000 -0.00000000    0.00000000  0.00000000    0.21549906  0.00000000

     Dynamical  Matrix in cartesian axes

     q = (   -0.500000000   0.000000000   0.000000000 ) 

    1    1
  0.27652258  0.00000000    0.00000000  0.00000000    0.00000000  0.00000000
  0.00000000  0.00000000    0.18013724  0.00000000    0.00000000  0.00000000
  0.00000000  0.00000000    0.00000000  0.00000000    0.18013724  0.00000000
    1    2
 -0.12049895  0.12049895    0.00000000  0.00000000   -0.00000000  0.00000000
 -0.00000000  0.00000000   -0.09652112  0.09652112   -0.07059266 -0.07059266
  0.00000000 -0.00000000   -0.07059266 -0.07059266   -0.09652112  0.09652112
    2    1
 -0.12049895 -0.12049895    0.00000000  0.00000000   -0.00000000 -0.00000000
 -0.00000000 -0.00000000   -0.09652112 -0.09652112   -0.07059266  0.07059266
  0.00000000  0.00000000   -0.07059266  0.07059266   -0.09652112 -0.09652112
    2    2
  0.26353413  0.00000000   -0.00000000  0.00000000    0.00000000  0.00000000
  0.00000000  0.00000000    0.21549906  0.00000000    0.00000000  0.00000000
 -0.00000000  0.00000000   -0.00000000  0.00000000    0.21549906  0.00000000

     Dynamical  Matrix in cartesian axes

     q = (    0.000000000  -0.500000000   0.000000000 ) 

    1    1
  0.18013724  0.00000000    0.00000000  0.00000000    0.00000000  0.00000000
  0.00000000  0.00000000    0.27652258  0.00000000    0.00000000  0.00000000
  0.00000000  0.00000000    0.00000000  0.00000000    0.18013724  0.00000000
    1    2
 -0.09652112 -0.09652112   -0.00000000  0.00000000    0.07059266 -0.07059266
  0.00000000  0.00000000   -0.12049895 -0.12049895    0.00000000  0.00000000
  0.07059266 -0.07059266    0.00000000  0.00000000   -0.09652112 -0.09652112
    2    1
 -0.09652112  0.09652112    0.00000000 -0.00000000    0.07059266  0.07059266
  0.00000000  0.00000000   -0.12049895  0.12049895    0.00000000 -0.00000000
  0.07059266  0.07059266    0.00000000 -0.00000000   -0.09652112  0.09652112
    2    2
  0.21549906  0.00000000    0.00000000  0.00000000    0.00000000  0.00000000
  0.00000000  0.00000000    0.26353413  0.00000000    0.00000000  0.00000000
 -0.00000000  0.00000000    0.00000000  0.00000000    0.21549906  0.00000000

     Dynamical  Matrix in cartesian axes

     q = (    0.000000000   0.000000000   0.500000000 ) 

    1    1
  0.18013724  0.00000000    0.00000000 -0.00000000    0.00000000  0.00000000
  0.00000000 -0.00000000    0.18013724  0.00000000    0.00000000  0.00000000
  0.00000000  0.00000000    0.00000000  0.00000000    0.27652258  0.00000000
    1    2
 -0.09652112  0.09652112    0.07059266  0.07059266    0.00000000 -0.00000000
  0.07059266  0.07059266   -0.09652112  0.09652112    0.00000000 -0.00000000
  0.00000000 -0.00000000    0.00000000  0.00000000   -0.12049895  0.12049895
    2    1
 -0.09652112 -0.09652112    0.07059266 -0.07059266    0.00000000  0.00000000
  0.07059266 -0.07059266   -0.09652112 -0.09652112    0.00000000  0.00000000
  0.00000000 -0.00000000    0.00000000 -0.00000000   -0.12049895 -0.12049895
    2    2
  0.21549906  0.00000000    0.00000000 -0.00000000    0.00000000  0.00000000
  0.00000000 -0.00000000    0.21549906  0.00000000    0.00000000  0.00000000
 -0.00000000  0.00000000    0.00000000  0.00000000    0.26353413  0.00000000

     Dynamical  Matrix in cartesian axes

     q = (    0.000000000   0.000000000  -0.500000000 ) 

    1    1
  0.18013724  0.00000000    0.00000000  0.00000000    0.00000000  0.00000000
  0.00000000  0.00000000    0.18013724  0.00000000    0.00000000  0.00000000
  0.00000000  0.00000000    0.00000000  0.00000000    0.27652258  0.00000000
    1    2
 -0.09652112 -0.09652112    0.07059266 -0.07059266    0.00000000 -0.00000000
  0.07059266 -0.07059266   -0.09652112 -0.09652112    0.00000000 -0.00000000
  0.00000000  0.00000000    0.00000000 -0.00000000   -0.12049895 -0.12049895
    2    1
 -0.09652112  0.09652112    0.07059266  0.07059266    0.00000000  0.00000000
  0.07059266  0.07059266   -0.09652112  0.09652112    0.00000000  0.00000000
  0.00000000  0.00000000    0.00000000 -0.00000000   -0.12049895  0.12049895
    2    2
  0.21549906  0.00000000   -0.00000000  0.00000000   -0.00000000  0.00000000
 -0.00000000  0.00000000    0.21549906  0.00000000   -0.00000000  0.00000000
  0.00000000  0.00000000   -0.00000000  0.00000000    0.26353413  0.00000000

     Dynamical  Matrix in cartesian axes

     q = (    0.500000000   0.000000000   0.000000000 ) 

    1    1
  0.27652258  0.00000000    0.00000000  0.00000000    0.00000000  0.00000000
  0.00000000  0.00000000    0.18013724  0.00000000    0.00000000 -0.00000000
  0.00000000  0.00000000    0.00000000 -0.00000000    0.18013724  0.00000000
    1    2
 -0.12049895 -0.12049895   -0.00000000 -0.00000000   -0.00000000 -0.00000000
  0.00000000 -0.00000000   -0.09652112 -0.09652112   -0.07059266  0.07059266
 -0.00000000 -0.00000000   -0.07059266  0.07059266   -0.09652112 -0.09652112
    2    1
 -0.12049895  0.12049895    0.00000000  0.00000000    0.00000000  0.00000000
  0.00000000 -0.00000000   -0.09652112  0.09652112   -0.07059266 -0.07059266
  0.00000000  0.00000000   -0.07059266 -0.07059266   -0.09652112  0.09652112
    2    2
  0.26353413  0.00000000    0.00000000  0.00000000    0.00000000  0.00000000
  0.00000000  0.00000000    0.21549906  0.00000000    0.00000000 -0.00000000
 -0.00000000  0.00000000    0.00000000 -0.00000000    0.21549906  0.00000000

     Diagonalizing the dynamical matrix

     q = (    0.000000000   0.500000000   0.000000000 ) 

 **************************************************************************
     freq (    1) =       2.139708 [THz] =      71.372967 [cm-1]
 (  0.308973  0.302383  0.000000 -0.000000 -0.427946  0.423126 ) 
 (  0.005232 -0.005737  0.000000 -0.000000 -0.671465  0.000000 ) 
     freq (    2) =       2.139708 [THz] =      71.372967 [cm-1]
 (  0.031104  0.601004 -0.000000  0.000000  0.432051 -0.015243 ) 
 ( -0.452440  0.496149 -0.000000  0.000000 -0.007764  0.000000 ) 
     freq (    3) =       4.038245 [THz] =     134.701353 [cm-1]
 (  0.000000 -0.000000 -0.507445  0.461544 -0.000000  0.000000 ) 
 (  0.000000 -0.000000 -0.726836 -0.034431 -0.000000  0.000000 ) 
     freq (    4) =       7.762500 [THz] =     258.929125 [cm-1]
 (  0.291222  0.291222 -0.000000 -0.000000 -0.398187  0.398187 ) 
 (  0.000000 -0.000000 -0.000000 -0.000000  0.716431  0.000000 ) 
     freq (    5) =       7.762500 [THz] =     258.929125 [cm-1]
 ( -0.192620  0.529153 -0.000000  0.000000  0.387007  0.140876 ) 
 (  0.649319 -0.302751  0.000000 -0.000000 -0.000000  0.000000 ) 
     freq (    6) =       8.517989 [THz] =     284.129524 [cm-1]
 ( -0.000000  0.000000  0.556109 -0.505805  0.000000  0.000000 ) 
 (  0.000000  0.000000 -0.658734 -0.031205 -0.000000  0.000000 ) 
 **************************************************************************
