Dynamical matrix file
phonons of GaAs                                                            
  2    2  2 10.4749400  0.0000000  0.0000000  0.0000000  0.0000000  0.0000000
           1  'Ga  '    63548.626894188434     
           2  'As  '    68286.860931337273     
    1    1      0.0000000000      0.0000000000      0.0000000000
    2    2     -0.2500000000      0.2500000000      0.2500000000

     Dynamical  Matrix in cartesian axes

     q = (    0.750000000  -0.250000000   0.750000000 ) 

    1    1
  0.18362747 -0.00000000   -0.00771177  0.01020029    0.00585176 -0.00000000
 -0.00771177 -0.01020029    0.25241450 -0.00000000   -0.00771177 -0.01020029
  0.00585176 -0.00000000   -0.00771177  0.01020029    0.18362747 -0.00000000
    1    2
 -0.04768902  0.04919781   -0.04387137  0.03326934    0.11432359  0.03561276
 -0.03371874  0.03649559   -0.06440727  0.05372668   -0.03371874  0.03649559
  0.11432359  0.03561276   -0.04387137  0.03326934   -0.04768902  0.04919781
    2    1
 -0.04768902 -0.04919781   -0.03371874 -0.03649559    0.11432359 -0.03561276
 -0.04387137 -0.03326934   -0.06440727 -0.05372668   -0.04387137 -0.03326934
  0.11432359 -0.03561276   -0.03371874 -0.03649559   -0.04768902 -0.04919781
    2    2
  0.23092998  0.00000000   -0.00851372  0.01587850    0.01337075  0.00000000
 -0.00851372 -0.01587850    0.26447954  0.00000000   -0.00851372 -0.01587850
  0.01337075  0.00000000   -0.00851372  0.01587850    0.23092998  0.00000000

     Dynamical  Matrix in cartesian axes

     q = (   -0.750000000   0.250000000  -0.750000000 ) 

    1    1
  0.18362747  0.00000000   -0.00771177 -0.01020029    0.00585176  0.00000000
 -0.00771177  0.01020029    0.25241450  0.00000000   -0.00771177  0.01020029
  0.00585176  0.00000000   -0.00771177 -0.01020029    0.18362747  0.00000000
    1    2
 -0.04768902 -0.04919781   -0.04387137 -0.03326934    0.11432359 -0.03561276
 -0.03371874 -0.03649559   -0.06440727 -0.05372668   -0.03371874 -0.03649559
  0.11432359 -0.03561276   -0.04387137 -0.03326934   -0.04768902 -0.04919781
    2    1
 -0.04768902  0.04919781   -0.03371874  0.03649559    0.11432359  0.03561276
 -0.04387137  0.03326934   -0.06440727  0.05372668   -0.04387137  0.03326934
  0.11432359  0.03561276   -0.03371874  0.03649559   -0.04768902  0.04919781
    2    2
  0.23092998 -0.00000000   -0.00851372 -0.01587850    0.01337075 -0.00000000
 -0.00851372  0.01587850    0.26447954 -0.00000000   -0.00851372  0.01587850
  0.01337075 -0.00000000   -0.00851372 -0.01587850    0.23092998 -0.00000000

     Dynamical  Matrix in cartesian axes

     q = (   -0.750000000  -0.250000000  -0.750000000 ) 

    1    1
  0.18362747  0.00000000    0.00771177 -0.01020029    0.00585176  0.00000000
  0.00771177  0.01020029    0.25241450  0.00000000    0.00771177  0.01020029
  0.00585176  0.00000000    0.00771177 -0.01020029    0.18362747  0.00000000
    1    2
 -0.04768902  0.04919781    0.04387137 -0.03326934    0.11432359  0.03561276
  0.03371874 -0.03649559   -0.06440727  0.05372668    0.03371874 -0.03649559
  0.11432359  0.03561276    0.04387137 -0.03326934   -0.04768902  0.04919781
    2    1
 -0.04768902 -0.04919781    0.03371874  0.03649559    0.11432359 -0.03561276
  0.04387137  0.03326934   -0.06440727 -0.05372668    0.04387137  0.03326934
  0.11432359 -0.03561276    0.03371874  0.03649559   -0.04768902 -0.04919781
    2    2
  0.23092998  0.00000000    0.00851372 -0.01587850    0.01337075  0.00000000
  0.00851372  0.01587850    0.26447954  0.00000000    0.00851372  0.01587850
  0.01337075  0.00000000    0.00851372 -0.01587850    0.23092998  0.00000000

     Dynamical  Matrix in cartesian axes

     q = (    0.750000000   0.250000000   0.750000000 ) 

    1    1
  0.18362747 -0.00000000    0.00771177  0.01020029    0.00585176 -0.00000000
  0.00771177 -0.01020029    0.25241450 -0.00000000    0.00771177 -0.01020029
  0.00585176 -0.00000000    0.00771177  0.01020029    0.18362747 -0.00000000
    1    2
 -0.04768902 -0.04919781    0.04387137  0.03326934    0.11432359 -0.03561276
  0.03371874  0.03649559   -0.06440727 -0.05372668    0.03371874  0.03649559
  0.11432359 -0.03561276    0.04387137  0.03326934   -0.04768902 -0.04919781
    2    1
 -0.04768902  0.04919781    0.03371874 -0.03649559    0.11432359  0.03561276
  0.04387137 -0.03326934   -0.06440727  0.05372668    0.04387137 -0.03326934
  0.11432359  0.03561276    0.03371874 -0.03649559   -0.04768902  0.04919781
    2    2
  0.23092998 -0.00000000    0.00851372  0.01587850    0.01337075 -0.00000000
  0.00851372 -0.01587850    0.26447954 -0.00000000    0.00851372 -0.01587850
  0.01337075 -0.00000000    0.00851372  0.01587850    0.23092998 -0.00000000

     Dynamical  Matrix in cartesian axes

     q = (    0.250000000  -0.750000000   0.750000000 ) 

    1    1
  0.25241450 -0.00000000   -0.00771177 -0.01020029    0.00771177  0.01020029
 -0.00771177  0.01020029    0.18362747 -0.00000000   -0.00585176  0.00000000
  0.00771177 -0.01020029   -0.00585176  0.00000000    0.18362747 -0.00000000
    1    2
 -0.06440727  0.05372668   -0.03371874  0.03649559    0.03371874 -0.03649559
 -0.04387137  0.03326934   -0.04768902  0.04919781   -0.11432359 -0.03561276
  0.04387137 -0.03326934   -0.11432359 -0.03561276   -0.04768902  0.04919781
    2    1
 -0.06440727 -0.05372668   -0.04387137 -0.03326934    0.04387137  0.03326934
 -0.03371874 -0.03649559   -0.04768902 -0.04919781   -0.11432359  0.03561276
  0.03371874  0.03649559   -0.11432359  0.03561276   -0.04768902 -0.04919781
    2    2
  0.26447954  0.00000000   -0.00851372 -0.01587850    0.00851372  0.01587850
 -0.00851372  0.01587850    0.23092998  0.00000000   -0.01337075  0.00000000
  0.00851372 -0.01587850   -0.01337075  0.00000000    0.23092998  0.00000000

     Dynamical  Matrix in cartesian axes

     q = (   -0.250000000   0.750000000  -0.750000000 ) 

    1    1
  0.25241450  0.00000000   -0.00771177  0.01020029    0.00771177 -0.01020029
 -0.00771177 -0.01020029    0.18362747  0.00000000   -0.00585176 -0.00000000
  0.00771177  0.01020029   -0.00585176 -0.00000000    0.18362747  0.00000000
    1    2
 -0.06440727 -0.05372668   -0.03371874 -0.03649559    0.03371874  0.03649559
 -0.04387137 -0.03326934   -0.04768902 -0.04919781   -0.11432359  0.03561276
  0.04387137  0.03326934   -0.11432359  0.03561276   -0.04768902 -0.04919781
    2    1
 -0.06440727  0.05372668   -0.04387137  0.03326934    0.04387137 -0.03326934
 -0.03371874  0.03649559   -0.04768902  0.04919781   -0.11432359 -0.03561276
  0.03371874 -0.03649559   -0.11432359 -0.03561276   -0.04768902  0.04919781
    2    2
  0.26447954 -0.00000000   -0.00851372  0.01587850    0.00851372 -0.01587850
 -0.00851372 -0.01587850    0.23092998 -0.00000000   -0.01337075 -0.00000000
  0.00851372  0.01587850   -0.01337075 -0.00000000    0.23092998 -0.00000000

     Dynamical  Matrix in cartesian axes

     q = (   -0.750000000   0.250000000   0.750000000 ) 

    1    1
  0.18362747  0.00000000   -0.00771177  0.01020029   -0.00585176  0.00000000
 -0.00771177 -0.01020029    0.25241450 -0.00000000    0.00771177  0.01020029
 -0.00585176  0.00000000    0.00771177 -0.01020029    0.18362747  0.00000000
    1    2
  0.04768902 -0.04919781    0.04387137 -0.03326934    0.11432359  0.03561276
  0.03371874 -0.03649559    0.06440727 -0.05372668   -0.03371874  0.03649559
  0.11432359  0.03561276   -0.04387137  0.03326934    0.04768902 -0.04919781
    2    1
  0.04768902  0.04919781    0.03371874  0.03649559    0.11432359 -0.03561276
  0.04387137  0.03326934    0.06440727  0.05372668   -0.04387137 -0.03326934
  0.11432359 -0.03561276   -0.03371874 -0.03649559    0.04768902  0.04919781
    2    2
  0.23092998  0.00000000   -0.00851372  0.01587850   -0.01337075  0.00000000
 -0.00851372 -0.01587850    0.26447954  0.00000000    0.00851372  0.01587850
 -0.01337075  0.00000000    0.00851372 -0.01587850    0.23092998  0.00000000

     Dynamical  Matrix in cartesian axes

     q = (    0.750000000  -0.250000000  -0.750000000 ) 

    1    1
  0.18362747 -0.00000000   -0.00771177 -0.01020029   -0.00585176 -0.00000000
 -0.00771177  0.01020029    0.25241450  0.00000000    0.00771177 -0.01020029
 -0.00585176 -0.00000000    0.00771177  0.01020029    0.18362747 -0.00000000
    1    2
  0.04768902  0.04919781    0.04387137  0.03326934    0.11432359 -0.03561276
  0.03371874  0.03649559    0.06440727  0.05372668   -0.03371874 -0.03649559
  0.11432359 -0.03561276   -0.04387137 -0.03326934    0.04768902  0.04919781
    2    1
  0.04768902 -0.04919781    0.03371874 -0.03649559    0.11432359  0.03561276
  0.04387137 -0.03326934    0.06440727 -0.05372668   -0.04387137  0.03326934
  0.11432359  0.03561276   -0.03371874  0.03649559    0.04768902 -0.04919781
    2    2
  0.23092998 -0.00000000   -0.00851372 -0.01587850   -0.01337075 -0.00000000
 -0.00851372  0.01587850    0.26447954 -0.00000000    0.00851372 -0.01587850
 -0.01337075 -0.00000000    0.00851372  0.01587850    0.23092998 -0.00000000

     Dynamical  Matrix in cartesian axes

     q = (    0.750000000   0.250000000  -0.750000000 ) 

    1    1
  0.18362747  0.00000000    0.00771177 -0.01020029   -0.00585176  0.00000000
  0.00771177  0.01020029    0.25241450  0.00000000   -0.00771177 -0.01020029
 -0.00585176  0.00000000   -0.00771177  0.01020029    0.18362747  0.00000000
    1    2
 -0.04919781 -0.04768902    0.03326934  0.04387137    0.03561276 -0.11432359
  0.03649559  0.03371874   -0.05372668 -0.06440727   -0.03649559 -0.03371874
  0.03561276 -0.11432359   -0.03326934 -0.04387137   -0.04919781 -0.04768902
    2    1
 -0.04919781  0.04768902    0.03649559 -0.03371874    0.03561276  0.11432359
  0.03326934 -0.04387137   -0.05372668  0.06440727   -0.03326934  0.04387137
  0.03561276  0.11432359   -0.03649559  0.03371874   -0.04919781  0.04768902
    2    2
  0.23092998  0.00000000    0.00851372 -0.01587850   -0.01337075  0.00000000
  0.00851372  0.01587850    0.26447954  0.00000000   -0.00851372 -0.01587850
 -0.01337075  0.00000000   -0.00851372  0.01587850    0.23092998  0.00000000

     Dynamical  Matrix in cartesian axes

     q = (   -0.750000000  -0.250000000   0.750000000 ) 

    1    1
  0.18362747 -0.00000000    0.00771177  0.01020029   -0.00585176 -0.00000000
  0.00771177 -0.01020029    0.25241450 -0.00000000   -0.00771177  0.01020029
 -0.00585176 -0.00000000   -0.00771177 -0.01020029    0.18362747 -0.00000000
    1    2
 -0.04919781  0.04768902    0.03326934 -0.04387137    0.03561276  0.11432359
  0.03649559 -0.03371874   -0.05372668  0.06440727   -0.03649559  0.03371874
  0.03561276  0.11432359   -0.03326934  0.04387137   -0.04919781  0.04768902
    2    1
 -0.04919781 -0.04768902    0.03649559  0.03371874    0.03561276 -0.11432359
  0.03326934  0.04387137   -0.05372668 -0.06440727   -0.03326934 -0.04387137
  0.03561276 -0.11432359   -0.03649559 -0.03371874   -0.04919781 -0.04768902
    2    2
  0.23092998 -0.00000000    0.00851372  0.01587850   -0.01337075 -0.00000000
  0.00851372 -0.01587850    0.26447954 -0.00000000   -0.00851372  0.01587850
 -0.01337075 -0.00000000   -0.00851372 -0.01587850    0.23092998 -0.00000000

     Dynamical  Matrix in cartesian axes

     q = (    0.750000000   0.750000000  -0.250000000 ) 

    1    1
  0.18362747  0.00000000    0.00585176  0.00000000   -0.00771177  0.01020029
  0.00585176  0.00000000    0.18362747  0.00000000   -0.00771177  0.01020029
 -0.00771177 -0.01020029   -0.00771177 -0.01020029    0.25241450  0.00000000
    1    2
 -0.04768902  0.04919781    0.11432359  0.03561276   -0.04387137  0.03326934
  0.11432359  0.03561276   -0.04768902  0.04919781   -0.04387137  0.03326934
 -0.03371874  0.03649559   -0.03371874  0.03649559   -0.06440727  0.05372668
    2    1
 -0.04768902 -0.04919781    0.11432359 -0.03561276   -0.03371874 -0.03649559
  0.11432359 -0.03561276   -0.04768902 -0.04919781   -0.03371874 -0.03649559
 -0.04387137 -0.03326934   -0.04387137 -0.03326934   -0.06440727 -0.05372668
    2    2
  0.23092998  0.00000000    0.01337075  0.00000000   -0.00851372  0.01587850
  0.01337075  0.00000000    0.23092998  0.00000000   -0.00851372  0.01587850
 -0.00851372 -0.01587850   -0.00851372 -0.01587850    0.26447954  0.00000000

     Dynamical  Matrix in cartesian axes

     q = (   -0.750000000  -0.750000000   0.250000000 ) 

    1    1
  0.18362747 -0.00000000    0.00585176 -0.00000000   -0.00771177 -0.01020029
  0.00585176 -0.00000000    0.18362747 -0.00000000   -0.00771177 -0.01020029
 -0.00771177  0.01020029   -0.00771177  0.01020029    0.25241450 -0.00000000
    1    2
 -0.04768902 -0.04919781    0.11432359 -0.03561276   -0.04387137 -0.03326934
  0.11432359 -0.03561276   -0.04768902 -0.04919781   -0.04387137 -0.03326934
 -0.03371874 -0.03649559   -0.03371874 -0.03649559   -0.06440727 -0.05372668
    2    1
 -0.04768902  0.04919781    0.11432359  0.03561276   -0.03371874  0.03649559
  0.11432359  0.03561276   -0.04768902  0.04919781   -0.03371874  0.03649559
 -0.04387137  0.03326934   -0.04387137  0.03326934   -0.06440727  0.05372668
    2    2
  0.23092998 -0.00000000    0.01337075 -0.00000000   -0.00851372 -0.01587850
  0.01337075 -0.00000000    0.23092998 -0.00000000   -0.00851372 -0.01587850
 -0.00851372  0.01587850   -0.00851372  0.01587850    0.26447954 -0.00000000

     Dynamical  Matrix in cartesian axes

     q = (   -0.750000000  -0.750000000  -0.250000000 ) 

    1    1
  0.18362747 -0.00000000    0.00585176 -0.00000000    0.00771177 -0.01020029
  0.00585176 -0.00000000    0.18362747 -0.00000000    0.00771177 -0.01020029
  0.00771177  0.01020029    0.00771177  0.01020029    0.25241450 -0.00000000
    1    2
 -0.04768902  0.04919781    0.11432359  0.03561276    0.04387137 -0.03326934
  0.11432359  0.03561276   -0.04768902  0.04919781    0.04387137 -0.03326934
  0.03371874 -0.03649559    0.03371874 -0.03649559   -0.06440727  0.05372668
    2    1
 -0.04768902 -0.04919781    0.11432359 -0.03561276    0.03371874  0.03649559
  0.11432359 -0.03561276   -0.04768902 -0.04919781    0.03371874  0.03649559
  0.04387137  0.03326934    0.04387137  0.03326934   -0.06440727 -0.05372668
    2    2
  0.23092998  0.00000000    0.01337075  0.00000000    0.00851372 -0.01587850
  0.01337075  0.00000000    0.23092998  0.00000000    0.00851372 -0.01587850
  0.00851372  0.01587850    0.00851372  0.01587850    0.26447954  0.00000000

     Dynamical  Matrix in cartesian axes

     q = (    0.750000000   0.750000000   0.250000000 ) 

    1    1
  0.18362747  0.00000000    0.00585176  0.00000000    0.00771177  0.01020029
  0.00585176  0.00000000    0.18362747  0.00000000    0.00771177  0.01020029
  0.00771177 -0.01020029    0.00771177 -0.01020029    0.25241450  0.00000000
    1    2
 -0.04768902 -0.04919781    0.11432359 -0.03561276    0.04387137  0.03326934
  0.11432359 -0.03561276   -0.04768902 -0.04919781    0.04387137  0.03326934
  0.03371874  0.03649559    0.03371874  0.03649559   -0.06440727 -0.05372668
    2    1
 -0.04768902  0.04919781    0.11432359  0.03561276    0.03371874 -0.03649559
  0.11432359  0.03561276   -0.04768902  0.04919781    0.03371874 -0.03649559
  0.04387137 -0.03326934    0.04387137 -0.03326934   -0.06440727  0.05372668
    2    2
  0.23092998 -0.00000000    0.01337075 -0.00000000    0.00851372  0.01587850
  0.01337075 -0.00000000    0.23092998 -0.00000000    0.00851372  0.01587850
  0.00851372 -0.01587850    0.00851372 -0.01587850    0.26447954 -0.00000000

     Dynamical  Matrix in cartesian axes

     q = (   -0.750000000   0.750000000   0.250000000 ) 

    1    1
  0.18362747 -0.00000000   -0.00585176  0.00000000   -0.00771177  0.01020029
 -0.00585176  0.00000000    0.18362747 -0.00000000    0.00771177 -0.01020029
 -0.00771177 -0.01020029    0.00771177  0.01020029    0.25241450 -0.00000000
    1    2
  0.04768902 -0.04919781    0.11432359  0.03561276    0.04387137 -0.03326934
  0.11432359  0.03561276    0.04768902 -0.04919781   -0.04387137  0.03326934
  0.03371874 -0.03649559   -0.03371874  0.03649559    0.06440727 -0.05372668
    2    1
  0.04768902  0.04919781    0.11432359 -0.03561276    0.03371874  0.03649559
  0.11432359 -0.03561276    0.04768902  0.04919781   -0.03371874 -0.03649559
  0.04387137  0.03326934   -0.04387137 -0.03326934    0.06440727  0.05372668
    2    2
  0.23092998  0.00000000   -0.01337075  0.00000000   -0.00851372  0.01587850
 -0.01337075  0.00000000    0.23092998  0.00000000    0.00851372 -0.01587850
 -0.00851372 -0.01587850    0.00851372  0.01587850    0.26447954  0.00000000

     Dynamical  Matrix in cartesian axes

     q = (    0.750000000  -0.750000000  -0.250000000 ) 

    1    1
  0.18362747  0.00000000   -0.00585176 -0.00000000   -0.00771177 -0.01020029
 -0.00585176 -0.00000000    0.18362747  0.00000000    0.00771177  0.01020029
 -0.00771177  0.01020029    0.00771177 -0.01020029    0.25241450  0.00000000
    1    2
  0.04768902  0.04919781    0.11432359 -0.03561276    0.04387137  0.03326934
  0.11432359 -0.03561276    0.04768902  0.04919781   -0.04387137 -0.03326934
  0.03371874  0.03649559   -0.03371874 -0.03649559    0.06440727  0.05372668
    2    1
  0.04768902 -0.04919781    0.11432359  0.03561276    0.03371874 -0.03649559
  0.11432359  0.03561276    0.04768902 -0.04919781   -0.03371874  0.03649559
  0.04387137 -0.03326934   -0.04387137  0.03326934    0.06440727 -0.05372668
    2    2
  0.23092998 -0.00000000   -0.01337075 -0.00000000   -0.00851372 -0.01587850
 -0.01337075 -0.00000000    0.23092998 -0.00000000    0.00851372  0.01587850
 -0.00851372  0.01587850    0.00851372 -0.01587850    0.26447954 -0.00000000

     Dynamical  Matrix in cartesian axes

     q = (   -0.250000000   0.750000000   0.750000000 ) 

    1    1
  0.25241450 -0.00000000   -0.00771177 -0.01020029   -0.00771177 -0.01020029
 -0.00771177  0.01020029    0.18362747 -0.00000000    0.00585176  0.00000000
 -0.00771177  0.01020029    0.00585176  0.00000000    0.18362747 -0.00000000
    1    2
  0.06440727 -0.05372668    0.03371874 -0.03649559    0.03371874 -0.03649559
  0.04387137 -0.03326934    0.04768902 -0.04919781   -0.11432359 -0.03561276
  0.04387137 -0.03326934   -0.11432359 -0.03561276    0.04768902 -0.04919781
    2    1
  0.06440727  0.05372668    0.04387137  0.03326934    0.04387137  0.03326934
  0.03371874  0.03649559    0.04768902  0.04919781   -0.11432359  0.03561276
  0.03371874  0.03649559   -0.11432359  0.03561276    0.04768902  0.04919781
    2    2
  0.26447954  0.00000000   -0.00851372 -0.01587850   -0.00851372 -0.01587850
 -0.00851372  0.01587850    0.23092998  0.00000000    0.01337075  0.00000000
 -0.00851372  0.01587850    0.01337075  0.00000000    0.23092998  0.00000000

     Dynamical  Matrix in cartesian axes

     q = (    0.250000000  -0.750000000  -0.750000000 ) 

    1    1
  0.25241450  0.00000000   -0.00771177  0.01020029   -0.00771177  0.01020029
 -0.00771177 -0.01020029    0.18362747  0.00000000    0.00585176 -0.00000000
 -0.00771177 -0.01020029    0.00585176 -0.00000000    0.18362747  0.00000000
    1    2
  0.06440727  0.05372668    0.03371874  0.03649559    0.03371874  0.03649559
  0.04387137  0.03326934    0.04768902  0.04919781   -0.11432359  0.03561276
  0.04387137  0.03326934   -0.11432359  0.03561276    0.04768902  0.04919781
    2    1
  0.06440727 -0.05372668    0.04387137 -0.03326934    0.04387137 -0.03326934
  0.03371874 -0.03649559    0.04768902 -0.04919781   -0.11432359 -0.03561276
  0.03371874 -0.03649559   -0.11432359 -0.03561276    0.04768902 -0.04919781
    2    2
  0.26447954 -0.00000000   -0.00851372  0.01587850   -0.00851372  0.01587850
 -0.00851372 -0.01587850    0.23092998 -0.00000000    0.01337075 -0.00000000
 -0.00851372 -0.01587850    0.01337075 -0.00000000    0.23092998 -0.00000000

     Dynamical  Matrix in cartesian axes

     q = (    0.250000000   0.750000000  -0.750000000 ) 

    1    1
  0.25241450  0.00000000    0.00771177  0.01020029   -0.00771177 -0.01020029
  0.00771177 -0.01020029    0.18362747  0.00000000   -0.00585176 -0.00000000
 -0.00771177  0.01020029   -0.00585176 -0.00000000    0.18362747  0.00000000
    1    2
 -0.06440727  0.05372668    0.03371874 -0.03649559   -0.03371874  0.03649559
  0.04387137 -0.03326934   -0.04768902  0.04919781   -0.11432359 -0.03561276
 -0.04387137  0.03326934   -0.11432359 -0.03561276   -0.04768902  0.04919781
    2    1
 -0.06440727 -0.05372668    0.04387137  0.03326934   -0.04387137 -0.03326934
  0.03371874  0.03649559   -0.04768902 -0.04919781   -0.11432359  0.03561276
 -0.03371874 -0.03649559   -0.11432359  0.03561276   -0.04768902 -0.04919781
    2    2
  0.26447954  0.00000000    0.00851372  0.01587850   -0.00851372 -0.01587850
  0.00851372 -0.01587850    0.23092998  0.00000000   -0.01337075  0.00000000
 -0.00851372  0.01587850   -0.01337075  0.00000000    0.23092998  0.00000000

     Dynamical  Matrix in cartesian axes

     q = (   -0.250000000  -0.750000000   0.750000000 ) 

    1    1
  0.25241450 -0.00000000    0.00771177 -0.01020029   -0.00771177  0.01020029
  0.00771177  0.01020029    0.18362747 -0.00000000   -0.00585176  0.00000000
 -0.00771177 -0.01020029   -0.00585176  0.00000000    0.18362747 -0.00000000
    1    2
 -0.06440727 -0.05372668    0.03371874  0.03649559   -0.03371874 -0.03649559
  0.04387137  0.03326934   -0.04768902 -0.04919781   -0.11432359  0.03561276
 -0.04387137 -0.03326934   -0.11432359  0.03561276   -0.04768902 -0.04919781
    2    1
 -0.06440727  0.05372668    0.04387137 -0.03326934   -0.04387137  0.03326934
  0.03371874 -0.03649559   -0.04768902  0.04919781   -0.11432359 -0.03561276
 -0.03371874  0.03649559   -0.11432359 -0.03561276   -0.04768902  0.04919781
    2    2
  0.26447954 -0.00000000    0.00851372 -0.01587850   -0.00851372  0.01587850
  0.00851372  0.01587850    0.23092998 -0.00000000   -0.01337075 -0.00000000
 -0.00851372 -0.01587850   -0.01337075 -0.00000000    0.23092998 -0.00000000

     Dynamical  Matrix in cartesian axes

     q = (   -0.250000000  -0.750000000  -0.750000000 ) 

    1    1
  0.25241450  0.00000000    0.00771177  0.01020029    0.00771177  0.01020029
  0.00771177 -0.01020029    0.18362747  0.00000000    0.00585176 -0.00000000
  0.00771177 -0.01020029    0.00585176 -0.00000000    0.18362747  0.00000000
    1    2
 -0.05372668 -0.06440727    0.03649559  0.03371874    0.03649559  0.03371874
  0.03326934  0.04387137   -0.04919781 -0.04768902   -0.03561276  0.11432359
  0.03326934  0.04387137   -0.03561276  0.11432359   -0.04919781 -0.04768902
    2    1
 -0.05372668  0.06440727    0.03326934 -0.04387137    0.03326934 -0.04387137
  0.03649559 -0.03371874   -0.04919781  0.04768902   -0.03561276 -0.11432359
  0.03649559 -0.03371874   -0.03561276 -0.11432359   -0.04919781  0.04768902
    2    2
  0.26447954  0.00000000    0.00851372  0.01587850    0.00851372  0.01587850
  0.00851372 -0.01587850    0.23092998  0.00000000    0.01337075  0.00000000
  0.00851372 -0.01587850    0.01337075  0.00000000    0.23092998  0.00000000

     Dynamical  Matrix in cartesian axes

     q = (    0.250000000   0.750000000   0.750000000 ) 

    1    1
  0.25241450 -0.00000000    0.00771177 -0.01020029    0.00771177 -0.01020029
  0.00771177  0.01020029    0.18362747 -0.00000000    0.00585176  0.00000000
  0.00771177  0.01020029    0.00585176  0.00000000    0.18362747 -0.00000000
    1    2
 -0.05372668  0.06440727    0.03649559 -0.03371874    0.03649559 -0.03371874
  0.03326934 -0.04387137   -0.04919781  0.04768902   -0.03561276 -0.11432359
  0.03326934 -0.04387137   -0.03561276 -0.11432359   -0.04919781  0.04768902
    2    1
 -0.05372668 -0.06440727    0.03326934  0.04387137    0.03326934  0.04387137
  0.03649559  0.03371874   -0.04919781 -0.04768902   -0.03561276  0.11432359
  0.03649559  0.03371874   -0.03561276  0.11432359   -0.04919781 -0.04768902
    2    2
  0.26447954 -0.00000000    0.00851372 -0.01587850    0.00851372 -0.01587850
  0.00851372  0.01587850    0.23092998 -0.00000000    0.01337075 -0.00000000
  0.00851372  0.01587850    0.01337075 -0.00000000    0.23092998 -0.00000000

     Dynamical  Matrix in cartesian axes

     q = (    0.750000000  -0.750000000   0.250000000 ) 

    1    1
  0.18362747 -0.00000000   -0.00585176  0.00000000    0.00771177 -0.01020029
 -0.00585176  0.00000000    0.18362747 -0.00000000   -0.00771177  0.01020029
  0.00771177  0.01020029   -0.00771177 -0.01020029    0.25241450 -0.00000000
    1    2
 -0.04919781 -0.04768902    0.03561276 -0.11432359    0.03326934  0.04387137
  0.03561276 -0.11432359   -0.04919781 -0.04768902   -0.03326934 -0.04387137
  0.03649559  0.03371874   -0.03649559 -0.03371874   -0.05372668 -0.06440727
    2    1
 -0.04919781  0.04768902    0.03561276  0.11432359    0.03649559 -0.03371874
  0.03561276  0.11432359   -0.04919781  0.04768902   -0.03649559  0.03371874
  0.03326934 -0.04387137   -0.03326934  0.04387137   -0.05372668  0.06440727
    2    2
  0.23092998  0.00000000   -0.01337075  0.00000000    0.00851372 -0.01587850
 -0.01337075  0.00000000    0.23092998  0.00000000   -0.00851372  0.01587850
  0.00851372  0.01587850   -0.00851372 -0.01587850    0.26447954  0.00000000

     Dynamical  Matrix in cartesian axes

     q = (   -0.750000000   0.750000000  -0.250000000 ) 

    1    1
  0.18362747  0.00000000   -0.00585176 -0.00000000    0.00771177  0.01020029
 -0.00585176 -0.00000000    0.18362747  0.00000000   -0.00771177 -0.01020029
  0.00771177 -0.01020029   -0.00771177  0.01020029    0.25241450  0.00000000
    1    2
 -0.04919781  0.04768902    0.03561276  0.11432359    0.03326934 -0.04387137
  0.03561276  0.11432359   -0.04919781  0.04768902   -0.03326934  0.04387137
  0.03649559 -0.03371874   -0.03649559  0.03371874   -0.05372668  0.06440727
    2    1
 -0.04919781 -0.04768902    0.03561276 -0.11432359    0.03649559  0.03371874
  0.03561276 -0.11432359   -0.04919781 -0.04768902   -0.03649559 -0.03371874
  0.03326934  0.04387137   -0.03326934 -0.04387137   -0.05372668 -0.06440727
    2    2
  0.23092998 -0.00000000   -0.01337075 -0.00000000    0.00851372  0.01587850
 -0.01337075 -0.00000000    0.23092998 -0.00000000   -0.00851372 -0.01587850
  0.00851372 -0.01587850   -0.00851372  0.01587850    0.26447954 -0.00000000

     Diagonalizing the dynamical matrix

     q = (    0.750000000  -0.250000000   0.750000000 ) 

 **************************************************************************
     freq (    1) =       2.363348 [THz] =      78.832813 [cm-1]
 ( -0.525904  0.044098  0.000000 -0.000000  0.525904 -0.044098 ) 
 ( -0.470617  0.000000  0.000000 -0.000000  0.470617  0.000000 ) 
     freq (    2) =       3.224945 [THz] =     107.572579 [cm-1]
 ( -0.197656 -0.430496  0.164802 -0.352891 -0.197656 -0.430496 ) 
 (  0.368797 -0.000000  0.237129 -0.266958  0.368797  0.000000 ) 
     freq (    3) =       5.445594 [THz] =     181.645462 [cm-1]
 (  0.268076 -0.142329 -0.425712 -0.262615  0.268076 -0.142329 ) 
 ( -0.316817 -0.000000  0.184652 -0.575079 -0.316817  0.000000 ) 
     freq (    4) =       7.126635 [THz] =     237.718970 [cm-1]
 (  0.310504  0.036580 -0.519120 -0.359013  0.310504  0.036580 ) 
 (  0.342633  0.000000 -0.294782  0.290570  0.342633  0.000000 ) 
     freq (    5) =       7.692442 [THz] =     256.592253 [cm-1]
 (  0.487513 -0.040879  0.000000  0.000000 -0.487513  0.040879 ) 
 ( -0.510549 -0.000000 -0.000000 -0.000000  0.510549  0.000000 ) 
     freq (    6) =       8.065638 [THz] =     269.040718 [cm-1]
 ( -0.142667 -0.287379  0.045974 -0.482965 -0.142667 -0.287379 ) 
 ( -0.357902 -0.000000 -0.201534  0.511807 -0.357902  0.000000 ) 
 **************************************************************************
