Dynamical matrix file
phonons of GaAs                                                            
  2    2  2 10.4749400  0.0000000  0.0000000  0.0000000  0.0000000  0.0000000
           1  'Ga  '    63548.626894188434     
           2  'As  '    68286.860931337273     
    1    1      0.0000000000      0.0000000000      0.0000000000
    2    2     -0.2500000000      0.2500000000      0.2500000000

     Dynamical  Matrix in cartesian axes

     q = (    0.000000000  -1.000000000   0.000000000 ) 

    1    1
  0.16998493  0.00000000    0.00000000  0.00000000    0.00000000  0.00000000
  0.00000000  0.00000000    0.31496862  0.00000000    0.00000000  0.00000000
  0.00000000  0.00000000    0.00000000  0.00000000    0.16998493  0.00000000
    1    2
  0.00000000 -0.00000000   -0.00000000  0.00000000    0.15814958 -0.00000000
  0.00000000 -0.00000000   -0.00000000 -0.00000000   -0.00000000 -0.00000000
  0.15814958 -0.00000000   -0.00000000  0.00000000    0.00000000  0.00000000
    2    1
 -0.00000000  0.00000000    0.00000000 -0.00000000    0.15814958  0.00000000
 -0.00000000 -0.00000000    0.00000000  0.00000000   -0.00000000 -0.00000000
  0.15814958  0.00000000    0.00000000 -0.00000000    0.00000000  0.00000000
    2    2
  0.22172157  0.00000000    0.00000000  0.00000000    0.00000000  0.00000000
 -0.00000000  0.00000000    0.28624697  0.00000000   -0.00000000  0.00000000
  0.00000000  0.00000000    0.00000000  0.00000000    0.22172157  0.00000000

     Dynamical  Matrix in cartesian axes

     q = (    0.000000000   0.000000000  -1.000000000 ) 

    1    1
  0.16998493  0.00000000    0.00000000  0.00000000    0.00000000  0.00000000
  0.00000000  0.00000000    0.16998493  0.00000000    0.00000000  0.00000000
  0.00000000  0.00000000    0.00000000  0.00000000    0.31496862  0.00000000
    1    2
  0.00000000  0.00000000    0.15814958 -0.00000000    0.00000000  0.00000000
  0.15814958 -0.00000000    0.00000000  0.00000000   -0.00000000  0.00000000
  0.00000000 -0.00000000   -0.00000000 -0.00000000    0.00000000 -0.00000000
    2    1
 -0.00000000  0.00000000    0.15814958  0.00000000   -0.00000000  0.00000000
  0.15814958  0.00000000   -0.00000000  0.00000000   -0.00000000  0.00000000
  0.00000000  0.00000000    0.00000000  0.00000000    0.00000000  0.00000000
    2    2
  0.22172157  0.00000000    0.00000000  0.00000000   -0.00000000  0.00000000
  0.00000000  0.00000000    0.22172157  0.00000000   -0.00000000  0.00000000
  0.00000000  0.00000000   -0.00000000  0.00000000    0.28624697  0.00000000

     Dynamical  Matrix in cartesian axes

     q = (   -1.000000000   0.000000000   0.000000000 ) 

    1    1
  0.31496862  0.00000000    0.00000000  0.00000000    0.00000000  0.00000000
  0.00000000  0.00000000    0.16998493  0.00000000   -0.00000000  0.00000000
  0.00000000  0.00000000   -0.00000000  0.00000000    0.16998493  0.00000000
    1    2
  0.00000000  0.00000000    0.00000000 -0.00000000    0.00000000  0.00000000
 -0.00000000 -0.00000000   -0.00000000  0.00000000   -0.15814958 -0.00000000
  0.00000000  0.00000000   -0.15814958 -0.00000000    0.00000000  0.00000000
    2    1
 -0.00000000 -0.00000000   -0.00000000  0.00000000    0.00000000 -0.00000000
 -0.00000000  0.00000000   -0.00000000 -0.00000000   -0.15814958  0.00000000
 -0.00000000 -0.00000000   -0.15814958  0.00000000    0.00000000 -0.00000000
    2    2
  0.28624697  0.00000000    0.00000000  0.00000000   -0.00000000  0.00000000
  0.00000000  0.00000000    0.22172157  0.00000000   -0.00000000  0.00000000
  0.00000000  0.00000000   -0.00000000  0.00000000    0.22172157  0.00000000

     Diagonalizing the dynamical matrix

     q = (    0.000000000  -1.000000000   0.000000000 ) 

 **************************************************************************
     freq (    1) =       2.424621 [THz] =      80.876651 [cm-1]
 (  0.747903  0.000000  0.000000  0.000000 -0.132041  0.000000 ) 
 (  0.113103  0.000000  0.000000  0.000000 -0.640636  0.000000 ) 
     freq (    2) =       2.424621 [THz] =      80.876651 [cm-1]
 (  0.132041  0.000000 -0.000000  0.000000  0.747903  0.000000 ) 
 ( -0.640636  0.000000 -0.000000  0.000000 -0.113103  0.000000 ) 
     freq (    3) =       6.735610 [THz] =     224.675753 [cm-1]
 (  0.000000  0.000000 -0.000000  0.000000 -0.000000  0.000000 ) 
 ( -0.000000  0.000000  1.000000  0.000000  0.000000  0.000000 ) 
     freq (    4) =       7.324122 [THz] =     244.306426 [cm-1]
 (  0.000000  0.000000  1.000000  0.000000 -0.000000  0.000000 ) 
 ( -0.000000  0.000000  0.000000  0.000000  0.000000  0.000000 ) 
     freq (    5) =       7.629754 [THz] =     254.501189 [cm-1]
 (  0.215317  0.000000 -0.000000  0.000000 -0.642092  0.000000 ) 
 ( -0.697591  0.000000 -0.000000  0.000000  0.233928  0.000000 ) 
     freq (    6) =       7.629754 [THz] =     254.501189 [cm-1]
 ( -0.642092  0.000000  0.000000  0.000000 -0.215317  0.000000 ) 
 ( -0.233928  0.000000  0.000000  0.000000 -0.697591  0.000000 ) 
 **************************************************************************
