Dynamical matrix file
phonons of GaAs                                                            
  2    2  2 10.4749400  0.0000000  0.0000000  0.0000000  0.0000000  0.0000000
           1  'Ga  '    63548.626894188434     
           2  'As  '    68286.860931337273     
    1    1      0.0000000000      0.0000000000      0.0000000000
    2    2     -0.2500000000      0.2500000000      0.2500000000

     Dynamical  Matrix in cartesian axes

     q = (   -0.500000000  -1.000000000   0.000000000 ) 

    1    1
  0.16919861 -0.00000000    0.00000000  0.00000000   -0.00000000 -0.00000000
  0.00000000 -0.00000000    0.21338538 -0.00000000   -0.00000000 -0.01473198
 -0.00000000 -0.00000000    0.00000000  0.01473198    0.21338538 -0.00000000
    1    2
  0.00000000 -0.00000000    0.07958427  0.07958427    0.07958427 -0.07958427
  0.07078753  0.07078753    0.00000000 -0.00000000    0.00000000  0.00000000
  0.07078753 -0.07078753    0.00000000  0.00000000   -0.00000000 -0.00000000
    2    1
  0.00000000  0.00000000    0.07078753 -0.07078753    0.07078753  0.07078753
  0.07958427 -0.07958427    0.00000000  0.00000000    0.00000000  0.00000000
  0.07958427  0.07958427    0.00000000  0.00000000    0.00000000  0.00000000
    2    2
  0.23199281 -0.00000000    0.00000000 -0.00000000    0.00000000 -0.00000000
  0.00000000 -0.00000000    0.25439009 -0.00000000    0.00000000 -0.03045033
  0.00000000 -0.00000000    0.00000000  0.03045033    0.25439009 -0.00000000

     Dynamical  Matrix in cartesian axes

     q = (    0.000000000   1.000000000  -0.500000000 ) 

    1    1
  0.21338538 -0.00000000    0.00000000  0.01473198   -0.00000000 -0.00000000
  0.00000000 -0.01473198    0.21338538  0.00000000   -0.00000000 -0.00000000
 -0.00000000 -0.00000000    0.00000000  0.00000000    0.16919861 -0.00000000
    1    2
  0.00000000 -0.00000000   -0.00000000 -0.00000000    0.07078753  0.07078753
  0.00000000 -0.00000000   -0.00000000 -0.00000000   -0.07078753  0.07078753
  0.07958427  0.07958427   -0.07958427  0.07958427    0.00000000 -0.00000000
    2    1
  0.00000000 -0.00000000   -0.00000000  0.00000000    0.07958427 -0.07958427
 -0.00000000 -0.00000000    0.00000000  0.00000000   -0.07958427 -0.07958427
  0.07078753 -0.07078753   -0.07078753 -0.07078753    0.00000000 -0.00000000
    2    2
  0.25439009  0.00000000    0.00000000  0.03045033    0.00000000  0.00000000
  0.00000000 -0.03045033    0.25439009  0.00000000    0.00000000 -0.00000000
  0.00000000  0.00000000    0.00000000 -0.00000000    0.23199281  0.00000000

     Dynamical  Matrix in cartesian axes

     q = (    0.000000000   1.000000000   0.500000000 ) 

    1    1
  0.21338538 -0.00000000    0.00000000 -0.01473198   -0.00000000 -0.00000000
  0.00000000  0.01473198    0.21338538 -0.00000000   -0.00000000  0.00000000
 -0.00000000 -0.00000000    0.00000000  0.00000000    0.16919861 -0.00000000
    1    2
 -0.00000000 -0.00000000    0.00000000  0.00000000    0.07078753 -0.07078753
 -0.00000000 -0.00000000   -0.00000000  0.00000000   -0.07078753 -0.07078753
  0.07958427 -0.07958427   -0.07958427 -0.07958427    0.00000000 -0.00000000
    2    1
  0.00000000 -0.00000000   -0.00000000 -0.00000000    0.07958427  0.07958427
 -0.00000000 -0.00000000    0.00000000 -0.00000000   -0.07958427  0.07958427
  0.07078753  0.07078753   -0.07078753  0.07078753    0.00000000 -0.00000000
    2    2
  0.25439009 -0.00000000    0.00000000 -0.03045033    0.00000000 -0.00000000
  0.00000000  0.03045033    0.25439009 -0.00000000    0.00000000  0.00000000
  0.00000000 -0.00000000    0.00000000  0.00000000    0.23199281 -0.00000000

     Dynamical  Matrix in cartesian axes

     q = (    0.500000000   1.000000000   0.000000000 ) 

    1    1
  0.16919861  0.00000000    0.00000000  0.00000000   -0.00000000  0.00000000
  0.00000000 -0.00000000    0.21338538 -0.00000000   -0.00000000  0.01473198
 -0.00000000  0.00000000    0.00000000 -0.01473198    0.21338538  0.00000000
    1    2
  0.00000000 -0.00000000    0.07958427 -0.07958427    0.07958427  0.07958427
  0.07078753 -0.07078753   -0.00000000 -0.00000000    0.00000000  0.00000000
  0.07078753  0.07078753    0.00000000  0.00000000   -0.00000000 -0.00000000
    2    1
  0.00000000  0.00000000    0.07078753  0.07078753    0.07078753 -0.07078753
  0.07958427  0.07958427    0.00000000  0.00000000    0.00000000  0.00000000
  0.07958427 -0.07958427    0.00000000  0.00000000    0.00000000  0.00000000
    2    2
  0.23199281  0.00000000   -0.00000000  0.00000000    0.00000000  0.00000000
  0.00000000  0.00000000    0.25439009  0.00000000    0.00000000  0.03045033
  0.00000000  0.00000000   -0.00000000 -0.03045033    0.25439009  0.00000000

     Dynamical  Matrix in cartesian axes

     q = (    0.000000000  -0.500000000  -1.000000000 ) 

    1    1
  0.21338538  0.00000000    0.00000000  0.00000000   -0.00000000  0.01473198
  0.00000000  0.00000000    0.16919861 -0.00000000   -0.00000000  0.00000000
 -0.00000000 -0.01473198    0.00000000 -0.00000000    0.21338538 -0.00000000
    1    2
 -0.00000000  0.00000000    0.07078753  0.07078753   -0.00000000  0.00000000
  0.07958427  0.07958427   -0.00000000  0.00000000   -0.07958427  0.07958427
  0.00000000  0.00000000   -0.07078753  0.07078753    0.00000000  0.00000000
    2    1
  0.00000000  0.00000000    0.07958427 -0.07958427    0.00000000  0.00000000
  0.07078753 -0.07078753    0.00000000  0.00000000   -0.07078753 -0.07078753
  0.00000000  0.00000000   -0.07958427 -0.07958427    0.00000000  0.00000000
    2    2
  0.25439009  0.00000000    0.00000000  0.00000000    0.00000000  0.03045033
  0.00000000  0.00000000    0.23199281  0.00000000    0.00000000 -0.00000000
  0.00000000 -0.03045033    0.00000000 -0.00000000    0.25439009  0.00000000

     Dynamical  Matrix in cartesian axes

     q = (    0.000000000   0.500000000  -1.000000000 ) 

    1    1
  0.21338538  0.00000000    0.00000000  0.00000000   -0.00000000 -0.01473198
  0.00000000 -0.00000000    0.16919861 -0.00000000   -0.00000000 -0.00000000
 -0.00000000  0.01473198    0.00000000  0.00000000    0.21338538  0.00000000
    1    2
 -0.00000000 -0.00000000    0.07078753 -0.07078753    0.00000000 -0.00000000
  0.07958427 -0.07958427    0.00000000 -0.00000000   -0.07958427 -0.07958427
  0.00000000 -0.00000000   -0.07078753 -0.07078753    0.00000000 -0.00000000
    2    1
  0.00000000  0.00000000    0.07958427  0.07958427    0.00000000  0.00000000
  0.07078753  0.07078753    0.00000000  0.00000000   -0.07078753  0.07078753
  0.00000000  0.00000000   -0.07958427  0.07958427    0.00000000  0.00000000
    2    2
  0.25439009  0.00000000    0.00000000  0.00000000    0.00000000 -0.03045033
 -0.00000000 -0.00000000    0.23199281  0.00000000   -0.00000000 -0.00000000
 -0.00000000  0.03045033    0.00000000 -0.00000000    0.25439009  0.00000000

     Diagonalizing the dynamical matrix

     q = (   -0.500000000  -1.000000000   0.000000000 ) 

 **************************************************************************
     freq (    1) =       3.096007 [THz] =     103.271676 [cm-1]
 ( -0.576720  0.576720 -0.000000 -0.000000 -0.000000  0.000000 ) 
 (  0.000000  0.000000 -0.000000 -0.409138  0.409138 -0.000000 ) 
     freq (    2) =       3.463326 [THz] =     115.524119 [cm-1]
 (  0.000000 -0.000000 -0.254328 -0.458253 -0.458253  0.254328 ) 
 (  0.645391  0.184696  0.000000  0.000000 -0.000000  0.000000 ) 
     freq (    3) =       5.957610 [THz] =     198.724477 [cm-1]
 ( -0.000000 -0.000000 -0.000000 -0.000000 -0.000000 -0.000000 ) 
 ( -0.000000  0.000000 -0.000000  0.707107  0.707107  0.000000 ) 
     freq (    4) =       6.233057 [THz] =     207.912410 [cm-1]
 ( -0.000000  0.000000 -0.707107  0.000000  0.000000 -0.707107 ) 
 ( -0.000000 -0.000000  0.000000 -0.000000 -0.000000  0.000000 ) 
     freq (    5) =       7.655573 [THz] =     255.362438 [cm-1]
 ( -0.000000  0.000000 -0.450575 -0.200506 -0.200506  0.450575 ) 
 ( -0.668983  0.256945 -0.000000  0.000000 -0.000000  0.000000 ) 
     freq (    6) =       8.023510 [THz] =     267.635488 [cm-1]
 ( -0.428684  0.428684  0.000000  0.000000  0.000000 -0.000000 ) 
 (  0.000000 -0.000000 -0.000000  0.562343 -0.562343  0.000000 ) 
 **************************************************************************
