# energy grid [eV]  eels components [arbitrary units]
#
    0.000000000    0.000000000    0.000000000    0.000000000
    0.060120240    0.000074764    0.000074764    0.000074764
    0.120240481    0.000149660    0.000149660    0.000149660
    0.180360721    0.000224821    0.000224821    0.000224821
    0.240480962    0.000300386    0.000300386    0.000300386
    0.300601202    0.000376496    0.000376496    0.000376496
    0.360721443    0.000453300    0.000453300    0.000453300
    0.420841683    0.000530958    0.000530958    0.000530958
    0.480961924    0.000609639    0.000609639    0.000609639
    0.541082164    0.000689528    0.000689528    0.000689528
    0.601202405    0.000770828    0.000770828    0.000770828
    0.661322645    0.000853762    0.000853762    0.000853762
    0.721442886    0.000938581    0.000938581    0.000938581
    0.781563126    0.001025568    0.001025568    0.001025568
    0.841683367    0.001115044    0.001115044    0.001115044
    0.901803607    0.001207377    0.001207377    0.001207377
    0.961923848    0.001302996    0.001302996    0.001302996
    1.022044088    0.001402400    0.001402400    0.001402400
    1.082164329    0.001506180    0.001506180    0.001506180
    1.142284569    0.001615037    0.001615037    0.001615037
    1.202404810    0.001729817    0.001729817    0.001729817
    1.262525050    0.001851549    0.001851549    0.001851549
    1.322645291    0.001981496    0.001981496    0.001981496
    1.382765531    0.002121234    0.002121234    0.002121234
    1.442885772    0.002272750    0.002272750    0.002272750
    1.503006012    0.002438588    0.002438588    0.002438588
    1.563126253    0.002622061    0.002622060    0.002622061
    1.623246493    0.002827560    0.002827559    0.002827560
    1.683366733    0.003061032    0.003061032    0.003061032
    1.743486974    0.003330727    0.003330727    0.003330727
    1.803607214    0.003648409    0.003648409    0.003648409
    1.863727455    0.004031422    0.004031422    0.004031422
    1.923847695    0.004506356    0.004506355    0.004506356
    1.983967936    0.005115951    0.005115951    0.005115951
    2.044088176    0.005932980    0.005932979    0.005932980
    2.104208417    0.007090288    0.007090287    0.007090288
    2.164328657    0.008850977    0.008850976    0.008850977
    2.224448898    0.011779705    0.011779704    0.011779705
    2.284569138    0.017090810    0.017090808    0.017090810
    2.344689379    0.026129413    0.026129410    0.026129412
    2.404809619    0.032788268    0.032788260    0.032788265
    2.464929860    0.031148469    0.031148461    0.031148466
    2.525050100    0.033914759    0.033914753    0.033914757
    2.585170341    0.045389308    0.045389304    0.045389307
    2.645290581    0.068621368    0.068621362    0.068621367
    2.705410822    0.083965530    0.083965509    0.083965525
    2.765531062    0.060340272    0.060340250    0.060340266
    2.825651303    0.036715726    0.036715713    0.036715723
    2.885771543    0.024821660    0.024821653    0.024821658
    2.945891784    0.019462100    0.019462096    0.019462099
    3.006012024    0.017605591    0.017605588    0.017605590
    3.066132265    0.018371408    0.018371406    0.018371408
    3.126252505    0.022379701    0.022379700    0.022379701
    3.186372745    0.031405725    0.031405724    0.031405726
    3.246492986    0.041340291    0.041340292    0.041340292
    3.306613226    0.038304234    0.038304236    0.038304235
    3.366733467    0.035163423    0.035163424    0.035163423
    3.426853707    0.041975909    0.041975909    0.041975908
    3.486973948    0.048878882    0.048878880    0.048878878
    3.547094188    0.038873633    0.038873631    0.038873628
    3.607214429    0.029004324    0.029004322    0.029004321
    3.667334669    0.026607598    0.026607597    0.026607596
    3.727454910    0.030553913    0.030553912    0.030553912
    3.787575150    0.038019415    0.038019413    0.038019414
    3.847695391    0.044673262    0.044673261    0.044673263
    3.907815631    0.038518748    0.038518748    0.038518750
    3.967935872    0.027875967    0.027875967    0.027875968
    4.028056112    0.022665134    0.022665134    0.022665134
    4.088176353    0.020970447    0.020970447    0.020970448
    4.148296593    0.021649955    0.021649954    0.021649955
    4.208416834    0.023418885    0.023418885    0.023418886
    4.268537074    0.025708693    0.025708693    0.025708693
    4.328657315    0.027128593    0.027128593    0.027128593
    4.388777555    0.028856359    0.028856359    0.028856359
    4.448897796    0.031611071    0.031611071    0.031611071
    4.509018036    0.033609979    0.033609979    0.033609979
    4.569138277    0.037338421    0.037338421    0.037338420
    4.629258517    0.047965126    0.047965127    0.047965125
    4.689378758    0.063834237    0.063834238    0.063834236
    4.749498998    0.071522131    0.071522131    0.071522132
    4.809619238    0.085438143    0.085438143    0.085438147
    4.869739479    0.125765828    0.125765827    0.125765834
    4.929859719    0.163966354    0.163966353    0.163966363
    4.989979960    0.135711769    0.135711769    0.135711777
    5.050100200    0.100975976    0.100975976    0.100975981
    5.110220441    0.083299737    0.083299739    0.083299741
    5.170340681    0.077948864    0.077948866    0.077948868
    5.230460922    0.083846828    0.083846829    0.083846831
    5.290581162    0.074946819    0.074946819    0.074946820
    5.350701403    0.058792989    0.058792989    0.058792990
    5.410821643    0.050887409    0.050887409    0.050887410
    5.470941884    0.049444857    0.049444858    0.049444859
    5.531062124    0.050683930    0.050683931    0.050683932
    5.591182365    0.056144203    0.056144204    0.056144205
    5.651302605    0.058140711    0.058140711    0.058140711
    5.711422846    0.055811454    0.055811453    0.055811454
    5.771543086    0.052676771    0.052676770    0.052676770
    5.831663327    0.051586615    0.051586614    0.051586614
    5.891783567    0.055276748    0.055276746    0.055276746
    5.951903808    0.060676155    0.060676153    0.060676153
    6.012024048    0.068981451    0.068981448    0.068981450
    6.072144289    0.072635592    0.072635589    0.072635592
    6.132264529    0.074002637    0.074002634    0.074002637
    6.192384770    0.070046753    0.070046750    0.070046754
    6.252505010    0.064445637    0.064445634    0.064445638
    6.312625251    0.062477597    0.062477594    0.062477598
    6.372745491    0.062778290    0.062778286    0.062778291
    6.432865731    0.071904375    0.071904370    0.071904377
    6.492985972    0.094625880    0.094625872    0.094625882
    6.553106212    0.125884370    0.125884365    0.125884375
    6.613226453    0.147152894    0.147152892    0.147152901
    6.673346693    0.138137326    0.138137325    0.138137332
    6.733466934    0.130004419    0.130004418    0.130004423
    6.793587174    0.118321033    0.118321034    0.118321038
    6.853707415    0.110266368    0.110266368    0.110266373
    6.913827655    0.111833885    0.111833885    0.111833891
    6.973947896    0.114703525    0.114703525    0.114703530
    7.034068136    0.104432153    0.104432154    0.104432158
    7.094188377    0.089404900    0.089404900    0.089404904
    7.154308617    0.081465383    0.081465384    0.081465387
    7.214428858    0.081898266    0.081898266    0.081898271
    7.274549098    0.091823188    0.091823189    0.091823196
    7.334669339    0.098797558    0.098797558    0.098797566
    7.394789579    0.112740280    0.112740279    0.112740290
    7.454909820    0.154740730    0.154740729    0.154740745
    7.515030060    0.215651024    0.215651016    0.215651040
    7.575150301    0.260316639    0.260316620    0.260316649
    7.635270541    0.275800439    0.275800425    0.275800446
    7.695390782    0.231934149    0.231934146    0.231934155
    7.755511022    0.193246370    0.193246370    0.193246375
    7.815631263    0.174132915    0.174132916    0.174132921
    7.875751503    0.176744606    0.176744605    0.176744611
    7.935871743    0.167056018    0.167056016    0.167056020
    7.995991984    0.158933622    0.158933620    0.158933624
    8.056112224    0.170284577    0.170284577    0.170284580
    8.116232465    0.172006450    0.172006449    0.172006453
    8.176352705    0.160047444    0.160047442    0.160047447
    8.236472946    0.149303031    0.149303031    0.149303034
    8.296593186    0.144489147    0.144489148    0.144489152
    8.356713427    0.142066278    0.142066280    0.142066283
    8.416833667    0.151122450    0.151122450    0.151122452
    8.476953908    0.187665288    0.187665285    0.187665288
    8.537074148    0.225297644    0.225297642    0.225297645
    8.597194389    0.240540409    0.240540410    0.240540412
    8.657314629    0.275334920    0.275334923    0.275334929
    8.717434870    0.264342102    0.264342104    0.264342116
    8.777555110    0.206933470    0.206933470    0.206933482
    8.837675351    0.169425808    0.169425807    0.169425817
    8.897795591    0.154352792    0.154352791    0.154352800
    8.957915832    0.144467776    0.144467775    0.144467784
    9.018036072    0.122926071    0.122926071    0.122926078
    9.078156313    0.108561631    0.108561633    0.108561639
    9.138276553    0.107266240    0.107266242    0.107266249
    9.198396794    0.115794745    0.115794749    0.115794758
    9.258517034    0.135192422    0.135192427    0.135192438
    9.318637275    0.150757788    0.150757795    0.150757807
    9.378757515    0.172906868    0.172906877    0.172906891
    9.438877756    0.189797793    0.189797805    0.189797824
    9.498997996    0.213881662    0.213881682    0.213881706
    9.559118236    0.291366022    0.291366057    0.291366093
    9.619238477    0.392247135    0.392247173    0.392247219
    9.679358717    0.410240899    0.410240913    0.410240951
    9.739478958    0.364124454    0.364124446    0.364124467
    9.799599198    0.352904094    0.352904073    0.352904086
    9.859719439    0.387874299    0.387874275    0.387874281
    9.919839679    0.373970916    0.373970901    0.373970902
    9.979959920    0.324443934    0.324443926    0.324443925
   10.040080160    0.279978811    0.279978808    0.279978805
   10.100200401    0.278071001    0.278070998    0.278070996
   10.160320641    0.325588920    0.325588914    0.325588912
   10.220440882    0.347708094    0.347708085    0.347708081
   10.280561122    0.301856399    0.301856391    0.301856385
   10.340681363    0.255083072    0.255083067    0.255083062
   10.400801603    0.228232740    0.228232734    0.228232733
   10.460921844    0.230058034    0.230058026    0.230058029
   10.521042084    0.228234024    0.228234019    0.228234020
   10.581162325    0.230275474    0.230275473    0.230275468
   10.641282565    0.281165874    0.281165876    0.281165864
   10.701402806    0.357259805    0.357259805    0.357259790
   10.761523046    0.406310458    0.406310447    0.406310436
   10.821643287    0.458582111    0.458582084    0.458582073
   10.881763527    0.446300194    0.446300162    0.446300155
   10.941883768    0.389537716    0.389537700    0.389537691
   11.002004008    0.338102157    0.338102164    0.338102151
   11.062124248    0.295738611    0.295738620    0.295738617
   11.122244489    0.271467984    0.271467988    0.271467999
   11.182364729    0.284407483    0.284407485    0.284407509
   11.242484970    0.311263964    0.311263964    0.311263996
   11.302605210    0.297606332    0.297606328    0.297606360
   11.362725451    0.285467412    0.285467405    0.285467441
   11.422845691    0.280484646    0.280484632    0.280484675
   11.482965932    0.307502625    0.307502597    0.307502652
   11.543086172    0.356316783    0.356316744    0.356316809
   11.603206413    0.344998290    0.344998264    0.344998316
   11.663326653    0.284331495    0.284331489    0.284331520
   11.723446894    0.259964563    0.259964569    0.259964586
   11.783567134    0.254566130    0.254566138    0.254566150
   11.843687375    0.229502150    0.229502152    0.229502164
   11.903807615    0.223610538    0.223610536    0.223610549
   11.963927856    0.252303767    0.252303761    0.252303776
   12.024048096    0.323290148    0.323290135    0.323290154
   12.084168337    0.452166841    0.452166820    0.452166842
   12.144288577    0.641153445    0.641153417    0.641153459
   12.204408818    0.819697342    0.819697311    0.819697389
   12.264529058    0.890646571    0.890646541    0.890646612
   12.324649299    0.869964901    0.869964874    0.869964910
   12.384769539    0.925086017    0.925085998    0.925086020
   12.444889780    0.959562813    0.959562832    0.959562853
   12.505010020    0.923839525    0.923839565    0.923839599
   12.565130261    0.833188909    0.833188928    0.833188986
   12.625250501    0.778159882    0.778159890    0.778159958
   12.685370741    0.776758207    0.776758233    0.776758292
   12.745490982    0.784013623    0.784013660    0.784013736
   12.805611222    0.828626480    0.828626524    0.828626625
   12.865731463    0.868599620    0.868599664    0.868599747
   12.925851703    0.862857464    0.862857487    0.862857510
   12.985971944    0.812002285    0.812002286    0.812002291
   13.046092184    0.718517190    0.718517178    0.718517211
   13.106212425    0.663187674    0.663187663    0.663187714
   13.166332665    0.580449476    0.580449482    0.580449517
   13.226452906    0.519562962    0.519562985    0.519562998
   13.286573146    0.536139172    0.536139212    0.536139214
   13.346693387    0.581737447    0.581737487    0.581737500
   13.406813627    0.659813986    0.659814021    0.659814041
   13.466933868    0.778851918    0.778851946    0.778851971
   13.527054108    0.799181504    0.799181532    0.799181552
   13.587174349    0.758947480    0.758947522    0.758947529
   13.647294589    0.783691741    0.783691804    0.783691799
   13.707414830    0.905340531    0.905340603    0.905340611
   13.767535070    1.173651835    1.173651890    1.173651944
   13.827655311    1.636565400    1.636565374    1.636565500
   13.887775551    2.002228631    2.002228464    2.002228658
   13.947895792    2.065089105    2.065088944    2.065089059
   14.008016032    1.907728478    1.907728444    1.907728427
   14.068136273    1.724218842    1.724218902    1.724218821
   14.128256513    1.525168387    1.525168507    1.525168414
   14.188376754    1.312861629    1.312861725    1.312861650
   14.248496994    1.186587740    1.186587806    1.186587758
   14.308617234    1.241543332    1.241543407    1.241543361
   14.368737475    1.383595679    1.383595766    1.383595695
   14.428857715    1.558827986    1.558828075    1.558827948
   14.488977956    1.739475572    1.739475615    1.739475468
   14.549098196    1.810471180    1.810470914    1.810470966
   14.609218437    1.703654806    1.703654375    1.703654559
   14.669338677    1.539266801    1.539266430    1.539266633
   14.729458918    1.630136893    1.630136482    1.630136735
   14.789579158    1.923066565    1.923066098    1.923066291
   14.849699399    2.252441371    2.252440957    2.252440970
   14.909819639    2.418440458    2.418440224    2.418440101
   14.969939880    2.446434441    2.446434338    2.446434219
   15.030060120    2.536506958    2.536506844    2.536506833
   15.090180361    2.367937990    2.367937806    2.367937907
   15.150300601    2.430623550    2.430623300    2.430623451
   15.210420842    2.733981094    2.733980738    2.733980992
   15.270541082    3.196325242    3.196324787    3.196325210
   15.330661323    3.409413134    3.409412710    3.409413180
   15.390781563    3.347626989    3.347626694    3.347626987
   15.450901804    3.183268375    3.183268085    3.183268264
   15.511022044    3.267860825    3.267860429    3.267860703
   15.571142285    3.676444121    3.676443771    3.676444137
   15.631262525    3.854367050    3.854367019    3.854367327
   15.691382766    3.774713184    3.774713235    3.774713469
   15.751503006    4.069757175    4.069757103    4.069757350
   15.811623246    4.407329366    4.407328981    4.407329345
   15.871743487    4.597945645    4.597945022    4.597945546
   15.931863727    4.341783512    4.341783107    4.341783521
   15.991983968    3.828722072    3.828721886    3.828722325
   16.052104208    3.475017976    3.475017849    3.475018310
   16.112224449    3.602678126    3.602677999    3.602678429
   16.172344689    4.013161122    4.013160979    4.013161376
   16.232464930    4.168515325    4.168515290    4.168515474
   16.292585170    4.361936551    4.361936734    4.361936566
   16.352705411    4.368304947    4.368305194    4.368304625
   16.412825651    4.265728042    4.265727861    4.265727380
   16.472945892    4.665063278    4.665062626    4.665062269
   16.533066132    5.209851522    5.209850722    5.209850555
   16.593186373    5.317483703    5.317483100    5.317483115
   16.653306613    5.114711033    5.114710669    5.114710871
   16.713426854    4.640479235    4.640478957    4.640479385
   16.773547094    4.233484526    4.233484202    4.233484704
   16.833667335    4.014624353    4.014624013    4.014624350
   16.893787575    3.956093499    3.956093155    3.956093368
   16.953907816    4.159290400    4.159290258    4.159290433
   17.014028056    4.166707209    4.166707387    4.166707499
   17.074148297    4.113521725    4.113522101    4.113522083
   17.134268537    4.292641213    4.292641702    4.292641599
   17.194388778    4.390448149    4.390448669    4.390448660
   17.254509018    4.436407274    4.436407520    4.436407687
   17.314629259    4.778822259    4.778821974    4.778822456
   17.374749499    5.263338464    5.263337685    5.263338457
   17.434869739    5.813462756    5.813461955    5.813462796
   17.494989980    5.760219174    5.760219001    5.760219581
   17.555110220    5.187013490    5.187014311    5.187013762
   17.615230461    4.690097299    4.690098879    4.690097346
   17.675350701    4.420152319    4.420154047    4.420152826
   17.735470942    4.051242094    4.051243687    4.051243073
   17.795591182    3.710393890    3.710395178    3.710394768
   17.855711423    3.753155667    3.753157164    3.753156518
   17.915831663    3.828183017    3.828184907    3.828183801
   17.975951904    3.950848940    3.950851246    3.950849798
   18.036072144    4.148655272    4.148658226    4.148656606
   18.096192385    3.649323569    3.649326422    3.649324806
   18.156312625    3.189741977    3.189744029    3.189742355
   18.216432866    3.077310044    3.077311638    3.077309622
   18.276553106    2.776868426    2.776869748    2.776867803
   18.336673347    2.132555509    2.132556513    2.132555053
   18.396793587    1.694931107    1.694931906    1.694930738
   18.456913828    1.452326203    1.452326849    1.452325885
   18.517034068    1.367943239    1.367943764    1.367943031
   18.577154309    1.353632351    1.353632840    1.353632249
   18.637274549    1.255308118    1.255308593    1.255308125
   18.697394790    1.262042314    1.262042809    1.262042410
   18.757515030    1.493814115    1.493814750    1.493814292
   18.817635271    1.956097216    1.956098073    1.956097480
   18.877755511    2.335788819    2.335789683    2.335789065
   18.937875752    2.214672735    2.214673105    2.214672684
   18.997995992    1.739434374    1.739434564    1.739434456
   19.058116232    1.425558002    1.425558176    1.425558552
   19.118236473    1.294590418    1.294590489    1.294591695
   19.178356713    1.271129440    1.271129278    1.271131188
   19.238476954    1.258198723    1.258198493    1.258200263
   19.298597194    1.125332541    1.125332537    1.125333750
   19.358717435    0.914450104    0.914450259    0.914450928
   19.418837675    0.791547090    0.791547289    0.791547621
   19.478957916    0.787329530    0.787329771    0.787329906
   19.539078156    0.842025642    0.842026057    0.842025951
   19.599198397    0.813791270    0.813791802    0.813791590
   19.659318637    0.788736203    0.788736641    0.788736630
   19.719438878    0.779006550    0.779006892    0.779007027
   19.779559118    0.853887472    0.853887777    0.853887979
   19.839679359    0.997031856    0.997032113    0.997032374
   19.899799599    1.100350950    1.100351167    1.100351493
   19.959919840    1.061803243    1.061803500    1.061803861
   20.020040080    0.935456596    0.935456977    0.935457184
   20.080160321    0.819217469    0.819217835    0.819217955
   20.140280561    0.759352025    0.759352244    0.759352383
   20.200400802    0.701390867    0.701390948    0.701391108
   20.260521042    0.616019300    0.616019300    0.616019462
   20.320641283    0.519175901    0.519175850    0.519175996
   20.380761523    0.481663267    0.481663148    0.481663236
   20.440881764    0.530933327    0.530933084    0.530933162
   20.501002004    0.543763865    0.543763084    0.543764170
   20.561122244    0.515199465    0.515198354    0.515200454
   20.621242485    0.533201005    0.533200242    0.533201870
   20.681362725    0.559405984    0.559405451    0.559406601
   20.741482966    0.570482730    0.570482373    0.570483192
   20.801603206    0.620251349    0.620251234    0.620251797
   20.861723447    0.638859427    0.638859552    0.638859728
   20.921843687    0.596433770    0.596433983    0.596433815
   20.981963928    0.611528165    0.611528290    0.611528156
   21.042084168    0.632461286    0.632461307    0.632461248
   21.102204409    0.529125999    0.529125972    0.529125965
   21.162324649    0.411602075    0.411602080    0.411602117
   21.222444890    0.342137162    0.342137177    0.342137293
   21.282565130    0.312144633    0.312144609    0.312144866
   21.342685371    0.303382480    0.303382391    0.303382808
   21.402805611    0.305468275    0.305468189    0.305468558
   21.462925852    0.320821087    0.320821009    0.320821212
   21.523046092    0.351572785    0.351572711    0.351572754
   21.583166333    0.385417481    0.385417450    0.385417379
   21.643286573    0.393016408    0.393016467    0.393016195
   21.703406814    0.397703101    0.397703269    0.397702723
   21.763527054    0.370672852    0.370673150    0.370672806
   21.823647295    0.315296777    0.315297380    0.315297385
   21.883767535    0.276678834    0.276680023    0.276680125
   21.943887776    0.256537456    0.256538798    0.256539137
   22.004008016    0.249213380    0.249213953    0.249215066
   22.064128257    0.248198914    0.248198387    0.248201089
   22.124248497    0.243603316    0.243601420    0.243606302
   22.184368737    0.256361019    0.256359143    0.256363748
   22.244488978    0.265458403    0.265457476    0.265460249
   22.304609218    0.261990567    0.261990380    0.261991698
   22.364729459    0.248800278    0.248799876    0.248799243
   22.424849699    0.226100632    0.226098335    0.226094472
   22.484969940    0.216708834    0.216706404    0.216702072
   22.545090180    0.232580214    0.232578963    0.232575746
   22.605210421    0.269763327    0.269762991    0.269759973
   22.665330661    0.250822385    0.250822480    0.250819861
   22.725450902    0.202297925    0.202298047    0.202296348
   22.785571142    0.171742527    0.171742720    0.171741458
   22.845691383    0.152239135    0.152239482    0.152238281
   22.905811623    0.133547061    0.133547541    0.133546530
   22.965931864    0.124061412    0.124061827    0.124061162
   23.026052104    0.129899199    0.129899380    0.129899152
   23.086172345    0.146028646    0.146028642    0.146028784
   23.146292585    0.154957800    0.154957508    0.154957485
   23.206412826    0.169906839    0.169905931    0.169905386
   23.266533066    0.189494114    0.189491994    0.189490726
   23.326653307    0.201945532    0.201941553    0.201939286
   23.386773547    0.213647159    0.213642964    0.213640094
   23.446893788    0.201905340    0.201902556    0.201900452
   23.507014028    0.172113148    0.172111448    0.172110262
   23.567134269    0.146820666    0.146819496    0.146818946
   23.627254509    0.131526378    0.131525411    0.131525351
   23.687374749    0.115368336    0.115367345    0.115367859
   23.747494990    0.099845132    0.099843845    0.099845280
   23.807615230    0.103862211    0.103860225    0.103863187
   23.867735471    0.113506497    0.113503938    0.113508125
   23.927855711    0.106017012    0.106015110    0.106018249
   23.987975952    0.102769311    0.102768084    0.102769900
   24.048096192    0.106751756    0.106750580    0.106751615
   24.108216433    0.099870479    0.099869230    0.099869796
   24.168336673    0.078668364    0.078667435    0.078667705
   24.228456914    0.063338406    0.063337842    0.063337875
   24.288577154    0.060854291    0.060853948    0.060853705
   24.348697395    0.065821008    0.065820789    0.065820304
   24.408817635    0.066006406    0.066006222    0.066005877
   24.468937876    0.065960804    0.065960632    0.065960531
   24.529058116    0.066392707    0.066392579    0.066392577
   24.589178357    0.066467197    0.066467106    0.066467131
   24.649298597    0.061487711    0.061487643    0.061487676
   24.709418838    0.055485294    0.055485230    0.055485254
   24.769539078    0.049674669    0.049674597    0.049674611
   24.829659319    0.044888229    0.044888157    0.044888166
   24.889779559    0.038036838    0.038036782    0.038036789
   24.949899800    0.031965031    0.031964990    0.031964998
   25.010020040    0.029609349    0.029609319    0.029609329
   25.070140281    0.030653058    0.030653038    0.030653052
   25.130260521    0.032271855    0.032271833    0.032271854
   25.190380762    0.034420801    0.034420767    0.034420797
   25.250501002    0.034106203    0.034106161    0.034106194
   25.310621242    0.030339744    0.030339703    0.030339728
   25.370741483    0.028640804    0.028640767    0.028640782
   25.430861723    0.030078826    0.030078786    0.030078796
   25.490981964    0.035119148    0.035119091    0.035119106
   25.551102204    0.044376298    0.044376227    0.044376253
   25.611222445    0.047296008    0.047295976    0.047296017
   25.671342685    0.039320970    0.039320961    0.039321010
   25.731462926    0.033300192    0.033300174    0.033300241
   25.791583166    0.032249842    0.032249799    0.032249915
   25.851703407    0.032335580    0.032335491    0.032335696
   25.911823647    0.031807185    0.031807074    0.031807309
   25.971943888    0.027369444    0.027369423    0.027369557
   26.032064128    0.024400926    0.024401018    0.024401057
   26.092184369    0.023272703    0.023272913    0.023272891
   26.152304609    0.022894706    0.022895089    0.022895000
   26.212424850    0.022503570    0.022504266    0.022504073
   26.272545090    0.024624743    0.024625966    0.024625665
   26.332665331    0.027051094    0.027052818    0.027052378
   26.392785571    0.025789476    0.025791268    0.025790406
   26.452905812    0.024750530    0.024752367    0.024751009
   26.513026052    0.022767957    0.022769345    0.022768166
   26.573146293    0.021335638    0.021336465    0.021335684
   26.633266533    0.020268706    0.020269196    0.020268659
   26.693386774    0.019658418    0.019658721    0.019658287
   26.753507014    0.018148841    0.018149045    0.018148704
   26.813627255    0.015597604    0.015597753    0.015597531
   26.873747495    0.014041975    0.014042088    0.014041941
   26.933867735    0.013218196    0.013218282    0.013218174
   26.993987976    0.012716820    0.012716887    0.012716804
   27.054108216    0.012415929    0.012415983    0.012415921
   27.114228457    0.012507971    0.012508015    0.012507966
   27.174348697    0.013481585    0.013481619    0.013481582
   27.234468938    0.015592909    0.015592935    0.015592905
   27.294589178    0.016774879    0.016774903    0.016774874
   27.354709419    0.016699706    0.016699735    0.016699698
   27.414829659    0.016642447    0.016642479    0.016642434
   27.474949900    0.015076327    0.015076351    0.015076313
   27.535070140    0.014479790    0.014479802    0.014479774
   27.595190381    0.016344285    0.016344284    0.016344260
   27.655310621    0.018730081    0.018730071    0.018730045
   27.715430862    0.017373157    0.017373151    0.017373122
   27.775551102    0.015350003    0.015350000    0.015349971
   27.835671343    0.014847565    0.014847563    0.014847535
   27.895791583    0.014578860    0.014578861    0.014578842
   27.955911824    0.013810393    0.013810397    0.013810383
   28.016032064    0.012902581    0.012902586    0.012902577
   28.076152305    0.011903038    0.011903045    0.011903039
   28.136272545    0.010205611    0.010205618    0.010205612
   28.196392786    0.008877813    0.008877818    0.008877813
   28.256513026    0.008132177    0.008132183    0.008132177
   28.316633267    0.007870703    0.007870711    0.007870700
   28.376753507    0.008056442    0.008056451    0.008056436
   28.436873747    0.008394411    0.008394420    0.008394407
   28.496993988    0.008244360    0.008244367    0.008244358
   28.557114228    0.007587367    0.007587372    0.007587367
   28.617234469    0.007296087    0.007296090    0.007296088
   28.677354709    0.007343397    0.007343398    0.007343398
   28.737474950    0.007393815    0.007393818    0.007393817
   28.797595190    0.007441767    0.007441773    0.007441769
   28.857715431    0.007161871    0.007161879    0.007161872
   28.917835671    0.007094998    0.007095008    0.007094996
   28.977955912    0.007148258    0.007148270    0.007148253
   29.038076152    0.006754007    0.006754019    0.006754004
   29.098196393    0.006456630    0.006456642    0.006456628
   29.158316633    0.006510668    0.006510682    0.006510665
   29.218436874    0.006911302    0.006911318    0.006911297
   29.278557114    0.007366829    0.007366848    0.007366818
   29.338677355    0.007641308    0.007641334    0.007641287
   29.398797595    0.008292876    0.008292913    0.008292838
   29.458917836    0.009385241    0.009385288    0.009385198
   29.519038076    0.010483398    0.010483448    0.010483372
   29.579158317    0.011433651    0.011433692    0.011433634
   29.639278557    0.012181694    0.012181727    0.012181679
   29.699398798    0.011186711    0.011186745    0.011186702
   29.759519038    0.010379675    0.010379716    0.010379671
   29.819639279    0.010301895    0.010301949    0.010301893
   29.879759519    0.011322627    0.011322703    0.011322628
   29.939879760    0.012383577    0.012383703    0.012383620
   30.000000000    0.013094354    0.013094575    0.013094478
